2.801654e+02 0.000000e+00 0.000000e+00 0.000000e+00 0.000000e+00
2.802050e+02 0.000000e+00 0.000000e+00 0.000000e+00 0.000000e+00
2.802447e+02 0.000000e+00 0.000000e+00 0.000000e+00 0.000000e+00
2.802843e+02 0.000000e+00 0.000000e+00 0.000000e+00 0.000000e+00
2.803239e+02 0.000000e+00 0.000000e+00 0.000000e+00 0.000000e+00
2.803635e+02 0.000000e+00 0.000000e+00 0.000000e+00 0.000000e+00
2.804031e+02 0.000000e+00 0.000000e+00 0.000000e+00 0.000000e+00
2.804427e+02 0.000000e+00 0.000000e+00 0.000000e+00 0.000000e+00
2.804823e+02 0.000000e+00 0.000000e+00 0.000000e+00 0.000000e+00
2.805220e+02 0.000000e+00 0.000000e+00 0.000000e+00 0.000000e+00
2.805616e+02 0.000000e+00 0.000000e+00 0.000000e+00 0.000000e+00
2.806012e+02 0.000000e+00 0.000000e+00 0.000000e+00 0.000000e+00
2.806408e+02 0.000000e+00 0.000000e+00 0.000000e+00 0.000000e+00
2.806804e+02 0.000000e+00 0.000000e+00 0.000000e+00 0.000000e+00
2.807200e+02 0.000000e+00 0.000000e+00 0.000000e+00 0.000000e+00
2.807596e+02 0.000000e+00 0.000000e+00 0.000000e+00 0.000000e+00
2.807993e+02 0.000000e+00 0.000000e+00 0.000000e+00 0.000000e+00
2.808389e+02 0.000000e+00 0.000000e+00 0.000000e+00 0.000000e+00
2.808785e+02 0.000000e+00 0.000000e+00 0.000000e+00 0.000000e+00
2.809181e+02 0.000000e+00 0.000000e+00 0.000000e+00 0.000000e+00
2.809577e+02 0.000000e+00 0.000000e+00 0.000000e+00 0.000000e+00
2.809973e+02 0.000000e+00 0.000000e+00 0.000000e+00 0.000000e+00
2.810369e+02 0.000000e+00 0.000000e+00 0.000000e+00 0.000000e+00
2.810765e+02 0.000000e+00 0.000000e+00 0.000000e+00 0.000000e+00
2.811162e+02 0.000000e+00 0.000000e+00 0.000000e+00 0.000000e+00
2.811558e+02 0.000000e+00 0.000000e+00 0.000000e+00 0.000000e+00
2.811954e+02 0.000000e+00 0.000000e+00 0.000000e+00 0.000000e+00
2.812350e+02 0.000000e+00 0.000000e+00 0.000000e+00 0.000000e+00
2.812746e+02 0.000000e+00 0.000000e+00 0.000000e+00 0.000000e+00
2.813142e+02 0.000000e+00 0.000000e+00 0.000000e+00 0.000000e+00
2.813538e+02 0.000000e+00 0.000000e+00 0.000000e+00 0.000000e+00
2.813935e+02 0.000000e+00 0.000000e+00 0.000000e+00 0.000000e+00
2.814331e+02 0.000000e+00 0.000000e+00 0.000000e+00 0.000000e+00
2.814727e+02 0.000000e+00 0.000000e+00 0.000000e+00 0.000000e+00
2.815123e+02 0.000000e+00 0.000000e+00 0.000000e+00 0.000000e+00
2.815519e+02 0.000000e+00 0.000000e+00 0.000000e+00 0.000000e+00
2.815915e+02 0.000000e+00 0.000000e+00 0.000000e+00 0.000000e+00
2.816311e+02 0.000000e+00 0.000000e+00 0.000000e+00 0.000000e+00
2.816708e+02 0.000000e+00 0.000000e+00 0.000000e+00 0.000000e+00
2.817104e+02 0.000000e+00 0.000000e+00 0.000000e+00 0.000000e+00
2.817500e+02 0.000000e+00 0.000000e+00 0.000000e+00 0.000000e+00
2.817896e+02 0.000000e+00 0.000000e+00 0.000000e+00 0.000000e+00
2.818292e+02 0.000000e+00 0.000000e+00 0.000000e+00 0.000000e+00
2.818688e+02 0.000000e+00 0.000000e+00 0.000000e+00 0.000000e+00
2.819084e+02 0.000000e+00 0.000000e+00 0.000000e+00 0.000000e+00
2.819481e+02 0.000000e+00 0.000000e+00 0.000000e+00 0.000000e+00
2.819877e+02 0.000000e+00 0.000000e+00 0.000000e+00 0.000000e+00
2.820273e+02 0.000000e+00 0.000000e+00 0.000000e+00 0.000000e+00
2.820669e+02 0.000000e+00 0.000000e+00 0.000000e+00 0.000000e+00
2.821065e+02 0.000000e+00 0.000000e+00 0.000000e+00 0.000000e+00
2.821461e+02 0.000000e+00 0.000000e+00 0.000000e+00 0.000000e+00
2.821857e+02 0.000000e+00 0.000000e+00 0.000000e+00 0.000000e+00
2.822254e+02 0.000000e+00 0.000000e+00 0.000000e+00 0.000000e+00
2.822650e+02 0.000000e+00 0.000000e+00 0.000000e+00 0.000000e+00
2.823046e+02 0.000000e+00 0.000000e+00 0.000000e+00 0.000000e+00
2.823442e+02 0.000000e+00 0.000000e+00 0.000000e+00 0.000000e+00
2.823838e+02 0.000000e+00 0.000000e+00 0.000000e+00 0.000000e+00
2.824234e+02 0.000000e+00 0.000000e+00 0.000000e+00 0.000000e+00
2.824630e+02 0.000000e+00 0.000000e+00 0.000000e+00 0.000000e+00
2.825027e+02 0.000000e+00 0.000000e+00 0.000000e+00 0.000000e+00
2.825423e+02 0.000000e+00 0.000000e+00 0.000000e+00 0.000000e+00
2.825819e+02 0.000000e+00 0.000000e+00 0.000000e+00 0.000000e+00
2.826215e+02 0.000000e+00 0.000000e+00 0.000000e+00 0.000000e+00
2.826611e+02 0.000000e+00 0.000000e+00 0.000000e+00 0.000000e+00
2.827007e+02 0.000000e+00 0.000000e+00 0.000000e+00 0.000000e+00
2.827403e+02 0.000000e+00 0.000000e+00 0.000000e+00 0.000000e+00
2.827800e+02 0.000000e+00 0.000000e+00 0.000000e+00 0.000000e+00
2.828196e+02 0.000000e+00 0.000000e+00 0.000000e+00 0.000000e+00
2.828592e+02 0.000000e+00 0.000000e+00 0.000000e+00 0.000000e+00
2.828988e+02 0.000000e+00 0.000000e+00 0.000000e+00 0.000000e+00
2.829384e+02 0.000000e+00 0.000000e+00 0.000000e+00 0.000000e+00
2.829780e+02 0.000000e+00 0.000000e+00 0.000000e+00 0.000000e+00
2.830176e+02 0.000000e+00 0.000000e+00 0.000000e+00 0.000000e+00
2.830572e+02 0.000000e+00 0.000000e+00 0.000000e+00 0.000000e+00
2.830969e+02 0.000000e+00 0.000000e+00 0.000000e+00 0.000000e+00
2.831365e+02 0.000000e+00 0.000000e+00 0.000000e+00 0.000000e+00
2.831761e+02 0.000000e+00 0.000000e+00 0.000000e+00 0.000000e+00
2.832157e+02 0.000000e+00 0.000000e+00 0.000000e+00 0.000000e+00
2.832553e+02 0.000000e+00 0.000000e+00 0.000000e+00 0.000000e+00
2.832949e+02 0.000000e+00 0.000000e+00 0.000000e+00 0.000000e+00
2.833345e+02 0.000000e+00 0.000000e+00 0.000000e+00 0.000000e+00
2.833742e+02 0.000000e+00 0.000000e+00 0.000000e+00 0.000000e+00
2.834138e+02 7.778194e-10 3.523361e-16 9.527754e-16 2.333457e-09
2.834534e+02 1.692458e-09 7.664565e-16 2.074391e-15 5.077371e-09
2.834930e+02 3.618972e-09 1.638498e-15 4.438323e-15 1.085691e-08
2.835326e+02 7.604675e-09 3.442169e-15 9.332008e-15 2.281401e-08
2.835722e+02 1.570378e-08 7.106351e-15 1.928232e-14 4.711132e-08
2.836118e+02 3.186809e-08 1.441747e-14 3.915359e-14 9.560422e-08
2.836515e+02 6.355300e-08 2.874482e-14 7.812892e-14 1.906589e-07
2.836911e+02 1.245501e-07 5.631940e-14 1.532075e-13 3.736502e-07
2.837307e+02 2.398725e-07 1.084388e-13 2.952409e-13 7.196171e-07
2.837703e+02 4.539886e-07 2.051819e-13 5.591146e-13 1.361965e-06
2.838099e+02 8.443794e-07 3.815238e-13 1.040527e-12 2.533137e-06
2.838495e+02 1.543329e-06 6.971596e-13 1.902978e-12 4.629984e-06
2.838891e+02 2.772091e-06 1.251903e-12 3.420126e-12 8.316268e-06
2.839288e+02 4.893106e-06 2.209212e-12 6.040579e-12 1.467931e-05
2.839684e+02 8.487700e-06 3.831176e-12 1.048439e-11 2.546308e-05
2.840080e+02 1.446850e-05 6.529123e-12 1.788280e-11 4.340548e-05
2.840476e+02 2.423736e-05 1.093467e-11 2.997479e-11 7.271203e-05
2.840872e+02 3.990021e-05 1.799635e-11 4.937473e-11 1.197006e-04
2.841268e+02 6.454955e-05 2.910658e-11 7.992476e-11 1.936485e-04
2.841664e+02 1.026218e-04 4.626217e-11 1.271411e-10 3.078651e-04
2.842061e+02 1.603297e-04 7.225848e-11 1.987553e-10 4.809888e-04
2.842457e+02 2.461595e-04 1.109129e-10 3.053372e-10 7.384780e-04
2.842853e+02 3.714046e-04 1.673024e-10 4.609656e-10 1.114213e-03
2.843249e+02 5.506889e-04 2.479995e-10 6.838888e-10 1.652066e-03
2.843645e+02 8.024047e-04 3.612668e-10 9.970813e-10 2.407213e-03
2.844041e+02 1.148970e-03 5.171713e-10 1.428577e-09 3.446909e-03
2.844437e+02 1.616785e-03 7.275625e-10 2.016415e-09 4.850353e-03
2.844834e+02 2.235754e-03 1.005857e-09 2.821164e-09 6.707259e-03
2.845230e+02 3.038253e-03 1.366576e-09 3.927491e-09 9.114755e-03
2.845626e+02 4.057440e-03 1.824584e-09 5.394055e-09 1.217231e-02
2.846022e+02 5.324862e-03 2.394023e-09 7.420144e-09 1.597458e-02
2.846418e+02 6.867408e-03 3.086958e-09 1.022998e-08 2.060221e-02
2.846814e+02 8.703733e-03 3.911785e-09 1.430240e-08 2.611118e-02
2.847210e+02 1.084043e-02 4.871554e-09 2.052866e-08 3.252126e-02
2.847607e+02 1.326831e-02 5.962350e-09 3.055095e-08 3.980489e-02
2.848003e+02 1.595926e-02 7.171965e-09 4.740629e-08 4.787774e-02
2.848399e+02 1.886420e-02 8.479083e-09 7.663220e-08 5.659252e-02
2.848795e+02 2.191252e-02 9.853208e-09 1.281491e-07 6.573742e-02
2.849191e+02 2.501350e-02 1.125551e-08 2.193893e-07 7.504028e-02
2.849587e+02 2.805984e-02 1.264070e-08 3.803746e-07 8.417913e-02
2.849983e+02 3.093318e-02 1.395987e-08 6.617694e-07 9.279886e-02
2.850379e+02 3.351142e-02 1.516424e-08 1.147325e-06 1.005331e-01
2.850776e+02 3.567717e-02 1.620954e-08 1.972636e-06 1.070295e-01
2.851172e+02 3.732658e-02 1.706053e-08 3.352726e-06 1.119764e-01
2.851568e+02 3.837756e-02 1.769552e-08 5.621384e-06 1.151270e-01
2.851964e+02 3.877663e-02 1.811005e-08 9.285752e-06 1.163206e-01
2.852360e+02 3.850344e-02 1.831979e-08 1.509974e-05 1.154952e-01
2.852756e+02 3.757261e-02 1.836197e-08 2.415928e-05 1.126937e-01
2.853152e+02 3.603254e-02 1.829549e-08 3.802147e-05 1.080596e-01
2.853549e+02 3.396135e-02 1.819965e-08 5.884694e-05 1.018252e-01
2.853945e+02 3.146057e-02 1.817172e-08 8.956148e-05 9.429213e-02
2.854341e+02 2.864709e-02 1.832386e-08 1.340272e-04 8.580722e-02
2.854737e+02 2.564449e-02 1.878072e-08 1.972073e-04 7.673623e-02
2.855133e+02 2.257447e-02 1.967763e-08 2.853011e-04 6.743810e-02
2.855529e+02 1.954937e-02 2.116178e-08 4.058179e-04 5.824228e-02
2.855925e+02 1.666621e-02 2.339765e-08 5.675529e-04 4.943104e-02
2.856322e+02 1.400273e-02 2.657757e-08 7.804254e-04 4.122773e-02
2.856718e+02 1.161556e-02 3.094289e-08 1.055142e-03 3.379151e-02
2.857114e+02 9.540188e-03 3.681449e-08 1.402655e-03 2.721787e-02
2.857510e+02 7.792539e-03 4.463955e-08 1.833408e-03 2.154416e-02
2.857906e+02 6.371635e-03 5.505440e-08 2.356385e-03 1.675847e-02
2.858302e+02 5.262884e-03 6.897135e-08 2.977998e-03 1.281058e-02
2.858698e+02 4.441515e-03 8.768915e-08 3.700915e-03 9.623544e-03
2.859095e+02 3.875857e-03 1.130320e-07 4.522930e-03 7.104527e-03
2.859491e+02 3.530172e-03 1.475176e-07 5.436014e-03 5.154356e-03
2.859887e+02 3.366983e-03 1.945559e-07 6.425711e-03 3.675044e-03
2.860283e+02 3.348839e-03 2.586752e-07 7.471009e-03 2.575250e-03
2.860679e+02 3.439622e-03 3.457702e-07 8.544799e-03 1.773721e-03
2.861075e+02 3.605481e-03 4.633662e-07 9.614974e-03 1.201005e-03
2.861471e+02 3.815519e-03 6.208849e-07 1.064614e-02 7.997930e-04
2.861868e+02 4.042332e-03 8.299046e-07 1.160187e-02 5.242913e-04
2.862264e+02 4.262443e-03 1.104394e-06 1.244724e-02 3.389813e-04
2.862660e+02 4.456685e-03 1.460909e-06 1.315151e-02 2.170845e-04
2.863056e+02 4.610477e-03 1.918740e-06 1.369056e-02 1.389557e-04
2.863452e+02 4.713988e-03 2.500006e-06 1.404890e-02 9.056659e-05
2.863848e+02 4.762116e-03 3.229678e-06 1.422095e-02 6.216979e-05
2.864244e+02 4.754256e-03 4.135560e-06 1.421145e-02 4.718362e-05
2.864641e+02 4.693829e-03 5.248217e-06 1.403494e-02 4.130167e-05
2.865037e+02 4.587601e-03 6.600877e-06 1.371440e-02 4.180746e-05
2.865433e+02 4.444810e-03 8.229314e-06 1.327914e-02 4.706359e-05
2.865829e+02 4.276191e-03 1.017174e-05 1.276226e-02 5.614115e-05
2.866225e+02 4.092976e-03 1.246867e-05 1.219790e-02 6.855693e-05
2.866621e+02 3.905965e-03 1.516283e-05 1.161864e-02 8.409057e-05
2.867017e+02 3.724735e-03 1.829896e-05 1.105325e-02 1.026593e-04
2.867414e+02 3.557063e-03 2.192355e-05 1.052503e-02 1.242334e-04
2.867810e+02 3.408583e-03 2.608445e-05 1.005088e-02 1.487815e-04
2.868206e+02 3.282685e-03 3.083019e-05 9.640988e-03 1.762360e-04
2.868602e+02 3.180629e-03 3.620899e-05 9.299204e-03 2.064747e-04
2.868998e+02 3.101833e-03 4.226745e-05 9.023917e-03 2.393157e-04
2.869394e+02 3.044270e-03 4.904878e-05 8.809239e-03 2.745214e-04
2.869790e+02 3.004916e-03 5.659071e-05 8.646344e-03 3.118124e-04
2.870186e+02 2.980202e-03 6.492311e-05 8.524795e-03 3.508870e-04
2.870583e+02 2.966412e-03 7.406544e-05 8.433723e-03 3.914488e-04
2.870979e+02 2.960012e-03 8.402445e-05 8.362775e-03 4.332355e-04
2.871375e+02 2.957877e-03 9.479210e-05 8.302792e-03 4.760477e-04
2.871771e+02 2.957449e-03 1.063443e-04 8.246220e-03 5.197809e-04
2.872167e+02 2.956794e-03 1.186405e-04 8.187293e-03 5.644491e-04
2.872563e+02 2.954616e-03 1.316248e-04 8.122020e-03 6.102018e-04
2.872959e+02 2.950208e-03 1.452277e-04 8.048064e-03 6.573320e-04
2.873356e+02 2.943391e-03 1.593702e-04 7.964532e-03 7.062701e-04
2.873752e+02 2.934428e-03 1.739681e-04 7.871749e-03 7.575656e-04
2.874148e+02 2.923940e-03 1.889381e-04 7.771027e-03 8.118541e-04
2.874544e+02 2.912821e-03 2.042039e-04 7.664447e-03 8.698125e-04
2.874940e+02 2.902157e-03 2.197021e-04 7.554662e-03 9.321057e-04
2.875336e+02 2.893144e-03 2.353886e-04 7.444717e-03 9.993278e-04
2.875732e+02 2.887019e-03 2.512422e-04 7.337870e-03 1.071946e-03
2.876129e+02 2.884980e-03 2.672681e-04 7.237421e-03 1.150252e-03
2.876525e+02 2.888116e-03 2.834979e-04 7.146528e-03 1.234324e-03
2.876921e+02 2.897339e-03 2.999888e-04 7.068018e-03 1.324010e-03
2.877317e+02 2.913318e-03 3.168191e-04 7.004204e-03 1.418932e-03
2.877713e+02 2.936433e-03 3.340824e-04 6.956711e-03 1.518506e-03
2.878109e+02 2.966730e-03 3.518804e-04 6.926320e-03 1.621989e-03
2.878505e+02 3.003905e-03 3.703135e-04 6.912865e-03 1.728536e-03
2.878902e+02 3.047306e-03 3.894724e-04 6.915173e-03 1.837274e-03
2.879298e+02 3.095961e-03 4.094291e-04 6.931078e-03 1.947375e-03
2.879694e+02 3.148625e-03 4.302297e-04 6.957507e-03 2.058139e-03
2.880090e+02 3.203863e-03 4.518890e-04 6.990630e-03 2.169069e-03
2.880486e+02 3.260136e-03 4.743879e-04 7.026081e-03 2.279939e-03
2.880882e+02 3.315918e-03 4.976732e-04 7.059215e-03 2.390864e-03
2.881278e+02 3.369809e-03 5.216602e-04 7.085407e-03 2.502358e-03
2.881675e+02 3.420656e-03 5.462394e-04 7.100337e-03 2.615390e-03
2.882071e+02 3.467663e-03 5.712834e-04 7.100270e-03 2.731437e-03
2.882467e+02 3.510493e-03 5.966573e-04 7.082281e-03 2.852540e-03
2.882863e+02 3.549341e-03 6.222293e-04 7.044435e-03 2.981360e-03
2.883259e+02 3.584998e-03 6.478809e-04 6.985885e-03 3.121228e-03
2.883655e+02 3.618876e-03 6.735168e-04 6.906899e-03 3.276212e-03
2.884051e+02 3.653019e-03 6.990735e-04 6.808823e-03 3.451161e-03
2.884448e+02 3.690083e-03 7.245253e-04 6.693960e-03 3.651763e-03
2.884844e+02 3.733293e-03 7.498880e-04 6.565418e-03 3.884573e-03
2.885240e+02 3.786380e-03 7.752204e-04 6.426900e-03 4.157020e-03
2.885636e+02 3.853491e-03 8.006227e-04 6.282484e-03 4.477367e-03
2.886032e+02 3.939077e-03 8.262327e-04 6.136395e-03 4.854602e-03
2.886428e+02 4.047748e-03 8.522196e-04 5.992790e-03 5.298236e-03
2.886824e+02 4.184102e-03 8.787762e-04 5.855557e-03 5.817973e-03
2.887221e+02 4.352505e-03 9.061091e-04 5.728165e-03 6.423241e-03
2.887617e+02 4.556839e-03 9.344279e-04 5.613544e-03 7.122546e-03
2.888013e+02 4.800206e-03 9.639343e-04 5.514015e-03 7.922670e-03
2.888409e+02 5.084599e-03 9.948106e-04 5.431267e-03 8.827719e-03
2.888805e+02 5.410556e-03 1.027210e-03 5.366377e-03 9.838080e-03
2.889201e+02 5.776821e-03 1.061246e-03 5.319859e-03 1.094936e-02
2.889597e+02 6.180049e-03 1.096988e-03 5.291743e-03 1.215142e-02
2.889993e+02 6.614582e-03 1.134460e-03 5.281665e-03 1.342762e-02
2.890390e+02 7.072355e-03 1.173635e-03 5.288963e-03 1.475447e-02
2.890786e+02 7.542958e-03 1.214443e-03 5.312758e-03 1.610167e-02
2.891182e+02 8.013885e-03 1.256774e-03 5.352029e-03 1.743285e-02
2.891578e+02 8.470989e-03 1.300485e-03 5.405652e-03 1.870683e-02
2.891974e+02 8.899129e-03 1.345411e-03 5.472436e-03 1.987954e-02
2.892370e+02 9.282981e-03 1.391365e-03 5.551124e-03 2.090645e-02
2.892766e+02 9.607956e-03 1.438146e-03 5.640391e-03 2.174533e-02
2.893163e+02 9.861152e-03 1.485538e-03 5.738833e-03 2.235908e-02
2.893559e+02 1.003225e-02 1.533309e-03 5.844962e-03 2.271849e-02
2.893955e+02 1.011429e-02 1.581208e-03 5.957210e-03 2.280446e-02
2.894351e+02 1.010418e-02 1.628961e-03 6.073959e-03 2.260962e-02
2.894747e+02 1.000299e-02 1.676271e-03 6.193580e-03 2.213911e-02
2.895143e+02 9.815877e-03 1.722817e-03 6.314499e-03 2.141032e-02
2.895539e+02 9.551763e-03 1.768266e-03 6.435274e-03 2.045175e-02
2.895936e+02 9.222676e-03 1.812283e-03 6.554664e-03 1.930108e-02
2.896332e+02 8.842931e-03 1.854552e-03 6.671702e-03 1.800254e-02
2.896728e+02 8.428156e-03 1.894801e-03 6.785738e-03 1.660393e-02
2.897124e+02 7.994291e-03 1.932827e-03 6.896449e-03 1.515360e-02
2.897520e+02 7.556633e-03 1.968521e-03 7.003816e-03 1.369756e-02
2.897916e+02 7.129022e-03 2.001884e-03 7.108060e-03 1.227712e-02
2.898312e+02 6.723196e-03 2.033048e-03 7.209545e-03 1.092700e-02
2.898709e+02 6.348388e-03 2.062271e-03 7.308664e-03 9.674228e-03
2.899105e+02 6.011129e-03 2.089935e-03 7.405718e-03 8.537733e-03
2.899501e+02 5.715281e-03 2.116526e-03 7.500809e-03 7.528510e-03
2.899897e+02 5.462246e-03 2.142607e-03 7.593764e-03 6.650366e-03
2.900293e+02 5.251304e-03 2.168789e-03 7.684108e-03 5.901016e-03
2.900689e+02 5.080056e-03 2.195689e-03 7.771084e-03 5.273395e-03
2.901085e+02 4.944889e-03 2.223898e-03 7.853728e-03 4.757042e-03
2.901482e+02 4.841451e-03 2.253945e-03 7.930992e-03 4.339416e-03
2.901878e+02 4.765076e-03 2.286272e-03 8.001889e-03 4.007067e-03
2.902274e+02 4.711154e-03 2.321212e-03 8.065654e-03 3.746596e-03
2.902670e+02 4.675419e-03 2.358985e-03 8.121895e-03 3.545376e-03
2.903066e+02 4.654144e-03 2.399695e-03 8.170703e-03 3.392034e-03
2.903462e+02 4.644269e-03 2.443346e-03 8.212732e-03 3.276730e-03
2.903858e+02 4.643437e-03 2.489860e-03 8.249204e-03 3.191246e-03
2.904255e+02 4.649978e-03 2.539114e-03 8.281874e-03 3.128947e-03
2.904651e+02 4.662847e-03 2.590967e-03 8.312933e-03 3.084641e-03
2.905047e+02 4.681519e-03 2.645299e-03 8.344875e-03 3.054383e-03
2.905443e+02 4.705879e-03 2.702050e-03 8.380331e-03 3.035255e-03
2.905839e+02 4.736098e-03 2.761248e-03 8.421899e-03 3.025146e-03
2.906235e+02 4.772517e-03 2.823036e-03 8.471974e-03 3.022543e-03
2.906631e+02 4.815546e-03 2.887686e-03 8.532592e-03 3.026360e-03
2.907028e+02 4.865569e-03 2.955606e-03 8.605309e-03 3.035793e-03
2.907424e+02 4.922881e-03 3.027336e-03 8.691099e-03 3.050207e-03
2.907820e+02 4.987630e-03 3.103541e-03 8.790299e-03 3.069051e-03
2.908216e+02 5.059793e-03 3.184991e-03 8.902580e-03 3.091807e-03
2.908612e+02 5.139155e-03 3.272550e-03 9.026969e-03 3.117948e-03
2.909008e+02 5.225319e-03 3.367158e-03 9.161885e-03 3.146915e-03
2.909404e+02 5.317724e-03 3.469831e-03 9.305231e-03 3.178109e-03
2.909800e+02 5.415680e-03 3.581659e-03 9.454495e-03 3.210887e-03
2.910197e+02 5.518427e-03 3.703818e-03 9.606894e-03 3.244569e-03
2.910593e+02 5.625189e-03 3.837599e-03 9.759514e-03 3.278455e-03
2.910989e+02 5.735249e-03 3.984430e-03 9.909479e-03 3.311837e-03
2.911385e+02 5.848016e-03 4.145917e-03 1.005410e-02 3.344033e-03
2.911781e+02 5.963097e-03 4.323875e-03 1.019101e-02 3.374408e-03
2.912177e+02 6.080343e-03 4.520350e-03 1.031827e-02 3.402409e-03
2.912573e+02 6.199890e-03 4.737631e-03 1.043444e-02 3.427595e-03
2.912970e+02 6.322162e-03 4.978241e-03 1.053859e-02 3.449656e-03
2.913366e+02 6.447862e-03 5.244907e-03 1.063025e-02 3.468433e-03
2.913762e+02 6.577921e-03 5.540500e-03 1.070934e-02 3.483923e-03
2.914158e+02 6.713433e-03 5.867957e-03 1.077606e-02 3.496277e-03
2.914554e+02 6.855569e-03 6.230183e-03 1.083074e-02 3.505780e-03
2.914950e+02 7.005484e-03 6.629935e-03 1.087369e-02 3.512825e-03
2.915346e+02 7.164221e-03 7.069702e-03 1.090508e-02 3.517883e-03
2.915743e+02 7.332640e-03 7.551591e-03 1.092487e-02 3.521462e-03
2.916139e+02 7.511351e-03 8.077223e-03 1.093276e-02 3.524071e-03
2.916535e+02 7.700684e-03 8.647638e-03 1.092823e-02 3.526185e-03
2.916931e+02 7.900688e-03 9.263237e-03 1.091061e-02 3.528222e-03
2.917327e+02 8.111144e-03 9.923730e-03 1.087918e-02 3.530519e-03
2.917723e+02 8.331612e-03 1.062812e-02 1.083339e-02 3.533329e-03
2.918119e+02 8.561478e-03 1.137469e-02 1.077292e-02 3.536820e-03
2.918516e+02 8.800008e-03 1.216103e-02 1.069791e-02 3.541081e-03
2.918912e+02 9.046390e-03 1.298402e-02 1.060901e-02 3.546140e-03
2.919308e+02 9.299756e-03 1.383986e-02 1.050744e-02 3.551972e-03
2.919704e+02 9.559187e-03 1.472406e-02 1.039497e-02 3.558522e-03
2.920100e+02 9.823691e-03 1.563148e-02 1.027388e-02 3.565709e-03
2.920496e+02 1.009216e-02 1.655626e-02 1.014677e-02 3.573438e-03
2.920892e+02 1.036330e-02 1.749185e-02 1.001644e-02 3.581602e-03
2.921289e+02 1.063557e-02 1.843098e-02 9.885647e-03 3.590086e-03
2.921685e+02 1.090715e-02 1.936570e-02 9.756985e-03 3.598764e-03
2.922081e+02 1.117583e-02 2.028734e-02 9.632660e-03 3.607500e-03
2.922477e+02 1.143905e-02 2.118660e-02 9.514384e-03 3.616150e-03
2.922873e+02 1.169385e-02 2.205367e-02 9.403295e-03 3.624567e-03
2.923269e+02 1.193695e-02 2.287831e-02 9.299921e-03 3.632612e-03
2.923665e+02 1.216481e-02 2.365006e-02 9.204213e-03 3.640160e-03
2.924062e+02 1.237374e-02 2.435849e-02 9.115609e-03 3.647113e-03
2.924458e+02 1.256000e-02 2.499344e-02 9.033137e-03 3.653412e-03
2.924854e+02 1.271998e-02 2.554536e-02 8.955543e-03 3.659045e-03
2.925250e+02 1.285036e-02 2.600560e-02 8.881420e-03 3.664049e-03
2.925646e+02 1.294821e-02 2.636677e-02 8.809337e-03 3.668510e-03
2.926042e+02 1.301118e-02 2.662302e-02 8.737952e-03 3.672560e-03
2.926438e+02 1.303761e-02 2.677036e-02 8.666106e-03 3.676365e-03
2.926835e+02 1.302662e-02 2.680686e-02 8.592897e-03 3.680119e-03
2.927231e+02 1.297821e-02 2.673288e-02 8.517720e-03 3.684028e-03
2.927627e+02 1.289326e-02 2.655118e-02 8.440297e-03 3.688305e-03
2.928023e+02 1.277358e-02 2.626691e-02 8.360674e-03 3.693158e-03
2.928419e+02 1.262186e-02 2.588760e-02 8.279213e-03 3.698778e-03
2.928815e+02 1.244163e-02 2.542300e-02 8.196561e-03 3.705339e-03
2.929211e+02 1.223714e-02 2.488481e-02 8.113615e-03 3.712982e-03
2.929607e+02 1.201320e-02 2.428633e-02 8.031470e-03 3.721809e-03
2.930004e+02 1.177509e-02 2.364204e-02 7.951365e-03 3.731872e-03
2.930400e+02 1.152828e-02 2.296708e-02 7.874617e-03 3.743156e-03
2.930796e+02 1.127826e-02 2.227666e-02 7.802552e-03 3.755569e-03
2.931192e+02 1.103029e-02 2.158551e-02 7.736432e-03 3.768931e-03
2.931588e+02 1.078922e-02 2.090731e-02 7.677373e-03 3.782966e-03
2.931984e+02 1.055926e-02 2.025419e-02 7.626275e-03 3.797307e-03
2.932380e+02 1.034384e-02 1.963624e-02 7.583756e-03 3.811508e-03
2.932777e+02 1.014549e-02 1.906131e-02 7.550104e-03 3.825060e-03
2.933173e+02 9.965795e-03 1.853471e-02 7.525243e-03 3.837426e-03
2.933569e+02 9.805366e-03 1.805928e-02 7.508739e-03 3.848081e-03
2.933965e+02 9.663928e-03 1.763541e-02 7.499823e-03 3.856549e-03
2.934361e+02 9.540420e-03 1.726136e-02 7.497453e-03 3.862451e-03
2.934757e+02 9.433160e-03 1.693354e-02 7.500406e-03 3.865536e-03
2.935153e+02 9.340033e-03 1.664701e-02 7.507381e-03 3.865713e-03
2.935550e+02 9.258701e-03 1.639592e-02 7.517118e-03 3.863063e-03
2.935946e+02 9.186808e-03 1.617406e-02 7.528519e-03 3.857840e-03
2.936342e+02 9.122172e-03 1.597533e-02 7.540737e-03 3.850453e-03
2.936738e+02 9.062939e-03 1.579413e-02 7.553250e-03 3.841437e-03
2.937134e+02 9.007693e-03 1.562577e-02 7.565893e-03 3.831414e-03
2.937530e+02 8.955509e-03 1.546664e-02 7.578842e-03 3.821041e-03
2.937926e+02 8.905953e-03 1.531433e-02 7.592565e-03 3.810962e-03
2.938323e+02 8.859018e-03 1.516756e-02 7.607734e-03 3.801755e-03
2.938719e+02 8.815022e-03 1.502606e-02 7.625112e-03 3.793895e-03
2.939115e+02 8.774469e-03 1.489025e-02 7.645434e-03 3.787719e-03
2.939511e+02 8.737891e-03 1.476096e-02 7.669295e-03 3.783413e-03
2.939907e+02 8.705698e-03 1.463904e-02 7.697050e-03 3.781007e-03
2.940303e+02 8.678047e-03 1.452499e-02 7.728754e-03 3.780394e-03
2.940699e+02 8.654743e-03 1.441875e-02 7.764133e-03 3.781350e-03
2.941096e+02 8.635189e-03 1.431939e-02 7.802599e-03 3.783580e-03
2.941492e+02 8.618383e-03 1.422510e-02 7.843294e-03 3.786753e-03
2.941888e+02 8.602962e-03 1.413316e-02 7.885173e-03 3.790547e-03
2.942284e+02 8.587284e-03 1.404007e-02 7.927095e-03 3.794684e-03
2.942680e+02 8.569545e-03 1.394175e-02 7.967925e-03 3.798960e-03
2.943076e+02 8.547901e-03 1.383382e-02 8.006628e-03 3.803254e-03
2.943472e+02 8.520598e-03 1.371191e-02 8.042351e-03 3.807530e-03
2.943869e+02 8.486088e-03 1.357198e-02 8.074464e-03 3.811820e-03
2.944265e+02 8.443125e-03 1.341059e-02 8.102585e-03 3.816204e-03
2.944661e+02 8.390834e-03 1.322517e-02 8.126561e-03 3.820771e-03
2.945057e+02 8.328754e-03 1.301424e-02 8.146423e-03 3.825596e-03
2.945453e+02 8.256848e-03 1.277752e-02 8.162314e-03 3.830709e-03
2.945849e+02 8.175495e-03 1.251600e-02 8.174406e-03 3.836073e-03
2.946245e+02 8.085457e-03 1.223197e-02 8.182818e-03 3.841586e-03
2.946642e+02 7.987839e-03 1.192890e-02 8.187540e-03 3.847077e-03
2.947038e+02 7.884031e-03 1.161138e-02 8.188388e-03 3.852324e-03
2.947434e+02 7.775647e-03 1.128488e-02 8.184985e-03 3.857077e-03
2.947830e+02 7.664461e-03 1.095552e-02 8.176783e-03 3.861081e-03
2.948226e+02 7.552343e-03 1.062981e-02 8.163118e-03 3.864099e-03
2.948622e+02 7.441185e-03 1.031432e-02 8.143300e-03 3.865931e-03
2.949018e+02 7.332838e-03 1.001538e-02 8.116714e-03 3.866421e-03
2.949414e+02 7.229042e-03 9.738737e-03 8.082933e-03 3.865456e-03
2.949811e+02 7.131359e-03 9.489288e-03 8.041824e-03 3.862966e-03
2.950207e+02 7.041117e-03 9.270819e-03 7.993626e-03 3.858907e-03
2.950603e+02 6.959356e-03 9.085822e-03 7.938997e-03 3.853249e-03
2.950999e+02 6.886794e-03 8.935384e-03 7.879027e-03 3.845970e-03
2.951395e+02 6.823802e-03 8.819160e-03 7.815199e-03 3.837047e-03
2.951791e+02 6.770410e-03 8.735440e-03 7.749328e-03 3.826463e-03
2.952187e+02 6.726323e-03 8.681303e-03 7.683452e-03 3.814214e-03
2.952584e+02 6.690964e-03 8.652843e-03 7.619722e-03 3.800328e-03
2.952980e+02 6.663538e-03 8.645460e-03 7.560270e-03 3.784883e-03
2.953376e+02 6.643101e-03 8.654189e-03 7.507085e-03 3.768029e-03
2.953772e+02 6.628650e-03 8.674040e-03 7.461911e-03 3.749998e-03
2.954168e+02 6.619198e-03 8.700329e-03 7.426153e-03 3.731113e-03
2.954564e+02 6.613858e-03 8.728973e-03 7.400822e-03 3.711779e-03
2.954960e+02 6.611897e-03 8.756722e-03 7.386500e-03 3.692468e-03
2.955357e+02 6.612785e-03 8.781324e-03 7.383343e-03 3.673687e-03
2.955753e+02 6.616212e-03 8.801601e-03 7.391098e-03 3.655938e-03
2.956149e+02 6.622092e-03 8.817438e-03 7.409155e-03 3.639681e-03
2.956545e+02 6.630529e-03 8.829700e-03 7.436601e-03 3.625285e-03
2.956941e+02 6.641783e-03 8.840062e-03 7.472294e-03 3.612992e-03
2.957337e+02 6.656204e-03 8.850790e-03 7.514934e-03 3.602889e-03
2.957733e+02 6.674172e-03 8.864484e-03 7.563135e-03 3.594896e-03
2.958130e+02 6.696016e-03 8.883794e-03 7.615490e-03 3.588765e-03
2.958526e+02 6.721955e-03 8.911141e-03 7.670622e-03 3.584103e-03
2.958922e+02 6.752030e-03 8.948465e-03 7.727225e-03 3.580399e-03
2.959318e+02 6.786057e-03 8.997005e-03 7.784088e-03 3.577078e-03
2.959714e+02 6.823602e-03 9.057149e-03 7.840110e-03 3.573546e-03
2.960110e+02 6.863965e-03 9.128343e-03 7.894303e-03 3.569249e-03
2.960506e+02 6.906201e-03 9.209094e-03 7.945790e-03 3.563718e-03
2.960903e+02 6.949155e-03 9.297046e-03 7.993800e-03 3.556619e-03
2.961299e+02 6.991522e-03 9.389133e-03 8.037663e-03 3.547770e-03
2.961695e+02 7.031931e-03 9.481804e-03 8.076824e-03 3.537165e-03
2.962091e+02 7.069034e-03 9.571291e-03 8.110848e-03 3.524963e-03
2.962487e+02 7.101606e-03 9.653901e-03 8.139443e-03 3.511474e-03
2.962883e+02 7.128642e-03 9.726303e-03 8.162492e-03 3.497132e-03
2.963279e+02 7.149439e-03 9.785789e-03 8.180076e-03 3.482451e-03
2.963676e+02 7.163656e-03 9.830473e-03 8.192502e-03 3.467991e-03
2.964072e+02 7.171352e-03 9.859423e-03 8.200317e-03 3.454315e-03
2.964468e+02 7.172986e-03 9.872702e-03 8.204302e-03 3.441955e-03
2.964864e+02 7.169384e-03 9.871324e-03 8.205446e-03 3.431383e-03
2.965260e+02 7.161675e-03 9.857132e-03 8.204895e-03 3.422997e-03
2.965656e+02 7.151194e-03 9.832604e-03 8.203870e-03 3.417108e-03
2.966052e+02 7.139373e-03 9.800617e-03 8.203563e-03 3.413938e-03
2.966449e+02 7.127615e-03 9.764196e-03 8.205020e-03 3.413629e-03
2.966845e+02 7.117169e-03 9.726252e-03 8.209008e-03 3.416246e-03
2.967241e+02 7.109014e-03 9.689357e-03 8.215894e-03 3.421791e-03
2.967637e+02 7.103769e-03 9.655556e-03 8.225543e-03 3.430208e-03
2.968033e+02 7.101618e-03 9.626224e-03 8.237238e-03 3.441392e-03
2.968429e+02 7.102281e-03 9.601991e-03 8.249661e-03 3.455190e-03
2.968825e+02 7.105013e-03 9.582721e-03 8.260911e-03 3.471407e-03
2.969221e+02 7.108644e-03 9.567537e-03 8.268594e-03 3.489801e-03
2.969618e+02 7.111648e-03 9.554900e-03 8.269955e-03 3.510089e-03
2.970014e+02 7.112244e-03 9.542720e-03 8.262069e-03 3.531944e-03
2.970410e+02 7.108518e-03 9.528498e-03 8.242055e-03 3.555001e-03
2.970806e+02 7.098553e-03 9.509483e-03 8.207309e-03 3.578866e-03
2.971202e+02 7.080566e-03 9.482844e-03 8.155729e-03 3.603125e-03
2.971598e+02 7.053038e-03 9.445852e-03 8.085906e-03 3.627357e-03
2.971994e+02 7.014824e-03 9.396050e-03 7.997272e-03 3.651150e-03
2.972391e+02 6.965240e-03 9.331430e-03 7.890178e-03 3.674113e-03
2.972787e+02 6.904125e-03 9.250583e-03 7.765907e-03 3.695885e-03
2.973183e+02 6.831868e-03 9.152845e-03 7.626611e-03 3.716149e-03
2.973579e+02 6.749402e-03 9.038392e-03 7.475187e-03 3.734628e-03
2.973975e+02 6.658169e-03 8.908318e-03 7.315097e-03 3.751092e-03
2.974371e+02 6.560056e-03 8.764657e-03 7.150160e-03 3.765352e-03
2.974767e+02 6.457311e-03 8.610349e-03 6.984329e-03 3.777256e-03
2.975164e+02 6.352440e-03 8.449160e-03 6.821473e-03 3.786686e-03
2.975560e+02 6.248092e-03 8.285534e-03 6.665188e-03 3.793556e-03
2.975956e+02 6.146947e-03 8.124394e-03 6.518640e-03 3.797808e-03
2.976352e+02 6.051592e-03 7.970901e-03 6.384453e-03 3.799421e-03
2.976748e+02 5.964410e-03 7.830170e-03 6.264653e-03 3.798408e-03
2.977144e+02 5.887483e-03 7.706984e-03 6.160643e-03 3.794821e-03
2.977540e+02 5.822496e-03 7.605498e-03 6.073232e-03 3.788759e-03
2.977937e+02 5.770679e-03 7.528985e-03 6.002688e-03 3.780364e-03
2.978333e+02 5.732752e-03 7.479621e-03 5.948812e-03 3.769822e-03
2.978729e+02 5.708912e-03 7.458353e-03 5.911028e-03 3.757357e-03
2.979125e+02 5.698841e-03 7.464833e-03 5.888472e-03 3.743220e-03
2.979521e+02 5.701743e-03 7.497465e-03 5.880083e-03 3.727681e-03
2.979917e+02 5.716411e-03 7.553529e-03 5.884685e-03 3.711018e-03
2.980313e+02 5.741316e-03 7.629397e-03 5.901049e-03 3.693501e-03
2.980710e+02 5.774716e-03 7.720814e-03 5.927944e-03 3.675392e-03
2.981106e+02 5.814776e-03 7.823221e-03 5.964173e-03 3.656934e-03
2.981502e+02 5.859680e-03 7.932099e-03 6.008587e-03 3.638354e-03
2.981898e+02 5.907746e-03 8.043297e-03 6.060074e-03 3.619867e-03
2.982294e+02 5.957513e-03 8.153312e-03 6.117545e-03 3.601682e-03
2.982690e+02 6.007804e-03 8.259512e-03 6.179895e-03 3.584007e-03
2.983086e+02 6.057763e-03 8.360264e-03 6.245967e-03 3.567058e-03
2.983483e+02 6.106849e-03 8.454968e-03 6.314513e-03 3.551065e-03
2.983879e+02 6.154810e-03 8.543992e-03 6.384170e-03 3.536269e-03
2.984275e+02 6.201627e-03 8.628516e-03 6.453448e-03 3.522917e-03
2.984671e+02 6.247437e-03 8.710301e-03 6.520754e-03 3.511257e-03
2.985067e+02 6.292456e-03 8.791408e-03 6.584440e-03 3.501522e-03
2.985463e+02 6.336897e-03 8.873894e-03 6.642884e-03 3.493911e-03
2.985859e+02 6.380897e-03 8.959520e-03 6.694592e-03 3.488578e-03
2.986256e+02 6.424469e-03 9.049484e-03 6.738316e-03 3.485606e-03
2.986652e+02 6.467470e-03 9.144237e-03 6.773169e-03 3.485004e-03
2.987048e+02 6.509596e-03 9.243364e-03 6.798733e-03 3.486692e-03
2.987444e+02 6.550400e-03 9.345575e-03 6.815122e-03 3.490503e-03
2.987840e+02 6.589328e-03 9.448776e-03 6.823020e-03 3.496187e-03
2.988236e+02 6.625775e-03 9.550240e-03 6.823662e-03 3.503424e-03
2.988632e+02 6.659148e-03 9.646840e-03 6.818763e-03 3.511841e-03
2.989028e+02 6.688923e-03 9.735324e-03 6.810410e-03 3.521036e-03
2.989425e+02 6.714709e-03 9.812610e-03 6.800920e-03 3.530598e-03
2.989821e+02 6.736288e-03 9.876062e-03 6.792671e-03 3.540131e-03
2.990217e+02 6.753647e-03 9.923723e-03 6.787944e-03 3.549275e-03
2.990613e+02 6.766987e-03 9.954487e-03 6.788760e-03 3.557715e-03
2.991009e+02 6.776712e-03 9.968194e-03 6.796748e-03 3.565195e-03
2.991405e+02 6.783401e-03 9.965641e-03 6.813046e-03 3.571516e-03
2.991801e+02 6.787762e-03 9.948519e-03 6.838226e-03 3.576540e-03
2.992198e+02 6.790578e-03 9.919284e-03 6.872266e-03 3.580185e-03
2.992594e+02 6.792645e-03 9.880977e-03 6.914544e-03 3.582415e-03
2.992990e+02 6.794708e-03 9.837022e-03 6.963864e-03 3.583237e-03
2.993386e+02 6.797404e-03 9.791004e-03 7.018511e-03 3.582696e-03
2.993782e+02 6.801214e-03 9.746457e-03 7.076319e-03 3.580867e-03
2.994178e+02 6.806431e-03 9.706676e-03 7.134767e-03 3.577848e-03
2.994574e+02 6.813129e-03 9.674542e-03 7.191089e-03 3.573757e-03
2.994971e+02 6.821167e-03 9.652392e-03 7.242397e-03 3.568714e-03
2.995367e+02 6.830191e-03 9.641918e-03 7.285826e-03 3.562828e-03
2.995763e+02 6.839652e-03 9.644099e-03 7.318676e-03 3.556181e-03
2.996159e+02 6.848846e-03 9.659164e-03 7.338568e-03 3.548806e-03
2.996555e+02 6.856948e-03 9.686601e-03 7.343576e-03 3.540667e-03
2.996951e+02 6.863062e-03 9.725181e-03 7.332362e-03 3.531644e-03
2.997347e+02 6.866275e-03 9.773032e-03 7.304266e-03 3.521527e-03
2.997744e+02 6.865710e-03 9.827733e-03 7.259373e-03 3.510023e-03
2.998140e+02 6.860579e-03 9.886438e-03 7.198528e-03 3.496771e-03
2.998536e+02 6.850240e-03 9.946024e-03 7.123322e-03 3.481373e-03
2.998932e+02 6.834235e-03 1.000325e-02 7.036015e-03 3.463437e-03
2.999328e+02 6.812333e-03 1.005494e-02 6.939441e-03 3.442623e-03
2.999724e+02 6.784547e-03 1.009809e-02 6.836862e-03 3.418688e-03
3.000120e+02 6.751145e-03 1.013009e-02 6.731812e-03 3.391532e-03
3.000517e+02 6.712637e-03 1.014877e-02 6.627922e-03 3.361222e-03
3.000913e+02 6.669753e-03 1.015251e-02 6.528737e-03 3.328008e-03
3.001309e+02 6.623395e-03 1.014031e-02 6.437552e-03 3.292321e-03
3.001705e+02 6.574581e-03 1.011174e-02 6.357251e-03 3.254748e-03
3.002101e+02 6.524385e-03 1.006698e-02 6.290171e-03 3.216001e-03
3.002497e+02 6.473865e-03 1.000672e-02 6.238012e-03 3.176867e-03
3.002893e+02 6.424002e-03 9.932075e-03 6.201760e-03 3.138170e-03
3.003290e+02 6.375644e-03 9.844542e-03 6.181676e-03 3.100715e-03
3.003686e+02 6.329471e-03 9.745845e-03 6.177313e-03 3.065255e-03
3.004082e+02 6.285965e-03 9.637856e-03 6.187578e-03 3.032461e-03
3.004478e+02 6.245410e-03 9.522490e-03 6.210838e-03 3.002900e-03
3.004874e+02 6.207899e-03 9.401616e-03 6.245045e-03 2.977036e-03
3.005270e+02 6.173359e-03 9.276975e-03 6.287882e-03 2.955220e-03
3.005666e+02 6.141580e-03 9.150117e-03 6.336916e-03 2.937706e-03
3.006063e+02 6.112248e-03 9.022353e-03 6.389734e-03 2.924658e-03
3.006459e+02 6.084979e-03 8.894720e-03 6.444059e-03 2.916157e-03
3.006855e+02 6.059338e-03 8.767977e-03 6.497830e-03 2.912206e-03
3.007251e+02 6.034865e-03 8.642602e-03 6.549251e-03 2.912740e-03
3.007647e+02 6.011082e-03 8.518831e-03 6.596799e-03 2.917618e-03
3.008043e+02 5.987506e-03 8.396690e-03 6.639207e-03 2.926620e-03
3.008439e+02 5.963647e-03 8.276061e-03 6.675431e-03 2.939449e-03
3.008835e+02 5.939027e-03 8.156749e-03 6.704611e-03 2.955722e-03
3.009232e+02 5.913187e-03 8.038544e-03 6.726043e-03 2.974974e-03
3.009628e+02 5.885710e-03 7.921293e-03 6.739175e-03 2.996664e-03
3.010024e+02 5.856251e-03 7.804948e-03 6.743620e-03 3.020186e-03
3.010420e+02 5.824565e-03 7.689602e-03 6.739199e-03 3.044896e-03
3.010816e+02 5.790539e-03 7.575494e-03 6.725991e-03 3.070133e-03
3.011212e+02 5.754216e-03 7.463000e-03 6.704394e-03 3.095254e-03
3.011608e+02 5.715810e-03 7.352591e-03 6.675165e-03 3.119673e-03
3.012005e+02 5.675701e-03 7.244772e-03 6.639438e-03 3.142893e-03
3.012401e+02 5.634422e-03 7.140022e-03 6.598699e-03 3.164545e-03
3.012797e+02 5.592613e-03 7.038712e-03 6.554723e-03 3.184406e-03
3.013193e+02 5.550982e-03 6.941048e-03 6.509473e-03 3.202423e-03
3.013589e+02 5.510234e-03 6.847025e-03 6.464963e-03 3.218714e-03
3.013985e+02 5.471022e-03 6.756399e-03 6.423114e-03 3.233552e-03
3.014381e+02 5.433886e-03 6.668698e-03 6.385612e-03 3.247347e-03
3.014778e+02 5.399215e-03 6.583259e-03 6.353784e-03 3.260603e-03
3.015174e+02 5.367225e-03 6.499288e-03 6.328517e-03 3.273870e-03
3.015570e+02 5.337954e-03 6.415949e-03 6.310222e-03 3.287692e-03
3.015966e+02 5.311283e-03 6.332462e-03 6.298838e-03 3.302550e-03
3.016362e+02 5.286967e-03 6.248201e-03 6.293888e-03 3.318812e-03
3.016758e+02 5.264681e-03 6.162789e-03 6.294560e-03 3.336693e-03
3.017154e+02 5.244069e-03 6.076173e-03 6.299808e-03 3.356227e-03
3.017551e+02 5.224793e-03 5.988668e-03 6.308459e-03 3.377252e-03
3.017947e+02 5.206565e-03 5.900972e-03 6.319305e-03 3.399417e-03
3.018343e+02 5.189174e-03 5.814140e-03 6.331183e-03 3.422199e-03
3.018739e+02 5.172496e-03 5.729524e-03 6.343026e-03 3.444938e-03
3.019135e+02 5.156482e-03 5.648673e-03 6.353893e-03 3.466880e-03
3.019531e+02 5.141144e-03 5.573216e-03 6.362991e-03 3.487224e-03
3.019927e+02 5.126521e-03 5.504717e-03 6.369670e-03 3.505177e-03
3.020324e+02 5.112654e-03 5.444534e-03 6.373426e-03 3.520002e-03
3.020720e+02 5.099552e-03 5.393684e-03 6.373908e-03 3.531066e-03
3.021116e+02 5.087174e-03 5.352730e-03 6.370919e-03 3.537873e-03
3.021512e+02 5.075415e-03 5.321702e-03 6.364440e-03 3.540102e-03
3.021908e+02 5.064107e-03 5.300067e-03 6.354640e-03 3.537616e-03
3.022304e+02 5.053035e-03 5.286735e-03 6.341893e-03 3.530476e-03
3.022700e+02 5.041948e-03 5.280126e-03 6.326785e-03 3.518933e-03
3.023097e+02 5.030594e-03 5.278273e-03 6.310097e-03 3.503413e-03
3.023493e+02 5.018741e-03 5.278959e-03 6.292775e-03 3.484488e-03
3.023889e+02 5.006196e-03 5.279876e-03 6.275873e-03 3.462840e-03
3.024285e+02 4.992827e-03 5.278789e-03 6.260476e-03 3.439217e-03
3.024681e+02 4.978560e-03 5.273690e-03 6.247606e-03 3.414383e-03
3.025077e+02 4.963377e-03 5.262932e-03 6.238131e-03 3.389069e-03
3.025473e+02 4.947304e-03 5.245320e-03 6.232662e-03 3.363929e-03
3.025870e+02 4.930384e-03 5.220171e-03 6.231485e-03 3.339496e-03
3.026266e+02 4.912663e-03 5.187323e-03 6.234502e-03 3.316163e-03
3.026662e+02 4.894163e-03 5.147110e-03 6.241217e-03 3.294163e-03
3.027058e+02 4.874873e-03 5.100292e-03 6.250754e-03 3.273573e-03
3.027454e+02 4.854738e-03 5.047969e-03 6.261911e-03 3.254333e-03
3.027850e+02 4.833662e-03 4.991468e-03 6.273248e-03 3.236269e-03
3.028246e+02 4.811522e-03 4.932235e-03 6.283194e-03 3.219138e-03
3.028642e+02 4.788184e-03 4.871720e-03 6.290168e-03 3.202665e-03
3.029039e+02 4.763522e-03 4.811282e-03 6.292694e-03 3.186589e-03
3.029435e+02 4.737440e-03 4.752112e-03 6.289508e-03 3.170698e-03
3.029831e+02 4.709890e-03 4.695174e-03 6.279630e-03 3.154867e-03
3.030227e+02 4.680885e-03 4.641171e-03 6.262415e-03 3.139070e-03
3.030623e+02 4.650501e-03 4.590540e-03 6.237567e-03 3.123395e-03
3.031019e+02 4.618874e-03 4.543458e-03 6.205120e-03 3.108043e-03
3.031415e+02 4.586195e-03 4.499873e-03 6.165397e-03 3.093315e-03
3.031812e+02 4.552694e-03 4.459535e-03 6.118955e-03 3.079591e-03
3.032208e+02 4.518628e-03 4.422053e-03 6.066518e-03 3.067313e-03
3.032604e+02 4.484266e-03 4.386935e-03 6.008918e-03 3.056947e-03
3.033000e+02 4.449882e-03 4.353642e-03 5.947045e-03 3.048960e-03
3.033396e+02 4.415744e-03 4.321635e-03 5.881812e-03 3.043784e-03
3.033792e+02 4.382114e-03 4.290417e-03 5.814134e-03 3.041791e-03
3.034188e+02 4.349246e-03 4.259568e-03 5.744918e-03 3.043253e-03
3.034585e+02 4.317390e-03 4.228775e-03 5.675069e-03 3.048326e-03
3.034981e+02 4.286786e-03 4.197852e-03 5.605488e-03 3.057017e-03
3.035377e+02 4.257666e-03 4.166751e-03 5.537075e-03 3.069172e-03
3.035773e+02 4.230249e-03 4.135562e-03 5.470723e-03 3.084461e-03
3.036169e+02 4.204726e-03 4.104500e-03 5.407299e-03 3.102379e-03
3.036565e+02 4.181254e-03 4.073890e-03 5.347615e-03 3.122256e-03
3.036961e+02 4.159936e-03 4.044126e-03 5.292399e-03 3.143281e-03
3.037358e+02 4.140809e-03 4.015638e-03 5.242254e-03 3.164535e-03
3.037754e+02 4.123831e-03 3.988837e-03 5.197619e-03 3.185038e-03
3.038150e+02 4.108872e-03 3.964073e-03 5.158742e-03 3.203800e-03
3.038546e+02 4.095710e-03 3.941585e-03 5.125661e-03 3.219883e-03
3.038942e+02 4.084032e-03 3.921457e-03 5.098189e-03 3.232451e-03
3.039338e+02 4.073448e-03 3.903593e-03 5.075929e-03 3.240822e-03
3.039734e+02 4.063497e-03 3.887698e-03 5.058290e-03 3.244503e-03
3.040131e+02 4.053672e-03 3.873281e-03 5.044516e-03 3.243220e-03
3.040527e+02 4.043439e-03 3.859669e-03 5.033729e-03 3.236919e-03
3.040923e+02 4.032257e-03 3.846042e-03 5.024966e-03 3.225762e-03
3.041319e+02 4.019606e-03 3.831485e-03 5.017228e-03 3.210105e-03
3.041715e+02 4.005006e-03 3.815040e-03 5.009516e-03 3.190462e-03
3.042111e+02 3.988040e-03 3.795776e-03 5.000872e-03 3.167471e-03
3.042507e+02 3.968367e-03 3.772851e-03 4.990405e-03 3.141846e-03
3.042904e+02 3.945746e-03 3.745578e-03 4.977323e-03 3.114338e-03
3.043300e+02 3.920042e-03 3.713478e-03 4.960949e-03 3.085700e-03
3.043696e+02 3.891240e-03 3.676324e-03 4.940742e-03 3.056655e-03
3.044092e+02 3.859447e-03 3.634164e-03 4.916309e-03 3.027869e-03
3.044488e+02 3.824899e-03 3.587340e-03 4.887419e-03 2.999938e-03
3.044884e+02 3.787951e-03 3.536471e-03 4.854011e-03 2.973372e-03
3.045280e+02 3.749071e-03 3.482436e-03 4.816194e-03 2.948581e-03
3.045677e+02 3.708819e-03 3.426329e-03 4.774251e-03 2.925877e-03
3.046073e+02 3.667828e-03 3.369404e-03 4.728622e-03 2.905456e-03
3.046469e+02 3.626768e-03 3.313014e-03 4.679887e-03 2.887405e-03
3.046865e+02 3.586318e-03 3.258531e-03 4.628731e-03 2.871692e-03
3.047261e+02 3.547119e-03 3.207280e-03 4.575907e-03 2.858171e-03
3.047657e+02 3.509746e-03 3.160458e-03 4.522188e-03 2.846593e-03
3.048053e+02 3.474667e-03 3.119075e-03 4.468312e-03 2.836613e-03
3.048449e+02 3.442216e-03 3.083896e-03 4.414932e-03 2.827820e-03
3.048846e+02 3.412579e-03 3.055399e-03 4.362577e-03 2.819760e-03
3.049242e+02 3.385781e-03 3.033759e-03 4.311611e-03 2.811974e-03
3.049638e+02 3.361697e-03 3.018838e-03 4.262216e-03 2.804036e-03
3.050034e+02 3.340060e-03 3.010208e-03 4.214390e-03 2.795583e-03
3.050430e+02 3.320498e-03 3.007182e-03 4.167956e-03 2.786356e-03
3.050826e+02 3.302558e-03 3.008869e-03 4.122590e-03 2.776214e-03
3.051222e+02 3.285748e-03 3.014233e-03 4.077862e-03 2.765149e-03
3.051619e+02 3.269577e-03 3.022170e-03 4.033275e-03 2.753286e-03
3.052015e+02 3.253587e-03 3.031573e-03 3.988321e-03 2.740866e-03
3.052411e+02 3.237384e-03 3.041404e-03 3.942529e-03 2.728220e-03
3.052807e+02 3.220666e-03 3.050754e-03 3.895504e-03 2.715739e-03
3.053203e+02 3.203230e-03 3.058883e-03 3.846971e-03 2.703834e-03
3.053599e+02 3.184985e-03 3.065253e-03 3.796801e-03 2.692900e-03
3.053995e+02 3.165949e-03 3.069534e-03 3.745031e-03 2.683282e-03
3.054392e+02 3.146240e-03 3.071598e-03 3.691868e-03 2.675253e-03
3.054788e+02 3.126059e-03 3.071492e-03 3.637689e-03 2.668996e-03
3.055184e+02 3.105673e-03 3.069402e-03 3.583024e-03 2.664594e-03
3.055580e+02 3.085389e-03 3.065603e-03 3.528531e-03 2.662031e-03
3.055976e+02 3.065524e-03 3.060410e-03 3.474961e-03 2.661202e-03
3.056372e+02 3.046385e-03 3.054129e-03 3.423109e-03 2.661918e-03
3.056768e+02 3.028234e-03 3.047012e-03 3.373772e-03 2.663918e-03
3.057165e+02 3.011267e-03 3.039227e-03 3.327691e-03 2.666884e-03
3.057561e+02 2.995596e-03 3.030840e-03 3.285500e-03 2.670448e-03
3.057957e+02 2.981232e-03 3.021810e-03 3.247680e-03 2.674206e-03
3.058353e+02 2.968083e-03 3.011996e-03 3.214523e-03 2.677729e-03
3.058749e+02 2.955952e-03 3.001185e-03 3.186101e-03 2.680571e-03
3.059145e+02 2.944555e-03 2.989114e-03 3.162259e-03 2.682291e-03
3.059541e+02 2.933530e-03 2.975509e-03 3.142617e-03 2.682463e-03
3.059938e+02 2.922468e-03 2.960115e-03 3.126589e-03 2.680700e-03
3.060334e+02 2.910940e-03 2.942722e-03 3.113420e-03 2.676677e-03
3.060730e+02 2.898520e-03 2.923185e-03 3.102230e-03 2.670146e-03
3.061126e+02 2.884821e-03 2.901430e-03 3.092069e-03 2.660964e-03
3.061522e+02 2.869511e-03 2.877455e-03 3.081976e-03 2.649102e-03
3.061918e+02 2.852341e-03 2.851322e-03 3.071040e-03 2.634659e-03
3.062314e+02 2.833151e-03 2.823140e-03 3.058453e-03 2.617861e-03
3.062711e+02 2.811887e-03 2.793048e-03 3.043558e-03 2.599055e-03
3.063107e+02 2.788597e-03 2.761205e-03 3.025890e-03 2.578696e-03
3.063503e+02 2.763433e-03 2.727779e-03 3.005195e-03 2.557324e-03
3.063899e+02 2.736640e-03 2.692947e-03 2.981439e-03 2.535534e-03
3.064295e+02 2.708549e-03 2.656899e-03 2.954803e-03 2.513945e-03
3.064691e+02 2.679559e-03 2.619852e-03 2.925660e-03 2.493165e-03
3.065087e+02 2.650122e-03 2.582064e-03 2.894539e-03 2.473762e-03
3.065484e+02 2.620719e-03 2.543853e-03 2.862076e-03 2.456228e-03
3.065880e+02 2.591844e-03 2.505605e-03 2.828965e-03 2.440962e-03
3.066276e+02 2.563978e-03 2.467787e-03 2.795900e-03 2.428246e-03
3.066672e+02 2.537565e-03 2.430937e-03 2.763519e-03 2.418239e-03
3.067068e+02 2.512996e-03 2.395655e-03 2.732363e-03 2.410971e-03
3.067464e+02 2.490588e-03 2.362576e-03 2.702836e-03 2.406352e-03
3.067860e+02 2.470571e-03 2.332342e-03 2.675188e-03 2.404182e-03
3.068256e+02 2.453079e-03 2.305560e-03 2.649504e-03 2.404171e-03
3.068653e+02 2.438149e-03 2.282763e-03 2.625722e-03 2.405961e-03
3.069049e+02 2.425724e-03 2.264369e-03 2.603648e-03 2.409154e-03
3.069445e+02 2.415659e-03 2.250649e-03 2.582992e-03 2.413337e-03
3.069841e+02 2.407739e-03 2.241695e-03 2.563410e-03 2.418111e-03
3.070237e+02 2.401689e-03 2.237411e-03 2.544540e-03 2.423115e-03
3.070633e+02 2.397194e-03 2.237502e-03 2.526039e-03 2.428040e-03
3.071029e+02 2.393917e-03 2.241482e-03 2.507619e-03 2.432649e-03
3.071426e+02 2.391510e-03 2.248692e-03 2.489059e-03 2.436779e-03
3.071822e+02 2.389628e-03 2.258324e-03 2.470223e-03 2.440337e-03
3.072218e+02 2.387939e-03 2.269459e-03 2.451060e-03 2.443297e-03
3.072614e+02 2.386126e-03 2.281102e-03 2.431591e-03 2.445684e-03
3.073010e+02 2.383894e-03 2.292227e-03 2.411900e-03 2.447554e-03
3.073406e+02 2.380970e-03 2.301818e-03 2.392114e-03 2.448977e-03
3.073802e+02 2.377105e-03 2.308915e-03 2.372379e-03 2.450021e-03
3.074199e+02 2.372078e-03 2.312655e-03 2.352845e-03 2.450734e-03
3.074595e+02 2.365696e-03 2.312303e-03 2.333647e-03 2.451137e-03
3.074991e+02 2.357799e-03 2.307292e-03 2.314886e-03 2.451219e-03
3.075387e+02 2.348269e-03 2.297242e-03 2.296622e-03 2.450942e-03
3.075783e+02 2.337032e-03 2.281982e-03 2.278866e-03 2.450247e-03
3.076179e+02 2.324066e-03 2.261556e-03 2.261575e-03 2.449066e-03
3.076575e+02 2.309403e-03 2.236228e-03 2.244651e-03 2.447330e-03
3.076972e+02 2.293133e-03 2.206464e-03 2.227951e-03 2.444984e-03
3.077368e+02 2.275399e-03 2.172917e-03 2.211289e-03 2.441991e-03
3.077764e+02 2.256393e-03 2.136395e-03 2.194449e-03 2.438334e-03
3.078160e+02 2.236344e-03 2.097820e-03 2.177200e-03 2.434014e-03
3.078556e+02 2.215509e-03 2.058181e-03 2.159308e-03 2.429040e-03
3.078952e+02 2.194153e-03 2.018484e-03 2.140554e-03 2.423422e-03
3.079348e+02 2.172534e-03 1.979699e-03 2.120747e-03 2.417155e-03
3.079745e+02 2.150884e-03 1.942702e-03 2.099737e-03 2.410213e-03
3.080141e+02 2.129395e-03 1.908234e-03 2.077418e-03 2.402532e-03
3.080537e+02 2.108202e-03 1.876852e-03 2.053739e-03 2.394014e-03
3.080933e+02 2.087373e-03 1.848903e-03 2.028694e-03 2.384522e-03
3.081329e+02 2.066902e-03 1.824502e-03 2.002320e-03 2.373884e-03
3.081725e+02 2.046706e-03 1.803530e-03 1.974685e-03 2.361903e-03
3.082121e+02 2.026625e-03 1.785636e-03 1.945870e-03 2.348369e-03
3.082518e+02 2.006431e-03 1.770266e-03 1.915961e-03 2.333068e-03
3.082914e+02 1.985840e-03 1.756692e-03 1.885031e-03 2.315796e-03
3.083310e+02 1.964522e-03 1.744061e-03 1.853134e-03 2.296372e-03
3.083706e+02 1.942128e-03 1.731447e-03 1.820293e-03 2.274643e-03
3.084102e+02 1.918300e-03 1.717902e-03 1.786504e-03 2.250494e-03
3.084498e+02 1.892702e-03 1.702520e-03 1.751738e-03 2.223848e-03
3.084894e+02 1.865032e-03 1.684482e-03 1.715944e-03 2.194672e-03
3.085291e+02 1.835045e-03 1.663105e-03 1.679064e-03 2.162967e-03
3.085687e+02 1.802562e-03 1.637871e-03 1.641042e-03 2.128773e-03
3.086083e+02 1.767479e-03 1.608455e-03 1.601830e-03 2.092152e-03
3.086479e+02 1.729770e-03 1.574722e-03 1.561402e-03 2.053187e-03
3.086875e+02 1.689481e-03 1.536729e-03 1.519749e-03 2.011966e-03
3.087271e+02 1.646720e-03 1.494698e-03 1.476886e-03 1.968577e-03
3.087667e+02 1.601641e-03 1.448990e-03 1.432845e-03 1.923088e-03
3.088063e+02 1.554426e-03 1.400065e-03 1.387668e-03 1.875545e-03
3.088460e+02 1.505267e-03 1.348442e-03 1.341403e-03 1.825958e-03
3.088856e+02 1.454347e-03 1.294657e-03 1.294088e-03 1.774295e-03
3.089252e+02 1.401822e-03 1.239230e-03 1.245753e-03 1.720484e-03
3.089648e+02 1.347820e-03 1.182630e-03 1.196414e-03 1.664416e-03
3.090044e+02 1.292429e-03 1.125261e-03 1.146071e-03 1.605955e-03
3.090440e+02 1.235706e-03 1.067448e-03 1.094718e-03 1.544953e-03
3.090836e+02 1.177689e-03 1.009439e-03 1.042353e-03 1.481275e-03
3.091233e+02 1.118408e-03 9.514174e-04 9.889859e-04 1.414822e-03
3.091629e+02 1.057911e-03 8.935150e-04 9.346595e-04 1.345559e-03
3.092025e+02 9.962799e-04 8.358370e-04 8.794595e-04 1.273543e-03
3.092421e+02 9.336515e-04 7.784836e-04 8.235286e-04 1.198942e-03
3.092817e+02 8.702340e-04 7.215726e-04 7.670743e-04 1.122055e-03
3.093213e+02 8.063152e-04 6.652563e-04 7.103721e-04 1.043317e-03
3.093609e+02 7.422646e-04 6.097330e-04 6.537627e-04 9.632981e-04
3.094006e+02 6.785274e-04 5.552514e-04 5.976425e-04 8.826883e-04
3.094402e+02 6.156103e-04 5.021067e-04 5.424494e-04 8.022747e-04
3.094798e+02 5.540611e-04 4.506307e-04 4.886441e-04 7.229084e-04
3.095194e+02 4.944435e-04 4.011756e-04 4.366887e-04 6.454661e-04
3.095590e+02 4.373091e-04 3.540949e-04 3.870248e-04 5.708077e-04
3.095986e+02 3.831700e-04 3.097219e-04 3.400527e-04 4.997354e-04
3.096382e+02 3.324731e-04 2.683503e-04 2.961134e-04 4.329557e-04
3.096779e+02 2.855797e-04 2.302161e-04 2.554748e-04 3.710481e-04
3.097175e+02 2.427502e-04 1.954852e-04 2.183227e-04 3.144428e-04
3.097571e+02 2.041367e-04 1.642450e-04 1.847568e-04 2.634082e-04
3.097967e+02 1.697814e-04 1.365024e-04 1.547924e-04 2.180493e-04
3.098363e+02 1.396224e-04 1.121864e-04 1.283653e-04 1.783153e-04
3.098759e+02 1.135047e-04 9.115632e-05 1.053417e-04 1.440160e-04
3.099155e+02 9.119531e-05 7.321244e-05 8.552951e-05 1.148440e-04
3.099552e+02 7.240113e-05 5.810983e-05 6.869186e-05 9.040170e-05
3.099948e+02 5.678757e-05 4.557268e-05 5.456075e-05 7.022927e-05
3.100344e+02 4.399706e-05 3.530866e-05 4.285035e-05 5.383217e-05
3.100740e+02 3.366586e-05 2.702201e-05 3.326911e-05 4.070645e-05
3.101136e+02 2.543839e-05 2.042480e-05 2.553026e-05 3.036012e-05
3.101532e+02 1.897871e-05 1.524582e-05 1.936027e-05 2.233004e-05
3.101928e+02 1.397873e-05 1.123697e-05 1.450524e-05 1.619397e-05
3.102325e+02 1.016351e-05 8.177308e-06 1.073524e-05 1.157798e-05
3.102721e+02 7.293716e-06 5.874800e-06 7.846742e-06 8.159605e-06
3.103117e+02 5.165831e-06 4.166381e-06 5.663375e-06 5.667736e-06
3.103513e+02 3.610583e-06 2.916563e-06 4.035423e-06 3.879763e-06
3.103909e+02 2.490129e-06 2.015088e-06 2.838254e-06 2.617043e-06
3.104305e+02 1.694483e-06 1.374017e-06 1.970085e-06 1.739347e-06
3.104701e+02 1.137597e-06 9.245505e-07 1.349318e-06 1.138922e-06
3.105098e+02 7.534272e-07 6.138666e-07 9.117307e-07 7.346843e-07
3.105494e+02 4.922241e-07 4.021491e-07 6.076739e-07 4.668494e-07
3.105890e+02 3.171909e-07 2.599164e-07 3.994456e-07 2.922105e-07
3.106286e+02 2.015961e-07 1.657208e-07 2.589177e-07 1.801498e-07
3.106682e+02 1.263614e-07 1.042263e-07 1.654699e-07 1.093882e-07
3.107078e+02 7.810643e-08 6.465447e-08 1.042483e-07 6.541654e-08
3.107474e+02 4.760659e-08 3.955495e-08 6.473694e-08 3.852789e-08
3.107870e+02 2.860997e-08 2.386364e-08 3.961986e-08 2.234641e-08
3.108267e+02 1.695162e-08 1.419618e-08 2.389448e-08 1.276420e-08
3.108663e+02 9.901497e-09 8.326262e-09 1.419877e-08 7.179456e-09
3.109059e+02 5.701034e-09 4.814347e-09 8.312217e-09 3.976539e-09
3.109455e+02 3.235449e-09 2.743954e-09 4.793544e-09 2.168848e-09
3.109851e+02 1.809598e-09 1.541479e-09 2.722843e-09 1.164472e-09
3.110247e+02 9.972722e-10 8.532058e-10 1.523005e-09 6.156056e-10
3.110643e+02 5.414454e-10 4.652981e-10 8.387928e-10 3.202454e-10
3.111040e+02 2.895404e-10 2.499444e-10 4.548434e-10 1.638334e-10
3.111436e+02 1.523603e-10 1.320230e-10 2.427972e-10 8.226061e-11
3.111832e+02 7.897305e-11 6.883165e-11 1.274193e-10 4.066816e-11
3.112228e+02 4.025670e-11 3.525267e-11 6.585809e-11 1.965933e-11
3.112624e+02 2.013168e-11 1.773023e-11 3.349485e-11 9.169957e-12
3.113020e+02 9.729426e-12 8.471760e-12 1.662021e-11 4.096309e-12
3.113416e+02 4.666847e-12 4.129971e-12 8.052069e-12 1.818502e-12
3.113813e+02 2.135834e-12 1.973994e-12 3.845384e-12 5.881237e-13
3.114209e+02 9.567416e-13 8.841254e-13 1.805769e-12 1.803301e-13
3.114605e+02 4.000735e-13 3.962012e-13 7.210630e-13 8.295620e-14
3.115001e+02 1.603051e-13 1.357649e-13 3.118597e-13 3.329057e-14
3.115397e+02 5.589141e-14 5.649134e-14 1.045449e-13 6.637950e-15
3.115793e+02 2.540407e-14 2.599076e-14 4.813761e-14 2.083846e-15
3.116189e+02 1.143090e-14 1.155495e-14 2.179184e-14 9.459210e-16
3.116586e+02 0.000000e+00 0.000000e+00 0.000000e+00 0.000000e+00
3.116982e+02 0.000000e+00 0.000000e+00 0.000000e+00 0.000000e+00
3.117378e+02 0.000000e+00 0.000000e+00 0.000000e+00 0.000000e+00
3.117774e+02 0.000000e+00 0.000000e+00 0.000000e+00 0.000000e+00
3.118170e+02 0.000000e+00 0.000000e+00 0.000000e+00 0.000000e+00
3.118566e+02 0.000000e+00 0.000000e+00 0.000000e+00 0.000000e+00
3.118962e+02 0.000000e+00 0.000000e+00 0.000000e+00 0.000000e+00
3.119359e+02 0.000000e+00 0.000000e+00 0.000000e+00 0.000000e+00
3.119755e+02 0.000000e+00 0.000000e+00 0.000000e+00 0.000000e+00
3.120151e+02 0.000000e+00 0.000000e+00 0.000000e+00 0.000000e+00
3.120547e+02 0.000000e+00 0.000000e+00 0.000000e+00 0.000000e+00
3.120943e+02 0.000000e+00 0.000000e+00 0.000000e+00 0.000000e+00
3.121339e+02 0.000000e+00 0.000000e+00 0.000000e+00 0.000000e+00
3.121735e+02 0.000000e+00 0.000000e+00 0.000000e+00 0.000000e+00
3.122132e+02 0.000000e+00 0.000000e+00 0.000000e+00 0.000000e+00
3.122528e+02 0.000000e+00 0.000000e+00 0.000000e+00 0.000000e+00
3.122924e+02 0.000000e+00 0.000000e+00 0.000000e+00 0.000000e+00
3.123320e+02 0.000000e+00 0.000000e+00 0.000000e+00 0.000000e+00
3.123716e+02 0.000000e+00 0.000000e+00 0.000000e+00 0.000000e+00
3.124112e+02 0.000000e+00 0.000000e+00 0.000000e+00 0.000000e+00
3.124508e+02 0.000000e+00 0.000000e+00 0.000000e+00 0.000000e+00
3.124905e+02 0.000000e+00 0.000000e+00 0.000000e+00 0.000000e+00
3.125301e+02 0.000000e+00 0.000000e+00 0.000000e+00 0.000000e+00
3.125697e+02 0.000000e+00 0.000000e+00 0.000000e+00 0.000000e+00
3.126093e+02 0.000000e+00 0.000000e+00 0.000000e+00 0.000000e+00
3.126489e+02 0.000000e+00 0.000000e+00 0.000000e+00 0.000000e+00
3.126885e+02 0.000000e+00 0.000000e+00 0.000000e+00 0.000000e+00
3.127281e+02 0.000000e+00 0.000000e+00 0.000000e+00 0.000000e+00
3.127677e+02 0.000000e+00 0.000000e+00 0.000000e+00 0.000000e+00
3.128074e+02 0.000000e+00 0.000000e+00 0.000000e+00 0.000000e+00
3.128470e+02 0.000000e+00 0.000000e+00 0.000000e+00 0.000000e+00
3.128866e+02 0.000000e+00 0.000000e+00 0.000000e+00 0.000000e+00
3.129262e+02 0.000000e+00 0.000000e+00 0.000000e+00 0.000000e+00
3.129658e+02 0.000000e+00 0.000000e+00 0.000000e+00 0.000000e+00
3.130054e+02 0.000000e+00 0.000000e+00 0.000000e+00 0.000000e+00
3.130450e+02 0.000000e+00 0.000000e+00 0.000000e+00 0.000000e+00
3.130847e+02 0.000000e+00 0.000000e+00 0.000000e+00 0.000000e+00
3.131243e+02 0.000000e+00 0.000000e+00 0.000000e+00 0.000000e+00
3.131639e+02 0.000000e+00 0.000000e+00 0.000000e+00 0.000000e+00
3.132035e+02 0.000000e+00 0.000000e+00 0.000000e+00 0.000000e+00
3.132431e+02 0.000000e+00 0.000000e+00 0.000000e+00 0.000000e+00
3.132827e+02 0.000000e+00 0.000000e+00 0.000000e+00 0.000000e+00
3.133223e+02 0.000000e+00 0.000000e+00 0.000000e+00 0.000000e+00
3.133620e+02 0.000000e+00 0.000000e+00 0.000000e+00 0.000000e+00
3.134016e+02 0.000000e+00 0.000000e+00 0.000000e+00 0.000000e+00
3.134412e+02 0.000000e+00 0.000000e+00 0.000000e+00 0.000000e+00
3.134808e+02 0.000000e+00 0.000000e+00 0.000000e+00 0.000000e+00
3.135204e+02 0.000000e+00 0.000000e+00 0.000000e+00 0.000000e+00
3.135600e+02 0.000000e+00 0.000000e+00 0.000000e+00 0.000000e+00
3.135996e+02 0.000000e+00 0.000000e+00 0.000000e+00 0.000000e+00
3.136393e+02 0.000000e+00 0.000000e+00 0.000000e+00 0.000000e+00
3.136789e+02 0.000000e+00 0.000000e+00 0.000000e+00 0.000000e+00
3.137185e+02 0.000000e+00 0.000000e+00 0.000000e+00 0.000000e+00
3.137581e+02 0.000000e+00 0.000000e+00 0.000000e+00 0.000000e+00
3.137977e+02 0.000000e+00 0.000000e+00 0.000000e+00 0.000000e+00
3.138373e+02 0.000000e+00 0.000000e+00 0.000000e+00 0.000000e+00
3.138769e+02 0.000000e+00 0.000000e+00 0.000000e+00 0.000000e+00
3.139166e+02 0.000000e+00 0.000000e+00 0.000000e+00 0.000000e+00
3.139562e+02 0.000000e+00 0.000000e+00 0.000000e+00 0.000000e+00
3.139958e+02 0.000000e+00 0.000000e+00 0.000000e+00 0.000000e+00
3.140354e+02 0.000000e+00 0.000000e+00 0.000000e+00 0.000000e+00
3.140750e+02 0.000000e+00 0.000000e+00 0.000000e+00 0.000000e+00
3.141146e+02 0.000000e+00 0.000000e+00 0.000000e+00 0.000000e+00
3.141542e+02 0.000000e+00 0.000000e+00 0.000000e+00 0.000000e+00
3.141939e+02 0.000000e+00 0.000000e+00 0.000000e+00 0.000000e+00
3.142335e+02 0.000000e+00 0.000000e+00 0.000000e+00 0.000000e+00
3.142731e+02 0.000000e+00 0.000000e+00 0.000000e+00 0.000000e+00
3.143127e+02 0.000000e+00 0.000000e+00 0.000000e+00 0.000000e+00
3.143523e+02 0.000000e+00 0.000000e+00 0.000000e+00 0.000000e+00
3.143919e+02 0.000000e+00 0.000000e+00 0.000000e+00 0.000000e+00
3.144315e+02 0.000000e+00 0.000000e+00 0.000000e+00 0.000000e+00
3.144712e+02 0.000000e+00 0.000000e+00 0.000000e+00 0.000000e+00
3.145108e+02 0.000000e+00 0.000000e+00 0.000000e+00 0.000000e+00
3.145504e+02 0.000000e+00 0.000000e+00 0.000000e+00 0.000000e+00
3.145900e+02 0.000000e+00 0.000000e+00 0.000000e+00 0.000000e+00
3.146296e+02 0.000000e+00 0.000000e+00 0.000000e+00 0.000000e+00
3.146692e+02 0.000000e+00 0.000000e+00 0.000000e+00 0.000000e+00
3.147088e+02 0.000000e+00 0.000000e+00 0.000000e+00 0.000000e+00
3.147484e+02 0.000000e+00 0.000000e+00 0.000000e+00 0.000000e+00
3.147881e+02 0.000000e+00 0.000000e+00 0.000000e+00 0.000000e+00
3.148277e+02 0.000000e+00 0.000000e+00 0.000000e+00 0.000000e+00
3.148673e+02 0.000000e+00 0.000000e+00 0.000000e+00 0.000000e+00
3.149069e+02 0.000000e+00 0.000000e+00 0.000000e+00 0.000000e+00
3.149465e+02 0.000000e+00 0.000000e+00 0.000000e+00 0.000000e+00
3.149861e+02 0.000000e+00 0.000000e+00 0.000000e+00 0.000000e+00
3.150257e+02 0.000000e+00 0.000000e+00 0.000000e+00 0.000000e+00
3.150654e+02 0.000000e+00 0.000000e+00 0.000000e+00 0.000000e+00
3.151050e+02 0.000000e+00 0.000000e+00 0.000000e+00 0.000000e+00
3.151446e+02 0.000000e+00 0.000000e+00 0.000000e+00 0.000000e+00
3.151842e+02 0.000000e+00 0.000000e+00 0.000000e+00 0.000000e+00
3.152238e+02 0.000000e+00 0.000000e+00 0.000000e+00 0.000000e+00
3.152634e+02 0.000000e+00 0.000000e+00 0.000000e+00 0.000000e+00
3.153030e+02 0.000000e+00 0.000000e+00 0.000000e+00 0.000000e+00
3.153427e+02 0.000000e+00 0.000000e+00 0.000000e+00 0.000000e+00
3.153823e+02 0.000000e+00 0.000000e+00 0.000000e+00 0.000000e+00
3.154219e+02 0.000000e+00 0.000000e+00 0.000000e+00 0.000000e+00
3.154615e+02 0.000000e+00 0.000000e+00 0.000000e+00 0.000000e+00
3.155011e+02 0.000000e+00 0.000000e+00 0.000000e+00 0.000000e+00
3.155407e+02 0.000000e+00 0.000000e+00 0.000000e+00 0.000000e+00
3.155803e+02 0.000000e+00 0.000000e+00 0.000000e+00 0.000000e+00
3.156200e+02 0.000000e+00 0.000000e+00 0.000000e+00 0.000000e+00
3.156596e+02 0.000000e+00 0.000000e+00 0.000000e+00 0.000000e+00
3.156992e+02 0.000000e+00 0.000000e+00 0.000000e+00 0.000000e+00
3.157388e+02 0.000000e+00 0.000000e+00 0.000000e+00 0.000000e+00
3.157784e+02 0.000000e+00 0.000000e+00 0.000000e+00 0.000000e+00
3.158180e+02 0.000000e+00 0.000000e+00 0.000000e+00 0.000000e+00
3.158576e+02 0.000000e+00 0.000000e+00 0.000000e+00 0.000000e+00
3.158973e+02 0.000000e+00 0.000000e+00 0.000000e+00 0.000000e+00
3.159369e+02 0.000000e+00 0.000000e+00 0.000000e+00 0.000000e+00
3.159765e+02 0.000000e+00 0.000000e+00 0.000000e+00 0.000000e+00
3.160161e+02 0.000000e+00 0.000000e+00 0.000000e+00 0.000000e+00
3.160557e+02 0.000000e+00 0.000000e+00 0.000000e+00 0.000000e+00
3.160953e+02 0.000000e+00 0.000000e+00 0.000000e+00 0.000000e+00
3.161349e+02 0.000000e+00 0.000000e+00 0.000000e+00 0.000000e+00
3.161746e+02 0.000000e+00 0.000000e+00 0.000000e+00 0.000000e+00
3.162142e+02 0.000000e+00 0.000000e+00 0.000000e+00 0.000000e+00
3.162538e+02 0.000000e+00 0.000000e+00 0.000000e+00 0.000000e+00
3.162934e+02 0.000000e+00 0.000000e+00 0.000000e+00 0.000000e+00
3.163330e+02 0.000000e+00 0.000000e+00 0.000000e+00 0.000000e+00
3.163726e+02 0.000000e+00 0.000000e+00 0.000000e+00 0.000000e+00
3.164122e+02 0.000000e+00 0.000000e+00 0.000000e+00 0.000000e+00
3.164519e+02 0.000000e+00 0.000000e+00 0.000000e+00 0.000000e+00
3.164915e+02 0.000000e+00 0.000000e+00 0.000000e+00 0.000000e+00
3.165311e+02 0.000000e+00 0.000000e+00 0.000000e+00 0.000000e+00
3.165707e+02 0.000000e+00 0.000000e+00 0.000000e+00 0.000000e+00
3.166103e+02 0.000000e+00 0.000000e+00 0.000000e+00 0.000000e+00
3.166499e+02 0.000000e+00 0.000000e+00 0.000000e+00 0.000000e+00
3.166895e+02 0.000000e+00 0.000000e+00 0.000000e+00 0.000000e+00
3.167291e+02 0.000000e+00 0.000000e+00 0.000000e+00 0.000000e+00
3.167688e+02 0.000000e+00 0.000000e+00 0.000000e+00 0.000000e+00
3.168084e+02 0.000000e+00 0.000000e+00 0.000000e+00 0.000000e+00
3.168480e+02 0.000000e+00 0.000000e+00 0.000000e+00 0.000000e+00
3.168876e+02 0.000000e+00 0.000000e+00 0.000000e+00 0.000000e+00
3.169272e+02 0.000000e+00 0.000000e+00 0.000000e+00 0.000000e+00
3.169668e+02 0.000000e+00 0.000000e+00 0.000000e+00 0.000000e+00
3.170064e+02 0.000000e+00 0.000000e+00 0.000000e+00 0.000000e+00
3.170461e+02 0.000000e+00 0.000000e+00 0.000000e+00 0.000000e+00
3.170857e+02 0.000000e+00 0.000000e+00 0.000000e+00 0.000000e+00
3.171253e+02 0.000000e+00 0.000000e+00 0.000000e+00 0.000000e+00
3.171649e+02 0.000000e+00 0.000000e+00 0.000000e+00 0.000000e+00
3.172045e+02 0.000000e+00 0.000000e+00 0.000000e+00 0.000000e+00
3.172441e+02 0.000000e+00 0.000000e+00 0.000000e+00 0.000000e+00
3.172837e+02 0.000000e+00 0.000000e+00 0.000000e+00 0.000000e+00
3.173234e+02 0.000000e+00 0.000000e+00 0.000000e+00 0.000000e+00
3.173630e+02 0.000000e+00 0.000000e+00 0.000000e+00 0.000000e+00
3.174026e+02 0.000000e+00 0.000000e+00 0.000000e+00 0.000000e+00
3.174422e+02 0.000000e+00 0.000000e+00 0.000000e+00 0.000000e+00
3.174818e+02 0.000000e+00 0.000000e+00 0.000000e+00 0.000000e+00
3.175214e+02 0.000000e+00 0.000000e+00 0.000000e+00 0.000000e+00
3.175610e+02 0.000000e+00 0.000000e+00 0.000000e+00 0.000000e+00
3.176007e+02 0.000000e+00 0.000000e+00 0.000000e+00 0.000000e+00
3.176403e+02 0.000000e+00 0.000000e+00 0.000000e+00 0.000000e+00
3.176799e+02 0.000000e+00 0.000000e+00 0.000000e+00 0.000000e+00
3.177195e+02 0.000000e+00 0.000000e+00 0.000000e+00 0.000000e+00
3.177591e+02 0.000000e+00 0.000000e+00 0.000000e+00 0.000000e+00
3.177987e+02 0.000000e+00 0.000000e+00 0.000000e+00 0.000000e+00
3.178383e+02 0.000000e+00 0.000000e+00 0.000000e+00 0.000000e+00
3.178780e+02 0.000000e+00 0.000000e+00 0.000000e+00 0.000000e+00
3.179176e+02 0.000000e+00 0.000000e+00 0.000000e+00 0.000000e+00
3.179572e+02 0.000000e+00 0.000000e+00 0.000000e+00 0.000000e+00
3.179968e+02 0.000000e+00 0.000000e+00 0.000000e+00 0.000000e+00
3.180364e+02 0.000000e+00 0.000000e+00 0.000000e+00 0.000000e+00
3.180760e+02 0.000000e+00 0.000000e+00 0.000000e+00 0.000000e+00
3.181156e+02 0.000000e+00 0.000000e+00 0.000000e+00 0.000000e+00
3.181553e+02 0.000000e+00 0.000000e+00 0.000000e+00 0.000000e+00
3.181949e+02 0.000000e+00 0.000000e+00 0.000000e+00 0.000000e+00
3.182345e+02 0.000000e+00 0.000000e+00 0.000000e+00 0.000000e+00
3.182741e+02 0.000000e+00 0.000000e+00 0.000000e+00 0.000000e+00
3.183137e+02 0.000000e+00 0.000000e+00 0.000000e+00 0.000000e+00
3.183533e+02 0.000000e+00 0.000000e+00 0.000000e+00 0.000000e+00
3.183929e+02 0.000000e+00 0.000000e+00 0.000000e+00 0.000000e+00
3.184326e+02 0.000000e+00 0.000000e+00 0.000000e+00 0.000000e+00
3.184722e+02 0.000000e+00 0.000000e+00 0.000000e+00 0.000000e+00
3.185118e+02 0.000000e+00 0.000000e+00 0.000000e+00 0.000000e+00
3.185514e+02 0.000000e+00 0.000000e+00 0.000000e+00 0.000000e+00
3.185910e+02 0.000000e+00 0.000000e+00 0.000000e+00 0.000000e+00
3.186306e+02 0.000000e+00 0.000000e+00 0.000000e+00 0.000000e+00
3.186702e+02 0.000000e+00 0.000000e+00 0.000000e+00 0.000000e+00
3.187098e+02 0.000000e+00 0.000000e+00 0.000000e+00 0.000000e+00
3.187495e+02 0.000000e+00 0.000000e+00 0.000000e+00 0.000000e+00
3.187891e+02 0.000000e+00 0.000000e+00 0.000000e+00 0.000000e+00
3.188287e+02 0.000000e+00 0.000000e+00 0.000000e+00 0.000000e+00
3.188683e+02 0.000000e+00 0.000000e+00 0.000000e+00 0.000000e+00
3.189079e+02 0.000000e+00 0.000000e+00 0.000000e+00 0.000000e+00
3.189475e+02 0.000000e+00 0.000000e+00 0.000000e+00 0.000000e+00
3.189871e+02 0.000000e+00 0.000000e+00 0.000000e+00 0.000000e+00
3.190268e+02 0.000000e+00 0.000000e+00 0.000000e+00 0.000000e+00
3.190664e+02 0.000000e+00 0.000000e+00 0.000000e+00 0.000000e+00
3.191060e+02 0.000000e+00 0.000000e+00 0.000000e+00 0.000000e+00
3.191456e+02 0.000000e+00 0.000000e+00 0.000000e+00 0.000000e+00
3.191852e+02 0.000000e+00 0.000000e+00 0.000000e+00 0.000000e+00
3.192248e+02 0.000000e+00 0.000000e+00 0.000000e+00 0.000000e+00
3.192644e+02 0.000000e+00 0.000000e+00 0.000000e+00 0.000000e+00
3.193041e+02 0.000000e+00 0.000000e+00 0.000000e+00 0.000000e+00
3.193437e+02 0.000000e+00 0.000000e+00 0.000000e+00 0.000000e+00
3.193833e+02 0.000000e+00 0.000000e+00 0.000000e+00 0.000000e+00
3.194229e+02 0.000000e+00 0.000000e+00 0.000000e+00 0.000000e+00
3.194625e+02 0.000000e+00 0.000000e+00 0.000000e+00 0.000000e+00
3.195021e+02 0.000000e+00 0.000000e+00 0.000000e+00 0.000000e+00
3.195417e+02 0.000000e+00 0.000000e+00 0.000000e+00 0.000000e+00
3.195814e+02 0.000000e+00 0.000000e+00 0.000000e+00 0.000000e+00
3.196210e+02 0.000000e+00 0.000000e+00 0.000000e+00 0.000000e+00
3.196606e+02 0.000000e+00 0.000000e+00 0.000000e+00 0.000000e+00
3.197002e+02 0.000000e+00 0.000000e+00 0.000000e+00 0.000000e+00
3.197398e+02 0.000000e+00 0.000000e+00 0.000000e+00 0.000000e+00
3.197794e+02 0.000000e+00 0.000000e+00 0.000000e+00 0.000000e+00
3.198190e+02 0.000000e+00 0.000000e+00 0.000000e+00 0.000000e+00
