2.801654e+02 0.000000e+00 0.000000e+00 0.000000e+00 0.000000e+00
2.802050e+02 0.000000e+00 0.000000e+00 0.000000e+00 0.000000e+00
2.802447e+02 0.000000e+00 0.000000e+00 0.000000e+00 0.000000e+00
2.802843e+02 0.000000e+00 0.000000e+00 0.000000e+00 0.000000e+00
2.803239e+02 0.000000e+00 0.000000e+00 0.000000e+00 0.000000e+00
2.803635e+02 0.000000e+00 0.000000e+00 0.000000e+00 0.000000e+00
2.804031e+02 0.000000e+00 0.000000e+00 0.000000e+00 0.000000e+00
2.804427e+02 0.000000e+00 0.000000e+00 0.000000e+00 0.000000e+00
2.804823e+02 0.000000e+00 0.000000e+00 0.000000e+00 0.000000e+00
2.805220e+02 0.000000e+00 0.000000e+00 0.000000e+00 0.000000e+00
2.805616e+02 0.000000e+00 0.000000e+00 0.000000e+00 0.000000e+00
2.806012e+02 0.000000e+00 0.000000e+00 0.000000e+00 0.000000e+00
2.806408e+02 0.000000e+00 0.000000e+00 0.000000e+00 0.000000e+00
2.806804e+02 0.000000e+00 0.000000e+00 0.000000e+00 0.000000e+00
2.807200e+02 0.000000e+00 0.000000e+00 0.000000e+00 0.000000e+00
2.807596e+02 0.000000e+00 0.000000e+00 0.000000e+00 0.000000e+00
2.807993e+02 0.000000e+00 0.000000e+00 0.000000e+00 0.000000e+00
2.808389e+02 0.000000e+00 0.000000e+00 0.000000e+00 0.000000e+00
2.808785e+02 0.000000e+00 0.000000e+00 0.000000e+00 0.000000e+00
2.809181e+02 0.000000e+00 0.000000e+00 0.000000e+00 0.000000e+00
2.809577e+02 0.000000e+00 0.000000e+00 0.000000e+00 0.000000e+00
2.809973e+02 0.000000e+00 0.000000e+00 0.000000e+00 0.000000e+00
2.810369e+02 0.000000e+00 0.000000e+00 0.000000e+00 0.000000e+00
2.810765e+02 0.000000e+00 0.000000e+00 0.000000e+00 0.000000e+00
2.811162e+02 0.000000e+00 0.000000e+00 0.000000e+00 0.000000e+00
2.811558e+02 0.000000e+00 0.000000e+00 0.000000e+00 0.000000e+00
2.811954e+02 0.000000e+00 0.000000e+00 0.000000e+00 0.000000e+00
2.812350e+02 0.000000e+00 0.000000e+00 0.000000e+00 0.000000e+00
2.812746e+02 0.000000e+00 0.000000e+00 0.000000e+00 0.000000e+00
2.813142e+02 0.000000e+00 0.000000e+00 0.000000e+00 0.000000e+00
2.813538e+02 0.000000e+00 0.000000e+00 0.000000e+00 0.000000e+00
2.813935e+02 0.000000e+00 0.000000e+00 0.000000e+00 0.000000e+00
2.814331e+02 0.000000e+00 0.000000e+00 0.000000e+00 0.000000e+00
2.814727e+02 0.000000e+00 0.000000e+00 0.000000e+00 0.000000e+00
2.815123e+02 0.000000e+00 0.000000e+00 0.000000e+00 0.000000e+00
2.815519e+02 0.000000e+00 0.000000e+00 0.000000e+00 0.000000e+00
2.815915e+02 0.000000e+00 0.000000e+00 0.000000e+00 0.000000e+00
2.816311e+02 0.000000e+00 0.000000e+00 0.000000e+00 0.000000e+00
2.816708e+02 0.000000e+00 0.000000e+00 0.000000e+00 0.000000e+00
2.817104e+02 0.000000e+00 0.000000e+00 0.000000e+00 0.000000e+00
2.817500e+02 0.000000e+00 0.000000e+00 0.000000e+00 0.000000e+00
2.817896e+02 0.000000e+00 0.000000e+00 0.000000e+00 0.000000e+00
2.818292e+02 0.000000e+00 0.000000e+00 0.000000e+00 0.000000e+00
2.818688e+02 0.000000e+00 0.000000e+00 0.000000e+00 0.000000e+00
2.819084e+02 0.000000e+00 0.000000e+00 0.000000e+00 0.000000e+00
2.819481e+02 0.000000e+00 0.000000e+00 0.000000e+00 0.000000e+00
2.819877e+02 0.000000e+00 0.000000e+00 0.000000e+00 0.000000e+00
2.820273e+02 0.000000e+00 0.000000e+00 0.000000e+00 0.000000e+00
2.820669e+02 0.000000e+00 0.000000e+00 0.000000e+00 0.000000e+00
2.821065e+02 0.000000e+00 0.000000e+00 0.000000e+00 0.000000e+00
2.821461e+02 0.000000e+00 0.000000e+00 0.000000e+00 0.000000e+00
2.821857e+02 0.000000e+00 0.000000e+00 0.000000e+00 0.000000e+00
2.822254e+02 0.000000e+00 0.000000e+00 0.000000e+00 0.000000e+00
2.822650e+02 0.000000e+00 0.000000e+00 0.000000e+00 0.000000e+00
2.823046e+02 0.000000e+00 0.000000e+00 0.000000e+00 0.000000e+00
2.823442e+02 0.000000e+00 0.000000e+00 0.000000e+00 0.000000e+00
2.823838e+02 0.000000e+00 0.000000e+00 0.000000e+00 0.000000e+00
2.824234e+02 0.000000e+00 0.000000e+00 0.000000e+00 0.000000e+00
2.824630e+02 0.000000e+00 0.000000e+00 0.000000e+00 0.000000e+00
2.825027e+02 0.000000e+00 0.000000e+00 0.000000e+00 0.000000e+00
2.825423e+02 0.000000e+00 0.000000e+00 0.000000e+00 0.000000e+00
2.825819e+02 0.000000e+00 0.000000e+00 0.000000e+00 0.000000e+00
2.826215e+02 0.000000e+00 0.000000e+00 0.000000e+00 0.000000e+00
2.826611e+02 0.000000e+00 0.000000e+00 0.000000e+00 0.000000e+00
2.827007e+02 0.000000e+00 0.000000e+00 0.000000e+00 0.000000e+00
2.827403e+02 0.000000e+00 0.000000e+00 0.000000e+00 0.000000e+00
2.827800e+02 0.000000e+00 0.000000e+00 0.000000e+00 0.000000e+00
2.828196e+02 0.000000e+00 0.000000e+00 0.000000e+00 0.000000e+00
2.828592e+02 0.000000e+00 0.000000e+00 0.000000e+00 0.000000e+00
2.828988e+02 0.000000e+00 0.000000e+00 0.000000e+00 0.000000e+00
2.829384e+02 0.000000e+00 0.000000e+00 0.000000e+00 0.000000e+00
2.829780e+02 0.000000e+00 0.000000e+00 0.000000e+00 0.000000e+00
2.830176e+02 0.000000e+00 0.000000e+00 0.000000e+00 0.000000e+00
2.830572e+02 0.000000e+00 0.000000e+00 0.000000e+00 0.000000e+00
2.830969e+02 0.000000e+00 0.000000e+00 0.000000e+00 0.000000e+00
2.831365e+02 0.000000e+00 0.000000e+00 0.000000e+00 0.000000e+00
2.831761e+02 0.000000e+00 0.000000e+00 0.000000e+00 0.000000e+00
2.832157e+02 0.000000e+00 0.000000e+00 0.000000e+00 0.000000e+00
2.832553e+02 0.000000e+00 0.000000e+00 0.000000e+00 0.000000e+00
2.832949e+02 0.000000e+00 0.000000e+00 0.000000e+00 0.000000e+00
2.833345e+02 0.000000e+00 0.000000e+00 0.000000e+00 0.000000e+00
2.833742e+02 0.000000e+00 0.000000e+00 0.000000e+00 0.000000e+00
2.834138e+02 0.000000e+00 0.000000e+00 0.000000e+00 0.000000e+00
2.834534e+02 0.000000e+00 0.000000e+00 0.000000e+00 0.000000e+00
2.834930e+02 0.000000e+00 0.000000e+00 0.000000e+00 0.000000e+00
2.835326e+02 0.000000e+00 0.000000e+00 0.000000e+00 0.000000e+00
2.835722e+02 0.000000e+00 0.000000e+00 0.000000e+00 0.000000e+00
2.836118e+02 0.000000e+00 0.000000e+00 0.000000e+00 0.000000e+00
2.836515e+02 0.000000e+00 0.000000e+00 0.000000e+00 0.000000e+00
2.836911e+02 0.000000e+00 0.000000e+00 0.000000e+00 0.000000e+00
2.837307e+02 0.000000e+00 0.000000e+00 0.000000e+00 0.000000e+00
2.837703e+02 0.000000e+00 0.000000e+00 0.000000e+00 0.000000e+00
2.838099e+02 0.000000e+00 0.000000e+00 0.000000e+00 0.000000e+00
2.838495e+02 0.000000e+00 0.000000e+00 0.000000e+00 0.000000e+00
2.838891e+02 0.000000e+00 0.000000e+00 0.000000e+00 0.000000e+00
2.839288e+02 0.000000e+00 0.000000e+00 0.000000e+00 0.000000e+00
2.839684e+02 0.000000e+00 0.000000e+00 0.000000e+00 0.000000e+00
2.840080e+02 0.000000e+00 0.000000e+00 0.000000e+00 0.000000e+00
2.840476e+02 0.000000e+00 0.000000e+00 0.000000e+00 0.000000e+00
2.840872e+02 0.000000e+00 0.000000e+00 0.000000e+00 0.000000e+00
2.841268e+02 0.000000e+00 0.000000e+00 0.000000e+00 0.000000e+00
2.841664e+02 0.000000e+00 0.000000e+00 0.000000e+00 0.000000e+00
2.842061e+02 3.848612e-10 7.496095e-16 7.527772e-16 1.154582e-09
2.842457e+02 8.412357e-10 1.639978e-15 1.646712e-15 2.523704e-09
2.842853e+02 1.807005e-09 3.525891e-15 3.539947e-15 5.421007e-09
2.843249e+02 3.814424e-09 7.449508e-15 7.478317e-15 1.144326e-08
2.843645e+02 7.912734e-09 1.546729e-14 1.552526e-14 2.373817e-08
2.844041e+02 1.613067e-08 3.155939e-14 3.167393e-14 4.839193e-08
2.844437e+02 3.231514e-08 6.328064e-14 6.350281e-14 9.694529e-08
2.844834e+02 6.361914e-08 1.246927e-13 1.251157e-13 1.908572e-07
2.845230e+02 1.230829e-07 2.414566e-13 2.422472e-13 3.692481e-07
2.845626e+02 2.340106e-07 4.594784e-13 4.609287e-13 7.020308e-07
2.846022e+02 4.372214e-07 8.592487e-13 8.618598e-13 1.311662e-06
2.846418e+02 8.027778e-07 1.579071e-12 1.927189e-12 2.408330e-06
2.846814e+02 1.448497e-06 2.851774e-12 4.808968e-12 4.345482e-06
2.847210e+02 2.568430e-06 5.061273e-12 1.271148e-11 7.705272e-06
2.847607e+02 4.475545e-06 8.827348e-12 2.729564e-11 1.342660e-05
2.848003e+02 7.663942e-06 1.512978e-11 5.849971e-11 2.299175e-05
2.848399e+02 1.289694e-05 2.548367e-11 1.195501e-10 3.869067e-05
2.848795e+02 2.132795e-05 4.218137e-11 2.402565e-10 6.398356e-05
2.849191e+02 3.466088e-05 6.861360e-11 4.780894e-10 1.039821e-04
2.849587e+02 5.535518e-05 1.096808e-10 9.340990e-10 1.660645e-04
2.849983e+02 8.687707e-05 1.723003e-10 1.802793e-09 2.606292e-04
2.850379e+02 1.339924e-04 2.659980e-10 3.437021e-09 4.019735e-04
2.850776e+02 2.030876e-04 4.035552e-10 6.464097e-09 6.092560e-04
2.851172e+02 3.024928e-04 6.016850e-10 1.199722e-08 9.074658e-04
2.851568e+02 4.427667e-04 8.816098e-10 2.195364e-08 1.328277e-03
2.851964e+02 6.368883e-04 1.269498e-09 3.959562e-08 1.910624e-03
2.852360e+02 9.002853e-04 1.796558e-09 7.035486e-08 2.700784e-03
2.852756e+02 1.250621e-03 2.498718e-09 1.231302e-07 3.751737e-03
2.853152e+02 1.707262e-03 3.415625e-09 2.122011e-07 5.121569e-03
2.853549e+02 2.290359e-03 4.588950e-09 3.600601e-07 6.870713e-03
2.853945e+02 3.019510e-03 6.060007e-09 6.014302e-07 9.057922e-03
2.854341e+02 3.912002e-03 7.866567e-09 9.888573e-07 1.173501e-02
2.854737e+02 4.980717e-03 1.003916e-08 1.600277e-06 1.494054e-02
2.855133e+02 6.231829e-03 1.259707e-08 2.548885e-06 1.869292e-02
2.855529e+02 7.662506e-03 1.554530e-08 3.995678e-06 2.298351e-02
2.855925e+02 9.258888e-03 1.887204e-08 6.164758e-06 2.777048e-02
2.856322e+02 1.099464e-02 2.254871e-08 9.361262e-06 3.297453e-02
2.856718e+02 1.283036e-02 2.653288e-08 1.399135e-05 3.847707e-02
2.857114e+02 1.471414e-02 3.077509e-08 2.058317e-05 4.412182e-02
2.857510e+02 1.658335e-02 3.523179e-08 2.980702e-05 4.972022e-02
2.857906e+02 1.836771e-02 3.988405e-08 4.249241e-05 5.506059e-02
2.858302e+02 1.999346e-02 4.476429e-08 5.963884e-05 5.992070e-02
2.858698e+02 2.138841e-02 4.999037e-08 8.241707e-05 6.408276e-02
2.859095e+02 2.248722e-02 5.581260e-08 1.121573e-04 6.734943e-02
2.859491e+02 2.323656e-02 6.267007e-08 1.503210e-04 6.955930e-02
2.859887e+02 2.359953e-02 7.126281e-08 1.984549e-04 7.060007e-02
2.860283e+02 2.355875e-02 8.264026e-08 2.581253e-04 7.041806e-02
2.860679e+02 2.311789e-02 9.831107e-08 3.308365e-04 6.902274e-02
2.861075e+02 2.230135e-02 1.203775e-07 4.179351e-04 6.648599e-02
2.861471e+02 2.115219e-02 1.516996e-07 5.205083e-04 6.293592e-02
2.861868e+02 1.972856e-02 1.960920e-07 6.392850e-04 5.854620e-02
2.862264e+02 1.809893e-02 2.585582e-07 7.745485e-04 5.352198e-02
2.862660e+02 1.633684e-02 3.455645e-07 9.260733e-04 4.808410e-02
2.863056e+02 1.451559e-02 4.653502e-07 1.093092e-03 4.245322e-02
2.863452e+02 1.270346e-02 6.282716e-07 1.274302e-03 3.683544e-02
2.863848e+02 1.095981e-02 8.471717e-07 1.467907e-03 3.141066e-02
2.864244e+02 9.332447e-03 1.137759e-06 1.671702e-03 2.632450e-02
2.864641e+02 7.856257e-03 1.518982e-06 1.883182e-03 2.168407e-02
2.865037e+02 6.553041e-03 2.013371e-06 2.099670e-03 1.755744e-02
2.865433e+02 5.432448e-03 2.647326e-06 2.318443e-03 1.397625e-02
2.865829e+02 4.493670e-03 3.451313e-06 2.536857e-03 1.094070e-02
2.866225e+02 3.727606e-03 4.459951e-06 2.752436e-03 8.425921e-03
2.866621e+02 3.119210e-03 5.711943e-06 2.962936e-03 6.388983e-03
2.867017e+02 2.649760e-03 7.249835e-06 3.166370e-03 4.775659e-03
2.867414e+02 2.298855e-03 9.119562e-06 3.361008e-03 3.526437e-03
2.867810e+02 2.046042e-03 1.136977e-05 3.545345e-03 2.581413e-03
2.868206e+02 1.872011e-03 1.405090e-05 3.718063e-03 1.883921e-03
2.868602e+02 1.759375e-03 1.721395e-05 3.877999e-03 1.382910e-03
2.868998e+02 1.693089e-03 2.090907e-05 4.024124e-03 1.034234e-03
2.869394e+02 1.660587e-03 2.518376e-05 4.155542e-03 8.010359e-04
2.869790e+02 1.651701e-03 3.008093e-05 4.271521e-03 6.535014e-04
2.870186e+02 1.658453e-03 3.563672e-05 4.371539e-03 5.681833e-04
2.870583e+02 1.674779e-03 4.187818e-05 4.455349e-03 5.271103e-04
2.870979e+02 1.696227e-03 4.882095e-05 4.523034e-03 5.168270e-04
2.871375e+02 1.719665e-03 5.646707e-05 4.575056e-03 5.274727e-04
2.871771e+02 1.743014e-03 6.480314e-05 4.612275e-03 5.519634e-04
2.872167e+02 1.765012e-03 7.379900e-05 4.635928e-03 5.853084e-04
2.872563e+02 1.785018e-03 8.340710e-05 4.647580e-03 6.240654e-04
2.872959e+02 1.802840e-03 9.356290e-05 4.649032e-03 6.659262e-04
2.873356e+02 1.818602e-03 1.041863e-04 4.642210e-03 7.094101e-04
2.873752e+02 1.832624e-03 1.151843e-04 4.629042e-03 7.536451e-04
2.874148e+02 1.845336e-03 1.264547e-04 4.611341e-03 7.982114e-04
2.874544e+02 1.857209e-03 1.378906e-04 4.590706e-03 8.430297e-04
2.874940e+02 1.868707e-03 1.493861e-04 4.568459e-03 8.882747e-04
2.875336e+02 1.880255e-03 1.608418e-04 4.545620e-03 9.343037e-04
2.875732e+02 1.892228e-03 1.721697e-04 4.522921e-03 9.815922e-04
2.876129e+02 1.904941e-03 1.832988e-04 4.500854e-03 1.030671e-03
2.876525e+02 1.918665e-03 1.941779e-04 4.479755e-03 1.082063e-03
2.876921e+02 1.933630e-03 2.047779e-04 4.459884e-03 1.136229e-03
2.877317e+02 1.950040e-03 2.150920e-04 4.441518e-03 1.193509e-03
2.877713e+02 1.968078e-03 2.251341e-04 4.425017e-03 1.254084e-03
2.878109e+02 1.987914e-03 2.349359e-04 4.410862e-03 1.317944e-03
2.878505e+02 2.009692e-03 2.445417e-04 4.399662e-03 1.384872e-03
2.878902e+02 2.033524e-03 2.540034e-04 4.392117e-03 1.454451e-03
2.879298e+02 2.059468e-03 2.633748e-04 4.388953e-03 1.526077e-03
2.879694e+02 2.087509e-03 2.727056e-04 4.390825e-03 1.598997e-03
2.880090e+02 2.117532e-03 2.820372e-04 4.398209e-03 1.672351e-03
2.880486e+02 2.149311e-03 2.913989e-04 4.411304e-03 1.745231e-03
2.880882e+02 2.182493e-03 3.008065e-04 4.429937e-03 1.816735e-03
2.881278e+02 2.216602e-03 3.102617e-04 4.453513e-03 1.886032e-03
2.881675e+02 2.251056e-03 3.197538e-04 4.480994e-03 1.952419e-03
2.882071e+02 2.285192e-03 3.292627e-04 4.510929e-03 2.015384e-03
2.882467e+02 2.318315e-03 3.387624e-04 4.541527e-03 2.074655e-03
2.882863e+02 2.349749e-03 3.482258e-04 4.570770e-03 2.130250e-03
2.883259e+02 2.378901e-03 3.576288e-04 4.596550e-03 2.182524e-03
2.883655e+02 2.405325e-03 3.669540e-04 4.616824e-03 2.232198e-03
2.884051e+02 2.428788e-03 3.761938e-04 4.629768e-03 2.280403e-03
2.884448e+02 2.449323e-03 3.853518e-04 4.633916e-03 2.328702e-03
2.884844e+02 2.467280e-03 3.944437e-04 4.628263e-03 2.379134e-03
2.885240e+02 2.483362e-03 4.034961e-04 4.612342e-03 2.434249e-03
2.885636e+02 2.498657e-03 4.125456e-04 4.586247e-03 2.497177e-03
2.886032e+02 2.514654e-03 4.216362e-04 4.550615e-03 2.571712e-03
2.886428e+02 2.533275e-03 4.308174e-04 4.506575e-03 2.662433e-03
2.886824e+02 2.556888e-03 4.401424e-04 4.455652e-03 2.774871e-03
2.887221e+02 2.588345e-03 4.496667e-04 4.399660e-03 2.915708e-03
2.887617e+02 2.631015e-03 4.594473e-04 4.340583e-03 3.093016e-03
2.888013e+02 2.688829e-03 4.695420e-04 4.280447e-03 3.316498e-03
2.888409e+02 2.766314e-03 4.800096e-04 4.221220e-03 3.597714e-03
2.888805e+02 2.868616e-03 4.909087e-04 4.164711e-03 3.950229e-03
2.889201e+02 3.001479e-03 5.022972e-04 4.112511e-03 4.389630e-03
2.889597e+02 3.171169e-03 5.142298e-04 4.065942e-03 4.933336e-03
2.889993e+02 3.384312e-03 5.267552e-04 4.026043e-03 5.600138e-03
2.890390e+02 3.647628e-03 5.399127e-04 3.993569e-03 6.409402e-03
2.890786e+02 3.967544e-03 5.537277e-04 3.969004e-03 7.379899e-03
2.891182e+02 4.349688e-03 5.682085e-04 3.952589e-03 8.528266e-03
2.891578e+02 4.798279e-03 5.833429e-04 3.944346e-03 9.867148e-03
2.891974e+02 5.315440e-03 5.990965e-04 3.944102e-03 1.140312e-02
2.892370e+02 5.900498e-03 6.154125e-04 3.951511e-03 1.313457e-02
2.892766e+02 6.549346e-03 6.322129e-04 3.966068e-03 1.504976e-02
2.893163e+02 7.253929e-03 6.494010e-04 3.987113e-03 1.712527e-02
2.893559e+02 8.001981e-03 6.668648e-04 4.013843e-03 1.932523e-02
2.893955e+02 8.777043e-03 6.844806e-04 4.045321e-03 2.160133e-02
2.894351e+02 9.558861e-03 7.021163e-04 4.080490e-03 2.389398e-02
2.894747e+02 1.032416e-02 7.196341e-04 4.118210e-03 2.613462e-02
2.895143e+02 1.104776e-02 7.368930e-04 4.157296e-03 2.824908e-02
2.895539e+02 1.170403e-02 7.537507e-04 4.196582e-03 3.016175e-02
2.895936e+02 1.226848e-02 7.700657e-04 4.234991e-03 3.180039e-02
2.896332e+02 1.271944e-02 7.857001e-04 4.271613e-03 3.310100e-02
2.896728e+02 1.303956e-02 8.005239e-04 4.305782e-03 3.401238e-02
2.897124e+02 1.321714e-02 8.144200e-04 4.337144e-03 3.449985e-02
2.897520e+02 1.324692e-02 8.272906e-04 4.365698e-03 3.454777e-02
2.897916e+02 1.313052e-02 8.390647e-04 4.391823e-03 3.416067e-02
2.898312e+02 1.287623e-02 8.497047e-04 4.416251e-03 3.336272e-02
2.898709e+02 1.249832e-02 8.592128e-04 4.440025e-03 3.219572e-02
2.899105e+02 1.201597e-02 8.676343e-04 4.464405e-03 3.071586e-02
2.899501e+02 1.145175e-02 8.750587e-04 4.490759e-03 2.898943e-02
2.899897e+02 1.083007e-02 8.816173e-04 4.520428e-03 2.708818e-02
2.900293e+02 1.017554e-02 8.874774e-04 4.554591e-03 2.508456e-02
2.900689e+02 9.511446e-03 8.928339e-04 4.594133e-03 2.304737e-02
2.901085e+02 8.858545e-03 8.978977e-04 4.639542e-03 2.103820e-02
2.901482e+02 8.234159e-03 9.028846e-04 4.690839e-03 1.910875e-02
2.901878e+02 7.651642e-03 9.080024e-04 4.747546e-03 1.729938e-02
2.902274e+02 7.120228e-03 9.134402e-04 4.808711e-03 1.563853e-02
2.902670e+02 6.645199e-03 9.193587e-04 4.872971e-03 1.414327e-02
2.903066e+02 6.228315e-03 9.258834e-04 4.938663e-03 1.282040e-02
2.903462e+02 5.868424e-03 9.331009e-04 5.003961e-03 1.166821e-02
2.903858e+02 5.562158e-03 9.410575e-04 5.067025e-03 1.067839e-02
2.904255e+02 5.304647e-03 9.497614e-04 5.126166e-03 9.838014e-03
2.904651e+02 5.090187e-03 9.591875e-04 5.179981e-03 9.131394e-03
2.905047e+02 4.912805e-03 9.692845e-04 5.227468e-03 8.541662e-03
2.905443e+02 4.766707e-03 9.799836e-04 5.268110e-03 8.052027e-03
2.905839e+02 4.646601e-03 9.912086e-04 5.301909e-03 7.646686e-03
2.906235e+02 4.547893e-03 1.002887e-03 5.329380e-03 7.311411e-03
2.906631e+02 4.466773e-03 1.014957e-03 5.351507e-03 7.033855e-03
2.907028e+02 4.400226e-03 1.027383e-03 5.369663e-03 6.803630e-03
2.907424e+02 4.345967e-03 1.040154e-03 5.385510e-03 6.612237e-03
2.907820e+02 4.302351e-03 1.053294e-03 5.400879e-03 6.452880e-03
2.908216e+02 4.268244e-03 1.066858e-03 5.417646e-03 6.320227e-03
2.908612e+02 4.242902e-03 1.080936e-03 5.437617e-03 6.210152e-03
2.909008e+02 4.225843e-03 1.095642e-03 5.462418e-03 6.119468e-03
2.909404e+02 4.216732e-03 1.111108e-03 5.493405e-03 6.045684e-03
2.909800e+02 4.215284e-03 1.127480e-03 5.531592e-03 5.986782e-03
2.910197e+02 4.221179e-03 1.144902e-03 5.577609e-03 5.941026e-03
2.910593e+02 4.234001e-03 1.163514e-03 5.631682e-03 5.906807e-03
2.910989e+02 4.253201e-03 1.183444e-03 5.693634e-03 5.882524e-03
2.911385e+02 4.278081e-03 1.204807e-03 5.762924e-03 5.866512e-03
2.911781e+02 4.307803e-03 1.227704e-03 5.838695e-03 5.857008e-03
2.912177e+02 4.341417e-03 1.252234e-03 5.919852e-03 5.852164e-03
2.912573e+02 4.377913e-03 1.278493e-03 6.005150e-03 5.850095e-03
2.912970e+02 4.416283e-03 1.306595e-03 6.093286e-03 5.848966e-03
2.913366e+02 4.455590e-03 1.336681e-03 6.182999e-03 5.847090e-03
2.913762e+02 4.495037e-03 1.368930e-03 6.273152e-03 5.843030e-03
2.914158e+02 4.534023e-03 1.403571e-03 6.362799e-03 5.835701e-03
2.914554e+02 4.572184e-03 1.440891e-03 6.451228e-03 5.824434e-03
2.914950e+02 4.609409e-03 1.481236e-03 6.537975e-03 5.809015e-03
2.915346e+02 4.645827e-03 1.525008e-03 6.622805e-03 5.789669e-03
2.915743e+02 4.681779e-03 1.572658e-03 6.705668e-03 5.767012e-03
2.916139e+02 4.717756e-03 1.624677e-03 6.786628e-03 5.741963e-03
2.916535e+02 4.754329e-03 1.681579e-03 6.865783e-03 5.715625e-03
2.916931e+02 4.792074e-03 1.743888e-03 6.943181e-03 5.689154e-03
2.917327e+02 4.831504e-03 1.812124e-03 7.018746e-03 5.663641e-03
2.917723e+02 4.873005e-03 1.886795e-03 7.092226e-03 5.639994e-03
2.918119e+02 4.916805e-03 1.968385e-03 7.163164e-03 5.618865e-03
2.918516e+02 4.962960e-03 2.057357e-03 7.230917e-03 5.600605e-03
2.918912e+02 5.011365e-03 2.154151e-03 7.294689e-03 5.585255e-03
2.919308e+02 5.061793e-03 2.259190e-03 7.353611e-03 5.572578e-03
2.919704e+02 5.113942e-03 2.372885e-03 7.406828e-03 5.562114e-03
2.920100e+02 5.167495e-03 2.495642e-03 7.453595e-03 5.553248e-03
2.920496e+02 5.222178e-03 2.627867e-03 7.493375e-03 5.545292e-03
2.920892e+02 5.277805e-03 2.769963e-03 7.525901e-03 5.537553e-03
2.921289e+02 5.334315e-03 2.922327e-03 7.551221e-03 5.529395e-03
2.921685e+02 5.391775e-03 3.085339e-03 7.569704e-03 5.520281e-03
2.922081e+02 5.450378e-03 3.259342e-03 7.582001e-03 5.509792e-03
2.922477e+02 5.510412e-03 3.444618e-03 7.588982e-03 5.497637e-03
2.922873e+02 5.572216e-03 3.641361e-03 7.591645e-03 5.483642e-03
2.923269e+02 5.636135e-03 3.849647e-03 7.591013e-03 5.467746e-03
2.923665e+02 5.702471e-03 4.069397e-03 7.588032e-03 5.449984e-03
2.924062e+02 5.771439e-03 4.300352e-03 7.583485e-03 5.430479e-03
2.924458e+02 5.843143e-03 4.542048e-03 7.577932e-03 5.409449e-03
2.924854e+02 5.917559e-03 4.793798e-03 7.571674e-03 5.387204e-03
2.925250e+02 5.994536e-03 5.054688e-03 7.564761e-03 5.364159e-03
2.925646e+02 6.073813e-03 5.323576e-03 7.557025e-03 5.340836e-03
2.926042e+02 6.155039e-03 5.599115e-03 7.548137e-03 5.317866e-03
2.926438e+02 6.237806e-03 5.879769e-03 7.537682e-03 5.295968e-03
2.926835e+02 6.321671e-03 6.163853e-03 7.525237e-03 5.275923e-03
2.927231e+02 6.406182e-03 6.449565e-03 7.510449e-03 5.258531e-03
2.927627e+02 6.490889e-03 6.735027e-03 7.493092e-03 5.244548e-03
2.928023e+02 6.575351e-03 7.018317e-03 7.473104e-03 5.234633e-03
2.928419e+02 6.659133e-03 7.297512e-03 7.450607e-03 5.229281e-03
2.928815e+02 6.741795e-03 7.570706e-03 7.425893e-03 5.228785e-03
2.929211e+02 6.822877e-03 7.836047e-03 7.399392e-03 5.233192e-03
2.929607e+02 6.901895e-03 8.091753e-03 7.371627e-03 5.242306e-03
2.930004e+02 6.978327e-03 8.336135e-03 7.343156e-03 5.255691e-03
2.930400e+02 7.051619e-03 8.567627e-03 7.314516e-03 5.272714e-03
2.930796e+02 7.121191e-03 8.784809e-03 7.286174e-03 5.292591e-03
2.931192e+02 7.186459e-03 8.986438e-03 7.258489e-03 5.314451e-03
2.931588e+02 7.246862e-03 9.171489e-03 7.231696e-03 5.337401e-03
2.931984e+02 7.301891e-03 9.339186e-03 7.205900e-03 5.360585e-03
2.932380e+02 7.351126e-03 9.489049e-03 7.181093e-03 5.383236e-03
2.932777e+02 7.394270e-03 9.620925e-03 7.157176e-03 5.404709e-03
2.933173e+02 7.431170e-03 9.735018e-03 7.133992e-03 5.424500e-03
2.933569e+02 7.461840e-03 9.831913e-03 7.111353e-03 5.442254e-03
2.933965e+02 7.486468e-03 9.912580e-03 7.089074e-03 5.457750e-03
2.934361e+02 7.505410e-03 9.978358e-03 7.066985e-03 5.470886e-03
2.934757e+02 7.519174e-03 1.003092e-02 7.044950e-03 5.481651e-03
2.935153e+02 7.528397e-03 1.007222e-02 7.022873e-03 5.490101e-03
2.935550e+02 7.533808e-03 1.010439e-02 7.000704e-03 5.496334e-03
2.935946e+02 7.536186e-03 1.012964e-02 6.978445e-03 5.500475e-03
2.936342e+02 7.536323e-03 1.015015e-02 6.956160e-03 5.502661e-03
2.936738e+02 7.534976e-03 1.016790e-02 6.933988e-03 5.503041e-03
2.937134e+02 7.532837e-03 1.018458e-02 6.912161e-03 5.501775e-03
2.937530e+02 7.530497e-03 1.020143e-02 6.891017e-03 5.499040e-03
2.937926e+02 7.528427e-03 1.021923e-02 6.871012e-03 5.495036e-03
2.938323e+02 7.526970e-03 1.023821e-02 6.852717e-03 5.489986e-03
2.938719e+02 7.526338e-03 1.025808e-02 6.836804e-03 5.484135e-03
2.939115e+02 7.526629e-03 1.027813e-02 6.824008e-03 5.477744e-03
2.939511e+02 7.527844e-03 1.029738e-02 6.815080e-03 5.471073e-03
2.939907e+02 7.529924e-03 1.031468e-02 6.810719e-03 5.464370e-03
2.940303e+02 7.532787e-03 1.032901e-02 6.811501e-03 5.457851e-03
2.940699e+02 7.536361e-03 1.033958e-02 6.817809e-03 5.451692e-03
2.941096e+02 7.540630e-03 1.034610e-02 6.829776e-03 5.446018e-03
2.941492e+02 7.545667e-03 1.034885e-02 6.847243e-03 5.440911e-03
2.941888e+02 7.551655e-03 1.034879e-02 6.869756e-03 5.436417e-03
2.942284e+02 7.558905e-03 1.034757e-02 6.896583e-03 5.432567e-03
2.942680e+02 7.567852e-03 1.034739e-02 6.926771e-03 5.429395e-03
2.943076e+02 7.579030e-03 1.035090e-02 6.959232e-03 5.426954e-03
2.943472e+02 7.593038e-03 1.036095e-02 6.992833e-03 5.425330e-03
2.943869e+02 7.610480e-03 1.038029e-02 7.026514e-03 5.424639e-03
2.944265e+02 7.631885e-03 1.041126e-02 7.059379e-03 5.425016e-03
2.944661e+02 7.657629e-03 1.045553e-02 7.090772e-03 5.426584e-03
2.945057e+02 7.687842e-03 1.051378e-02 7.120328e-03 5.429423e-03
2.945453e+02 7.722324e-03 1.058547e-02 7.147971e-03 5.433534e-03
2.945849e+02 7.760482e-03 1.066876e-02 7.173882e-03 5.438802e-03
2.946245e+02 7.801291e-03 1.076047e-02 7.198423e-03 5.444980e-03
2.946642e+02 7.843293e-03 1.085616e-02 7.222038e-03 5.451681e-03
2.947038e+02 7.884638e-03 1.095037e-02 7.245148e-03 5.458398e-03
2.947434e+02 7.923177e-03 1.103696e-02 7.268037e-03 5.464538e-03
2.947830e+02 7.956584e-03 1.110950e-02 7.290777e-03 5.469479e-03
2.948226e+02 7.982525e-03 1.116177e-02 7.313174e-03 5.472629e-03
2.948622e+02 7.998838e-03 1.118826e-02 7.334765e-03 5.473491e-03
2.949018e+02 8.003709e-03 1.118455e-02 7.354856e-03 5.471723e-03
2.949414e+02 7.995841e-03 1.114775e-02 7.372597e-03 5.467173e-03
2.949811e+02 7.974574e-03 1.107674e-02 7.387081e-03 5.459903e-03
2.950207e+02 7.939960e-03 1.097224e-02 7.397461e-03 5.450178e-03
2.950603e+02 7.892772e-03 1.083683e-02 7.403048e-03 5.438440e-03
2.950999e+02 7.834451e-03 1.067470e-02 7.403395e-03 5.425259e-03
2.951395e+02 7.766991e-03 1.049136e-02 7.398346e-03 5.411267e-03
2.951791e+02 7.692784e-03 1.029321e-02 7.388041e-03 5.397095e-03
2.952187e+02 7.614426e-03 1.008708e-02 7.372891e-03 5.383306e-03
2.952584e+02 7.534523e-03 9.879710e-03 7.353517e-03 5.370344e-03
2.952980e+02 7.455501e-03 9.677329e-03 7.330679e-03 5.358495e-03
2.953376e+02 7.379448e-03 9.485270e-03 7.305196e-03 5.347878e-03
2.953772e+02 7.308005e-03 9.307691e-03 7.277879e-03 5.338446e-03
2.954168e+02 7.242301e-03 9.147412e-03 7.249480e-03 5.330012e-03
2.954564e+02 7.182947e-03 9.005874e-03 7.220676e-03 5.322292e-03
2.954960e+02 7.130079e-03 8.883214e-03 7.192074e-03 5.314949e-03
2.955357e+02 7.083436e-03 8.778429e-03 7.164235e-03 5.307645e-03
2.955753e+02 7.042474e-03 8.689616e-03 7.137719e-03 5.300087e-03
2.956149e+02 7.006480e-03 8.614257e-03 7.113126e-03 5.292058e-03
2.956545e+02 6.974696e-03 8.549519e-03 7.091131e-03 5.283438e-03
2.956941e+02 6.946418e-03 8.492550e-03 7.072499e-03 5.274205e-03
2.957337e+02 6.921079e-03 8.440742e-03 7.058077e-03 5.264418e-03
2.957733e+02 6.898299e-03 8.391950e-03 7.048759e-03 5.254187e-03
2.958130e+02 6.877907e-03 8.344652e-03 7.045432e-03 5.243638e-03
2.958526e+02 6.859935e-03 8.298041e-03 7.048897e-03 5.232866e-03
2.958922e+02 6.844581e-03 8.252054e-03 7.059791e-03 5.221898e-03
2.959318e+02 6.832170e-03 8.207335e-03 7.078510e-03 5.210664e-03
2.959714e+02 6.823090e-03 8.165138e-03 7.105146e-03 5.198986e-03
2.960110e+02 6.817736e-03 8.127179e-03 7.139451e-03 5.186577e-03
2.960506e+02 6.816450e-03 8.095458e-03 7.180821e-03 5.173072e-03
2.960903e+02 6.819482e-03 8.072047e-03 7.228330e-03 5.158069e-03
2.961299e+02 6.826946e-03 8.058888e-03 7.280773e-03 5.141177e-03
2.961695e+02 6.838809e-03 8.057588e-03 7.336754e-03 5.122085e-03
2.962091e+02 6.854881e-03 8.069255e-03 7.394779e-03 5.100609e-03
2.962487e+02 6.874824e-03 8.094367e-03 7.453360e-03 5.076745e-03
2.962883e+02 6.898172e-03 8.132707e-03 7.511116e-03 5.050694e-03
2.963279e+02 6.924358e-03 8.183346e-03 7.566862e-03 5.022866e-03
2.963676e+02 6.952745e-03 8.244697e-03 7.619674e-03 4.993864e-03
2.964072e+02 6.982663e-03 8.314619e-03 7.668929e-03 4.964440e-03
2.964468e+02 7.013443e-03 8.390568e-03 7.714320e-03 4.935440e-03
2.964864e+02 7.044449e-03 8.469773e-03 7.755841e-03 4.907734e-03
2.965260e+02 7.075110e-03 8.549429e-03 7.793757e-03 4.882144e-03
2.965656e+02 7.104943e-03 8.626881e-03 7.828560e-03 4.859389e-03
2.966052e+02 7.133578e-03 8.699784e-03 7.860921e-03 4.840028e-03
2.966449e+02 7.160777e-03 8.766239e-03 7.891648e-03 4.824444e-03
2.966845e+02 7.186457e-03 8.824884e-03 7.921654e-03 4.812833e-03
2.967241e+02 7.210698e-03 8.874947e-03 7.951925e-03 4.805224e-03
2.967637e+02 7.233764e-03 8.916260e-03 7.983513e-03 4.801518e-03
2.968033e+02 7.256098e-03 8.949244e-03 8.017519e-03 4.801533e-03
2.968429e+02 7.278329e-03 8.974860e-03 8.055069e-03 4.805058e-03
2.968825e+02 7.301244e-03 8.994548e-03 8.097287e-03 4.811898e-03
2.969221e+02 7.325760e-03 9.010134e-03 8.145228e-03 4.821916e-03
2.969618e+02 7.352861e-03 9.023728e-03 8.199805e-03 4.835050e-03
2.970014e+02 7.383531e-03 9.037603e-03 8.261671e-03 4.851317e-03
2.970410e+02 7.418653e-03 9.054047e-03 8.331107e-03 4.870804e-03
2.970806e+02 7.458908e-03 9.075204e-03 8.407887e-03 4.893634e-03
2.971202e+02 7.504666e-03 9.102899e-03 8.491170e-03 4.919929e-03
2.971598e+02 7.555882e-03 9.138457e-03 8.579422e-03 4.949767e-03
2.971994e+02 7.612020e-03 9.182531e-03 8.670389e-03 4.983141e-03
2.972391e+02 7.672002e-03 9.234957e-03 8.761127e-03 5.019921e-03
2.972787e+02 7.734199e-03 9.294655e-03 8.848107e-03 5.059833e-03
2.973183e+02 7.796474e-03 9.359587e-03 8.927385e-03 5.102448e-03
2.973579e+02 7.856269e-03 9.426799e-03 8.994825e-03 5.147182e-03
2.973975e+02 7.910738e-03 9.492542e-03 9.046360e-03 5.193310e-03
2.974371e+02 7.956914e-03 9.552477e-03 9.078270e-03 5.239996e-03
2.974767e+02 7.991906e-03 9.601955e-03 9.087442e-03 5.286322e-03
2.975164e+02 8.013092e-03 9.636340e-03 9.071606e-03 5.331331e-03
2.975560e+02 8.018310e-03 9.651365e-03 9.029501e-03 5.374065e-03
2.975956e+02 8.006022e-03 9.643479e-03 8.960976e-03 5.413611e-03
2.976352e+02 7.975435e-03 9.610153e-03 8.867016e-03 5.449136e-03
2.976748e+02 7.926577e-03 9.550120e-03 8.749686e-03 5.479926e-03
2.977144e+02 7.860313e-03 9.463527e-03 8.612001e-03 5.505410e-03
2.977540e+02 7.778306e-03 9.351976e-03 8.457755e-03 5.525187e-03
2.977937e+02 7.682931e-03 9.218466e-03 8.291295e-03 5.539032e-03
2.978333e+02 7.577140e-03 9.067217e-03 8.117294e-03 5.546908e-03
2.978729e+02 7.464292e-03 8.903418e-03 7.940510e-03 5.548950e-03
2.979125e+02 7.347977e-03 8.732900e-03 7.765573e-03 5.545457e-03
2.979521e+02 7.231813e-03 8.561773e-03 7.596796e-03 5.536869e-03
2.979917e+02 7.119272e-03 8.396051e-03 7.438026e-03 5.523737e-03
2.980313e+02 7.013507e-03 8.241298e-03 7.292533e-03 5.506690e-03
2.980710e+02 6.917223e-03 8.102318e-03 7.162947e-03 5.486404e-03
2.981106e+02 6.832570e-03 7.982914e-03 7.051227e-03 5.463568e-03
2.981502e+02 6.761084e-03 7.885730e-03 6.958666e-03 5.438855e-03
2.981898e+02 6.703669e-03 7.812184e-03 6.885925e-03 5.412899e-03
2.982294e+02 6.660614e-03 7.762490e-03 6.833077e-03 5.386276e-03
2.982690e+02 6.631647e-03 7.735771e-03 6.799674e-03 5.359496e-03
2.983086e+02 6.616015e-03 7.730239e-03 6.784810e-03 5.332997e-03
2.983483e+02 6.612589e-03 7.743431e-03 6.787184e-03 5.307153e-03
2.983879e+02 6.619974e-03 7.772483e-03 6.805158e-03 5.282280e-03
2.984275e+02 6.636621e-03 7.814400e-03 6.836808e-03 5.258654e-03
2.984671e+02 6.660940e-03 7.866324e-03 6.879971e-03 5.236525e-03
2.985067e+02 6.691389e-03 7.925751e-03 6.932285e-03 5.216131e-03
2.985463e+02 6.726548e-03 7.990698e-03 6.991231e-03 5.197714e-03
2.985859e+02 6.765172e-03 8.059803e-03 7.054189e-03 5.181523e-03
2.986256e+02 6.806220e-03 8.132339e-03 7.118502e-03 5.167818e-03
2.986652e+02 6.848861e-03 8.208166e-03 7.181557e-03 5.156860e-03
2.987048e+02 6.892464e-03 8.287612e-03 7.240884e-03 5.148896e-03
2.987444e+02 6.936573e-03 8.371307e-03 7.294276e-03 5.144134e-03
2.987840e+02 6.980875e-03 8.459996e-03 7.339901e-03 5.142727e-03
2.988236e+02 7.025166e-03 8.554337e-03 7.376425e-03 5.144735e-03
2.988632e+02 7.069317e-03 8.654727e-03 7.403110e-03 5.150115e-03
2.989028e+02 7.113247e-03 8.761163e-03 7.419883e-03 5.158695e-03
2.989425e+02 7.156899e-03 8.873153e-03 7.427367e-03 5.170178e-03
2.989821e+02 7.200231e-03 8.989687e-03 7.426865e-03 5.184142e-03
2.990217e+02 7.243209e-03 9.109273e-03 7.420292e-03 5.200061e-03
2.990613e+02 7.285806e-03 9.230016e-03 7.410068e-03 5.217334e-03
2.991009e+02 7.328012e-03 9.349749e-03 7.398968e-03 5.235319e-03
2.991405e+02 7.369838e-03 9.466183e-03 7.389957e-03 5.253374e-03
2.991801e+02 7.411326e-03 9.577073e-03 7.386008e-03 5.270896e-03
2.992198e+02 7.452554e-03 9.680372e-03 7.389936e-03 5.287353e-03
2.992594e+02 7.493644e-03 9.774377e-03 7.404241e-03 5.302313e-03
2.992990e+02 7.534763e-03 9.857841e-03 7.430987e-03 5.315460e-03
2.993386e+02 7.576120e-03 9.930059e-03 7.471701e-03 5.326601e-03
2.993782e+02 7.617967e-03 9.990922e-03 7.527316e-03 5.335664e-03
2.994178e+02 7.660584e-03 1.004093e-02 7.598127e-03 5.342690e-03
2.994574e+02 7.704270e-03 1.008121e-02 7.683782e-03 5.347819e-03
2.994971e+02 7.749332e-03 1.011345e-02 7.783282e-03 5.351267e-03
2.995367e+02 7.796061e-03 1.013987e-02 7.895000e-03 5.353310e-03
2.995763e+02 7.844719e-03 1.016319e-02 8.016712e-03 5.354256e-03
2.996159e+02 7.895516e-03 1.018649e-02 8.145645e-03 5.354417e-03
2.996555e+02 7.948595e-03 1.021316e-02 8.278545e-03 5.354080e-03
2.996951e+02 8.004014e-03 1.024680e-02 8.411766e-03 5.353475e-03
2.997347e+02 8.061736e-03 1.029108e-02 8.541393e-03 5.352738e-03
2.997744e+02 8.121629e-03 1.034961e-02 8.663395e-03 5.351885e-03
2.998140e+02 8.183463e-03 1.042581e-02 8.773797e-03 5.350782e-03
2.998536e+02 8.246922e-03 1.052274e-02 8.868886e-03 5.349138e-03
2.998932e+02 8.311618e-03 1.064293e-02 8.945419e-03 5.346503e-03
2.999328e+02 8.377110e-03 1.078822e-02 9.000823e-03 5.342288e-03
2.999724e+02 8.442919e-03 1.095957e-02 9.033379e-03 5.335809e-03
3.000120e+02 8.508551e-03 1.115696e-02 9.042360e-03 5.326336e-03
3.000517e+02 8.573507e-03 1.137924e-02 9.028119e-03 5.313160e-03
3.000913e+02 8.637295e-03 1.162412e-02 8.992103e-03 5.295666e-03
3.001309e+02 8.699436e-03 1.188811e-02 8.936802e-03 5.273393e-03
3.001705e+02 8.759465e-03 1.216669e-02 8.865619e-03 5.246086e-03
3.002101e+02 8.816937e-03 1.245440e-02 8.782683e-03 5.213731e-03
3.002497e+02 8.871428e-03 1.274513e-02 8.692597e-03 5.176563e-03
3.002893e+02 8.922549e-03 1.303243e-02 8.600167e-03 5.135048e-03
3.003290e+02 8.969959e-03 1.330991e-02 8.510104e-03 5.089857e-03
3.003686e+02 9.013390e-03 1.357162e-02 8.426747e-03 5.041808e-03
3.004082e+02 9.052681e-03 1.381242e-02 8.353808e-03 4.991815e-03
3.004478e+02 9.087804e-03 1.402841e-02 8.294173e-03 4.940830e-03
3.004874e+02 9.118900e-03 1.421714e-02 8.249770e-03 4.889793e-03
3.005270e+02 9.146303e-03 1.437780e-02 8.221510e-03 4.839596e-03
3.005666e+02 9.170548e-03 1.451128e-02 8.209310e-03 4.791056e-03
3.006063e+02 9.192369e-03 1.462001e-02 8.212184e-03 4.744912e-03
3.006459e+02 9.212675e-03 1.470781e-02 8.228398e-03 4.701821e-03
3.006855e+02 9.232496e-03 1.477944e-02 8.255676e-03 4.662373e-03
3.007251e+02 9.252923e-03 1.484025e-02 8.291421e-03 4.627100e-03
3.007647e+02 9.275023e-03 1.489564e-02 8.332939e-03 4.596490e-03
3.008043e+02 9.299749e-03 1.495061e-02 8.377651e-03 4.570984e-03
3.008439e+02 9.327852e-03 1.500932e-02 8.423256e-03 4.550976e-03
3.008835e+02 9.359799e-03 1.507474e-02 8.467854e-03 4.536798e-03
3.009232e+02 9.395714e-03 1.514844e-02 8.510010e-03 4.528692e-03
3.009628e+02 9.435347e-03 1.523049e-02 8.548768e-03 4.526783e-03
3.010024e+02 9.478072e-03 1.531955e-02 8.583617e-03 4.531048e-03
3.010420e+02 9.522920e-03 1.541304e-02 8.614433e-03 4.541288e-03
3.010816e+02 9.568651e-03 1.550746e-02 8.641389e-03 4.557108e-03
3.011212e+02 9.613843e-03 1.559874e-02 8.664878e-03 4.577913e-03
3.011608e+02 9.657003e-03 1.568266e-02 8.685430e-03 4.602919e-03
3.012005e+02 9.696685e-03 1.575522e-02 8.703647e-03 4.631182e-03
3.012401e+02 9.731598e-03 1.581298e-02 8.720162e-03 4.661652e-03
3.012797e+02 9.760698e-03 1.585326e-02 8.735603e-03 4.693231e-03
3.013193e+02 9.783256e-03 1.587433e-02 8.750579e-03 4.724857e-03
3.013589e+02 9.798888e-03 1.587542e-02 8.765668e-03 4.755578e-03
3.013985e+02 9.807556e-03 1.585662e-02 8.781408e-03 4.784638e-03
3.014381e+02 9.809541e-03 1.581880e-02 8.798286e-03 4.811534e-03
3.014778e+02 9.805388e-03 1.576337e-02 8.816721e-03 4.836071e-03
3.015174e+02 9.795837e-03 1.569209e-02 8.837045e-03 4.858380e-03
3.015570e+02 9.781746e-03 1.560684e-02 8.859489e-03 4.878910e-03
3.015966e+02 9.764021e-03 1.550950e-02 8.884165e-03 4.898395e-03
3.016362e+02 9.743553e-03 1.540181e-02 8.911069e-03 4.917784e-03
3.016758e+02 9.721172e-03 1.528527e-02 8.940086e-03 4.938162e-03
3.017154e+02 9.697624e-03 1.516122e-02 8.971016e-03 4.960641e-03
3.017551e+02 9.673559e-03 1.503081e-02 9.003610e-03 4.986258e-03
3.017947e+02 9.649541e-03 1.489514e-02 9.037609e-03 5.015870e-03
3.018343e+02 9.626069e-03 1.475535e-02 9.072792e-03 5.050069e-03
3.018739e+02 9.603604e-03 1.461270e-02 9.109008e-03 5.089108e-03
3.019135e+02 9.582593e-03 1.446872e-02 9.146202e-03 5.132861e-03
3.019531e+02 9.563494e-03 1.432525e-02 9.184419e-03 5.180814e-03
3.019927e+02 9.546780e-03 1.418447e-02 9.223783e-03 5.232081e-03
3.020324e+02 9.532940e-03 1.404890e-02 9.264468e-03 5.285449e-03
3.020720e+02 9.522461e-03 1.392129e-02 9.306641e-03 5.339452e-03
3.021116e+02 9.515791e-03 1.380450e-02 9.350411e-03 5.392460e-03
3.021512e+02 9.513299e-03 1.370135e-02 9.395774e-03 5.442774e-03
3.021908e+02 9.515227e-03 1.361436e-02 9.442585e-03 5.488741e-03
3.022304e+02 9.521642e-03 1.354554e-02 9.490541e-03 5.528845e-03
3.022700e+02 9.532398e-03 1.349618e-02 9.539206e-03 5.561812e-03
3.023097e+02 9.547117e-03 1.346662e-02 9.588059e-03 5.586674e-03
3.023493e+02 9.565184e-03 1.345614e-02 9.636575e-03 5.602836e-03
3.023889e+02 9.585773e-03 1.346290e-02 9.684316e-03 5.610099e-03
3.024285e+02 9.607889e-03 1.348396e-02 9.731041e-03 5.608668e-03
3.024681e+02 9.630438e-03 1.351540e-02 9.776785e-03 5.599129e-03
3.025077e+02 9.652301e-03 1.355257e-02 9.821933e-03 5.582397e-03
3.025473e+02 9.672419e-03 1.359036e-02 9.867245e-03 5.559648e-03
3.025870e+02 9.689869e-03 1.362355e-02 9.913832e-03 5.532231e-03
3.026266e+02 9.703927e-03 1.364712e-02 9.963089e-03 5.501577e-03
3.026662e+02 9.714108e-03 1.365665e-02 1.001658e-02 5.469096e-03
3.027058e+02 9.720181e-03 1.364855e-02 1.007590e-02 5.436093e-03
3.027454e+02 9.722157e-03 1.362030e-02 1.014248e-02 5.403689e-03
3.027850e+02 9.720254e-03 1.357056e-02 1.021744e-02 5.372768e-03
3.028246e+02 9.714842e-03 1.349916e-02 1.030143e-02 5.343942e-03
3.028642e+02 9.706380e-03 1.340709e-02 1.039451e-02 5.317540e-03
3.029039e+02 9.695351e-03 1.329634e-02 1.049608e-02 5.293630e-03
3.029435e+02 9.682209e-03 1.316968e-02 1.060490e-02 5.272045e-03
3.029831e+02 9.667333e-03 1.303046e-02 1.071910e-02 5.252439e-03
3.030227e+02 9.651007e-03 1.288239e-02 1.083628e-02 5.234346e-03
3.030623e+02 9.633414e-03 1.272929e-02 1.095371e-02 5.217246e-03
3.031019e+02 9.614649e-03 1.257489e-02 1.106843e-02 5.200628e-03
3.031415e+02 9.594745e-03 1.242272e-02 1.117746e-02 5.184053e-03
3.031812e+02 9.573709e-03 1.227594e-02 1.127799e-02 5.167202e-03
3.032208e+02 9.551549e-03 1.213724e-02 1.136749e-02 5.149921e-03
3.032604e+02 9.528306e-03 1.200883e-02 1.144385e-02 5.132240e-03
3.033000e+02 9.504071e-03 1.189235e-02 1.150547e-02 5.114394e-03
3.033396e+02 9.478989e-03 1.178886e-02 1.155130e-02 5.096811e-03
3.033792e+02 9.453257e-03 1.169884e-02 1.158083e-02 5.080100e-03
3.034188e+02 9.427107e-03 1.162218e-02 1.159413e-02 5.065015e-03
3.034585e+02 9.400787e-03 1.155820e-02 1.159176e-02 5.052405e-03
3.034981e+02 9.374538e-03 1.150571e-02 1.157474e-02 5.043160e-03
3.035377e+02 9.348577e-03 1.146306e-02 1.154454e-02 5.038138e-03
3.035773e+02 9.323085e-03 1.142823e-02 1.150293e-02 5.038097e-03
3.036169e+02 9.298200e-03 1.139898e-02 1.145200e-02 5.043622e-03
3.036565e+02 9.274027e-03 1.137298e-02 1.139404e-02 5.055066e-03
3.036961e+02 9.250646e-03 1.134798e-02 1.133146e-02 5.072498e-03
3.037358e+02 9.228133e-03 1.132195e-02 1.126677e-02 5.095677e-03
3.037754e+02 9.206580e-03 1.129326e-02 1.120244e-02 5.124043e-03
3.038150e+02 9.186107e-03 1.126072e-02 1.114086e-02 5.156744e-03
3.038546e+02 9.166884e-03 1.122371e-02 1.108426e-02 5.192676e-03
3.038942e+02 9.149123e-03 1.118216e-02 1.103465e-02 5.230553e-03
3.039338e+02 9.133081e-03 1.113651e-02 1.099375e-02 5.268985e-03
3.039734e+02 9.119034e-03 1.108758e-02 1.096295e-02 5.306571e-03
3.040131e+02 9.107254e-03 1.103649e-02 1.094329e-02 5.341981e-03
3.040527e+02 9.097972e-03 1.098443e-02 1.093546e-02 5.374030e-03
3.040923e+02 9.091334e-03 1.093252e-02 1.093974e-02 5.401738e-03
3.041319e+02 9.087366e-03 1.088166e-02 1.095607e-02 5.424363e-03
3.041715e+02 9.085939e-03 1.083235e-02 1.098405e-02 5.441412e-03
3.042111e+02 9.086740e-03 1.078463e-02 1.102296e-02 5.452630e-03
3.042507e+02 9.089266e-03 1.073803e-02 1.107179e-02 5.457980e-03
3.042904e+02 9.092832e-03 1.069161e-02 1.112928e-02 5.457600e-03
3.043300e+02 9.096594e-03 1.064400e-02 1.119401e-02 5.451771e-03
3.043696e+02 9.099592e-03 1.059356e-02 1.126434e-02 5.440878e-03
3.044092e+02 9.100808e-03 1.053849e-02 1.133855e-02 5.425381e-03
3.044488e+02 9.099234e-03 1.047707e-02 1.141483e-02 5.405802e-03
3.044884e+02 9.093937e-03 1.040778e-02 1.149133e-02 5.382706e-03
3.045280e+02 9.084133e-03 1.032951e-02 1.156618e-02 5.356705e-03
3.045677e+02 9.069239e-03 1.024170e-02 1.163757e-02 5.328446e-03
3.046073e+02 9.048920e-03 1.014440e-02 1.170375e-02 5.298608e-03
3.046469e+02 9.023111e-03 1.003834e-02 1.176311e-02 5.267885e-03
3.046865e+02 8.992019e-03 9.924899e-03 1.181419e-02 5.236964e-03
3.047261e+02 8.956105e-03 9.806057e-03 1.185577e-02 5.206490e-03
3.047657e+02 8.916048e-03 9.684258e-03 1.188686e-02 5.177031e-03
3.048053e+02 8.872686e-03 9.562258e-03 1.190676e-02 5.149039e-03
3.048449e+02 8.826954e-03 9.442938e-03 1.191511e-02 5.122814e-03
3.048846e+02 8.779814e-03 9.329111e-03 1.191184e-02 5.098488e-03
3.049242e+02 8.732185e-03 9.223328e-03 1.189721e-02 5.076014e-03
3.049638e+02 8.684881e-03 9.127717e-03 1.187174e-02 5.055188e-03
3.050034e+02 8.638562e-03 9.043841e-03 1.183617e-02 5.035675e-03
3.050430e+02 8.593700e-03 8.972617e-03 1.179142e-02 5.017067e-03
3.050826e+02 8.550564e-03 8.914278e-03 1.173847e-02 4.998941e-03
3.051222e+02 8.509217e-03 8.868385e-03 1.167834e-02 4.980921e-03
3.051619e+02 8.469541e-03 8.833895e-03 1.161199e-02 4.962740e-03
3.052015e+02 8.431265e-03 8.809263e-03 1.154025e-02 4.944282e-03
3.052411e+02 8.394006e-03 8.792584e-03 1.146382e-02 4.925608e-03
3.052807e+02 8.357317e-03 8.781740e-03 1.138325e-02 4.906962e-03
3.053203e+02 8.320733e-03 8.774559e-03 1.129889e-02 4.888749e-03
3.053599e+02 8.283813e-03 8.768963e-03 1.121098e-02 4.871498e-03
3.053995e+02 8.246180e-03 8.763095e-03 1.111963e-02 4.855811e-03
3.054392e+02 8.207551e-03 8.755421e-03 1.102492e-02 4.842308e-03
3.054788e+02 8.167759e-03 8.744791e-03 1.092692e-02 4.831564e-03
3.055184e+02 8.126767e-03 8.730481e-03 1.082575e-02 4.824066e-03
3.055580e+02 8.084676e-03 8.712190e-03 1.072167e-02 4.820171e-03
3.055976e+02 8.041721e-03 8.690018e-03 1.061506e-02 4.820084e-03
3.056372e+02 7.998271e-03 8.664422e-03 1.050655e-02 4.823844e-03
3.056768e+02 7.954807e-03 8.636151e-03 1.039693e-02 4.831334e-03
3.057165e+02 7.911903e-03 8.606177e-03 1.028725e-02 4.842285e-03
3.057561e+02 7.870202e-03 8.575615e-03 1.017869e-02 4.856299e-03
3.057957e+02 7.830376e-03 8.545652e-03 1.007261e-02 4.872867e-03
3.058353e+02 7.793090e-03 8.517467e-03 9.970411e-03 4.891391e-03
3.058749e+02 7.758960e-03 8.492168e-03 9.873509e-03 4.911203e-03
3.059145e+02 7.728509e-03 8.470727e-03 9.783215e-03 4.931586e-03
3.059541e+02 7.702130e-03 8.453935e-03 9.700666e-03 4.951789e-03
3.059938e+02 7.680050e-03 8.442358e-03 9.626737e-03 4.971053e-03
3.060334e+02 7.662305e-03 8.436306e-03 9.561981e-03 4.988628e-03
3.060730e+02 7.648727e-03 8.435810e-03 9.506577e-03 5.003796e-03
3.061126e+02 7.638938e-03 8.440608e-03 9.460305e-03 5.015902e-03
3.061522e+02 7.632355e-03 8.450137e-03 9.422550e-03 5.024379e-03
3.061918e+02 7.628208e-03 8.463533e-03 9.392315e-03 5.028776e-03
3.062314e+02 7.625564e-03 8.479632e-03 9.368274e-03 5.028786e-03
3.062711e+02 7.623362e-03 8.496992e-03 9.348831e-03 5.024263e-03
3.063107e+02 7.620451e-03 8.513913e-03 9.332201e-03 5.015238e-03
3.063503e+02 7.615638e-03 8.528483e-03 9.316503e-03 5.001927e-03
3.063899e+02 7.607742e-03 8.538639e-03 9.299863e-03 4.984724e-03
3.064295e+02 7.595650e-03 8.542247e-03 9.280518e-03 4.964187e-03
3.064691e+02 7.578378e-03 8.537203e-03 9.256917e-03 4.941016e-03
3.065087e+02 7.555131e-03 8.521557e-03 9.227816e-03 4.916022e-03
3.065484e+02 7.525361e-03 8.493640e-03 9.192353e-03 4.890090e-03
3.065880e+02 7.488814e-03 8.452199e-03 9.150103e-03 4.864139e-03
3.066276e+02 7.445565e-03 8.396518e-03 9.101096e-03 4.839082e-03
3.066672e+02 7.396037e-03 8.326518e-03 9.045808e-03 4.815785e-03
3.067068e+02 7.340988e-03 8.242821e-03 8.985111e-03 4.795031e-03
3.067464e+02 7.281486e-03 8.146775e-03 8.920190e-03 4.777494e-03
3.067860e+02 7.218855e-03 8.040417e-03 8.852439e-03 4.763709e-03
3.068256e+02 7.154597e-03 7.926404e-03 8.783333e-03 4.754054e-03
3.068653e+02 7.090307e-03 7.807875e-03 8.714301e-03 4.748745e-03
3.069049e+02 7.027579e-03 7.688296e-03 8.646612e-03 4.747827e-03
3.069445e+02 6.967910e-03 7.571266e-03 8.581280e-03 4.751183e-03
3.069841e+02 6.912620e-03 7.460316e-03 8.519001e-03 4.758543e-03
3.070237e+02 6.862788e-03 7.358723e-03 8.460132e-03 4.769509e-03
3.070633e+02 6.819205e-03 7.269330e-03 8.404707e-03 4.783578e-03
3.071029e+02 6.782359e-03 7.194407e-03 8.352489e-03 4.800180e-03
3.071426e+02 6.752437e-03 7.135555e-03 8.303045e-03 4.818710e-03
3.071822e+02 6.729354e-03 7.093648e-03 8.255843e-03 4.838571e-03
3.072218e+02 6.712790e-03 7.068822e-03 8.210340e-03 4.859207e-03
3.072614e+02 6.702240e-03 7.060509e-03 8.166075e-03 4.880135e-03
3.073010e+02 6.697065e-03 7.067497e-03 8.122729e-03 4.900967e-03
3.073406e+02 6.696541e-03 7.088023e-03 8.080177e-03 4.921424e-03
3.073802e+02 6.699901e-03 7.119878e-03 8.038492e-03 4.941332e-03
3.074199e+02 6.706364e-03 7.160530e-03 7.997946e-03 4.960615e-03
3.074595e+02 6.715160e-03 7.207237e-03 7.958967e-03 4.979275e-03
3.074991e+02 6.725546e-03 7.257172e-03 7.922094e-03 4.997372e-03
3.075387e+02 6.736814e-03 7.307532e-03 7.887916e-03 5.014995e-03
3.075783e+02 6.748298e-03 7.355647e-03 7.857006e-03 5.032243e-03
3.076179e+02 6.759380e-03 7.399069e-03 7.829862e-03 5.049210e-03
3.076575e+02 6.769499e-03 7.435662e-03 7.806851e-03 5.065983e-03
3.076972e+02 6.778159e-03 7.463670e-03 7.788169e-03 5.082639e-03
3.077368e+02 6.784946e-03 7.481775e-03 7.773805e-03 5.099257e-03
3.077764e+02 6.789537e-03 7.489141e-03 7.763534e-03 5.115936e-03
3.078160e+02 6.791717e-03 7.485437e-03 7.756913e-03 5.132801e-03
3.078556e+02 6.791389e-03 7.470845e-03 7.753303e-03 5.150019e-03
3.078952e+02 6.788579e-03 7.446045e-03 7.751894e-03 5.167799e-03
3.079348e+02 6.783440e-03 7.412181e-03 7.751758e-03 5.186381e-03
3.079745e+02 6.776242e-03 7.370804e-03 7.751899e-03 5.206024e-03
3.080141e+02 6.767362e-03 7.323798e-03 7.751317e-03 5.226973e-03
3.080537e+02 6.757261e-03 7.273285e-03 7.749069e-03 5.249429e-03
3.080933e+02 6.746452e-03 7.221517e-03 7.744329e-03 5.273511e-03
3.081329e+02 6.735473e-03 7.170753e-03 7.736436e-03 5.299229e-03
3.081725e+02 6.724836e-03 7.123136e-03 7.724923e-03 5.326450e-03
3.082121e+02 6.714995e-03 7.080562e-03 7.709535e-03 5.354888e-03
3.082518e+02 6.706293e-03 7.044568e-03 7.690214e-03 5.384097e-03
3.082914e+02 6.698926e-03 7.016220e-03 7.667075e-03 5.413481e-03
3.083310e+02 6.692903e-03 6.996040e-03 7.640354e-03 5.442314e-03
3.083706e+02 6.688025e-03 6.983954e-03 7.610350e-03 5.469771e-03
3.084102e+02 6.683867e-03 6.979277e-03 7.577357e-03 5.494967e-03
3.084498e+02 6.679783e-03 6.980744e-03 7.541608e-03 5.516998e-03
3.084894e+02 6.674926e-03 6.986576e-03 7.503220e-03 5.534983e-03
3.085291e+02 6.668283e-03 6.994585e-03 7.462164e-03 5.548101e-03
3.085687e+02 6.658728e-03 7.002312e-03 7.418248e-03 5.555623e-03
3.086083e+02 6.645081e-03 7.007178e-03 7.371134e-03 5.556931e-03
3.086479e+02 6.626178e-03 7.006649e-03 7.320356e-03 5.551529e-03
3.086875e+02 6.600928e-03 6.998386e-03 7.265362e-03 5.539038e-03
3.087271e+02 6.568367e-03 6.980370e-03 7.205557e-03 5.519174e-03
3.087667e+02 6.527684e-03 6.950994e-03 7.140332e-03 5.491727e-03
3.088063e+02 6.478235e-03 6.909104e-03 7.069091e-03 5.456509e-03
3.088460e+02 6.419517e-03 6.853983e-03 6.991250e-03 5.413318e-03
3.088856e+02 6.351130e-03 6.785294e-03 6.906218e-03 5.361879e-03
3.089252e+02 6.272714e-03 6.702975e-03 6.813361e-03 5.301806e-03
3.089648e+02 6.183875e-03 6.607108e-03 6.711953e-03 5.232564e-03
3.090044e+02 6.084118e-03 6.497781e-03 6.601125e-03 5.153448e-03
3.090440e+02 5.972792e-03 6.374962e-03 6.479828e-03 5.063585e-03
3.090836e+02 5.849062e-03 6.238405e-03 6.346815e-03 4.961967e-03
3.091233e+02 5.711924e-03 6.087605e-03 6.200666e-03 4.847500e-03
3.091629e+02 5.560249e-03 5.921812e-03 6.039847e-03 4.719088e-03
3.092025e+02 5.392887e-03 5.740110e-03 5.862812e-03 4.575741e-03
3.092421e+02 5.208793e-03 5.541547e-03 5.668148e-03 4.416684e-03
3.092817e+02 5.007178e-03 5.325311e-03 5.454736e-03 4.241487e-03
3.093213e+02 4.787678e-03 5.090926e-03 5.221931e-03 4.050176e-03
3.093609e+02 4.550493e-03 4.838437e-03 4.969720e-03 3.843323e-03
3.094006e+02 4.296513e-03 4.568573e-03 4.698855e-03 3.622112e-03
3.094402e+02 4.027384e-03 4.282861e-03 4.410939e-03 3.388353e-03
3.094798e+02 3.745516e-03 3.983656e-03 4.108434e-03 3.144459e-03
3.095194e+02 3.454034e-03 3.674114e-03 3.794620e-03 2.893369e-03
3.095590e+02 3.156656e-03 3.358077e-03 3.473462e-03 2.638429e-03
3.095986e+02 2.857525e-03 3.039895e-03 3.149435e-03 2.383244e-03
3.096382e+02 2.561000e-03 2.724200e-03 2.827296e-03 2.131503e-03
3.096779e+02 2.271430e-03 2.415657e-03 2.511832e-03 1.886799e-03
3.097175e+02 1.992925e-03 2.118708e-03 2.207609e-03 1.652459e-03
3.097571e+02 1.729158e-03 1.837341e-03 1.918743e-03 1.431388e-03
3.097967e+02 1.483189e-03 1.574899e-03 1.648707e-03 1.225961e-03
3.098363e+02 1.257360e-03 1.333948e-03 1.400193e-03 1.037937e-03
3.098759e+02 1.053223e-03 1.116203e-03 1.175040e-03 8.684282e-04
3.099155e+02 8.715458e-04 9.225150e-04 9.742129e-04 7.179095e-04
3.099552e+02 7.123463e-04 7.529245e-04 7.978526e-04 5.862617e-04
3.099948e+02 5.749855e-04 6.067499e-04 6.453597e-04 4.728469e-04
3.100344e+02 4.582798e-04 4.827152e-04 5.155200e-04 3.766041e-04
3.100740e+02 3.606323e-04 3.790940e-04 4.066476e-04 2.961552e-04
3.101136e+02 2.801679e-04 2.938579e-04 3.167330e-04 2.299128e-04
3.101532e+02 2.148614e-04 2.248168e-04 2.435858e-04 1.761816e-04
3.101928e+02 1.626512e-04 1.697438e-04 1.849620e-04 1.332477e-04
3.102325e+02 1.215324e-04 1.264769e-04 1.386688e-04 9.945150e-05
3.102721e+02 8.962826e-05 9.299596e-05 1.026453e-04 7.324352e-05
3.103117e+02 6.523807e-05 6.747446e-05 7.501800e-05 5.322175e-05
3.103513e+02 4.686500e-05 4.830902e-05 5.413302e-05 3.815297e-05
3.103909e+02 3.322599e-05 3.412906e-05 3.856868e-05 2.698023e-05
3.104305e+02 2.324774e-05 2.379163e-05 2.713242e-05 1.881917e-05
3.104701e+02 1.605275e-05 1.636537e-05 1.884636e-05 1.294652e-05
3.105098e+02 1.093898e-05 1.110784e-05 1.292569e-05 8.783428e-06
3.105494e+02 7.356233e-06 7.439353e-06 8.753171e-06 5.876175e-06
3.105890e+02 4.881757e-06 4.916360e-06 5.852713e-06 3.876198e-06
3.106286e+02 3.196897e-06 3.205940e-06 3.863831e-06 2.520920e-06
3.106682e+02 2.065857e-06 2.062859e-06 2.518438e-06 1.616274e-06
3.107078e+02 1.317274e-06 1.309738e-06 1.620592e-06 1.021492e-06
3.107474e+02 8.287774e-07 8.205309e-07 1.029475e-06 6.363261e-07
3.107870e+02 5.144759e-07 5.072184e-07 6.455384e-07 3.906709e-07
3.108267e+02 3.150879e-07 3.093678e-07 3.995283e-07 2.363677e-07
3.108663e+02 1.903749e-07 1.861744e-07 2.440305e-07 1.409198e-07
3.109059e+02 1.134663e-07 1.105373e-07 1.470815e-07 8.278029e-08
3.109455e+02 6.670594e-08 6.474722e-08 8.746305e-08 4.790755e-08
3.109851e+02 3.867756e-08 3.741367e-08 5.130677e-08 2.731225e-08
3.110247e+02 2.211608e-08 2.132471e-08 2.968583e-08 1.533769e-08
3.110643e+02 1.246978e-08 1.198904e-08 1.693753e-08 8.482789e-09
3.111040e+02 6.931581e-09 6.646298e-09 9.528284e-09 4.620160e-09
3.111436e+02 3.797226e-09 3.632334e-09 5.282043e-09 2.477301e-09
3.111832e+02 2.050286e-09 1.957251e-09 2.886816e-09 1.306791e-09
3.112228e+02 1.089848e-09 1.038315e-09 1.553155e-09 6.780743e-10
3.112624e+02 5.702188e-10 5.420767e-10 8.224083e-10 3.461715e-10
3.113020e+02 2.932783e-10 2.781142e-10 4.283162e-10 1.734044e-10
3.113416e+02 1.483854e-10 1.405907e-10 2.199358e-10 8.462975e-11
3.113813e+02 7.341481e-11 6.951424e-11 1.101243e-10 4.060589e-11
3.114209e+02 3.542326e-11 3.333256e-11 5.378757e-11 1.914965e-11
3.114605e+02 1.663552e-11 1.575517e-11 2.579088e-11 8.360520e-12
3.115001e+02 7.462050e-12 6.769069e-12 1.230998e-11 3.307096e-12
3.115397e+02 3.440688e-12 3.228536e-12 5.660097e-12 1.433430e-12
3.115793e+02 1.504000e-12 1.336694e-12 2.537837e-12 6.374677e-13
3.116189e+02 5.841011e-13 6.028119e-13 1.061384e-12 8.810696e-14
3.116586e+02 2.604231e-13 2.785067e-13 4.905966e-13 1.216593e-14
3.116982e+02 1.160936e-13 1.254099e-13 2.228127e-13 5.805649e-17
3.117378e+02 0.000000e+00 0.000000e+00 0.000000e+00 0.000000e+00
3.117774e+02 0.000000e+00 0.000000e+00 0.000000e+00 0.000000e+00
3.118170e+02 0.000000e+00 0.000000e+00 0.000000e+00 0.000000e+00
3.118566e+02 0.000000e+00 0.000000e+00 0.000000e+00 0.000000e+00
3.118962e+02 0.000000e+00 0.000000e+00 0.000000e+00 0.000000e+00
3.119359e+02 0.000000e+00 0.000000e+00 0.000000e+00 0.000000e+00
3.119755e+02 0.000000e+00 0.000000e+00 0.000000e+00 0.000000e+00
3.120151e+02 0.000000e+00 0.000000e+00 0.000000e+00 0.000000e+00
3.120547e+02 0.000000e+00 0.000000e+00 0.000000e+00 0.000000e+00
3.120943e+02 0.000000e+00 0.000000e+00 0.000000e+00 0.000000e+00
3.121339e+02 0.000000e+00 0.000000e+00 0.000000e+00 0.000000e+00
3.121735e+02 0.000000e+00 0.000000e+00 0.000000e+00 0.000000e+00
3.122132e+02 0.000000e+00 0.000000e+00 0.000000e+00 0.000000e+00
3.122528e+02 0.000000e+00 0.000000e+00 0.000000e+00 0.000000e+00
3.122924e+02 0.000000e+00 0.000000e+00 0.000000e+00 0.000000e+00
3.123320e+02 0.000000e+00 0.000000e+00 0.000000e+00 0.000000e+00
3.123716e+02 0.000000e+00 0.000000e+00 0.000000e+00 0.000000e+00
3.124112e+02 0.000000e+00 0.000000e+00 0.000000e+00 0.000000e+00
3.124508e+02 0.000000e+00 0.000000e+00 0.000000e+00 0.000000e+00
3.124905e+02 0.000000e+00 0.000000e+00 0.000000e+00 0.000000e+00
3.125301e+02 0.000000e+00 0.000000e+00 0.000000e+00 0.000000e+00
3.125697e+02 0.000000e+00 0.000000e+00 0.000000e+00 0.000000e+00
3.126093e+02 0.000000e+00 0.000000e+00 0.000000e+00 0.000000e+00
3.126489e+02 0.000000e+00 0.000000e+00 0.000000e+00 0.000000e+00
3.126885e+02 0.000000e+00 0.000000e+00 0.000000e+00 0.000000e+00
3.127281e+02 0.000000e+00 0.000000e+00 0.000000e+00 0.000000e+00
3.127677e+02 0.000000e+00 0.000000e+00 0.000000e+00 0.000000e+00
3.128074e+02 0.000000e+00 0.000000e+00 0.000000e+00 0.000000e+00
3.128470e+02 0.000000e+00 0.000000e+00 0.000000e+00 0.000000e+00
3.128866e+02 0.000000e+00 0.000000e+00 0.000000e+00 0.000000e+00
3.129262e+02 0.000000e+00 0.000000e+00 0.000000e+00 0.000000e+00
3.129658e+02 0.000000e+00 0.000000e+00 0.000000e+00 0.000000e+00
3.130054e+02 0.000000e+00 0.000000e+00 0.000000e+00 0.000000e+00
3.130450e+02 0.000000e+00 0.000000e+00 0.000000e+00 0.000000e+00
3.130847e+02 0.000000e+00 0.000000e+00 0.000000e+00 0.000000e+00
3.131243e+02 0.000000e+00 0.000000e+00 0.000000e+00 0.000000e+00
3.131639e+02 0.000000e+00 0.000000e+00 0.000000e+00 0.000000e+00
3.132035e+02 0.000000e+00 0.000000e+00 0.000000e+00 0.000000e+00
3.132431e+02 0.000000e+00 0.000000e+00 0.000000e+00 0.000000e+00
3.132827e+02 0.000000e+00 0.000000e+00 0.000000e+00 0.000000e+00
3.133223e+02 0.000000e+00 0.000000e+00 0.000000e+00 0.000000e+00
3.133620e+02 0.000000e+00 0.000000e+00 0.000000e+00 0.000000e+00
3.134016e+02 0.000000e+00 0.000000e+00 0.000000e+00 0.000000e+00
3.134412e+02 0.000000e+00 0.000000e+00 0.000000e+00 0.000000e+00
3.134808e+02 0.000000e+00 0.000000e+00 0.000000e+00 0.000000e+00
3.135204e+02 0.000000e+00 0.000000e+00 0.000000e+00 0.000000e+00
3.135600e+02 0.000000e+00 0.000000e+00 0.000000e+00 0.000000e+00
3.135996e+02 0.000000e+00 0.000000e+00 0.000000e+00 0.000000e+00
3.136393e+02 0.000000e+00 0.000000e+00 0.000000e+00 0.000000e+00
3.136789e+02 0.000000e+00 0.000000e+00 0.000000e+00 0.000000e+00
3.137185e+02 0.000000e+00 0.000000e+00 0.000000e+00 0.000000e+00
3.137581e+02 0.000000e+00 0.000000e+00 0.000000e+00 0.000000e+00
3.137977e+02 0.000000e+00 0.000000e+00 0.000000e+00 0.000000e+00
3.138373e+02 0.000000e+00 0.000000e+00 0.000000e+00 0.000000e+00
3.138769e+02 0.000000e+00 0.000000e+00 0.000000e+00 0.000000e+00
3.139166e+02 0.000000e+00 0.000000e+00 0.000000e+00 0.000000e+00
3.139562e+02 0.000000e+00 0.000000e+00 0.000000e+00 0.000000e+00
3.139958e+02 0.000000e+00 0.000000e+00 0.000000e+00 0.000000e+00
3.140354e+02 0.000000e+00 0.000000e+00 0.000000e+00 0.000000e+00
3.140750e+02 0.000000e+00 0.000000e+00 0.000000e+00 0.000000e+00
3.141146e+02 0.000000e+00 0.000000e+00 0.000000e+00 0.000000e+00
3.141542e+02 0.000000e+00 0.000000e+00 0.000000e+00 0.000000e+00
3.141939e+02 0.000000e+00 0.000000e+00 0.000000e+00 0.000000e+00
3.142335e+02 0.000000e+00 0.000000e+00 0.000000e+00 0.000000e+00
3.142731e+02 0.000000e+00 0.000000e+00 0.000000e+00 0.000000e+00
3.143127e+02 0.000000e+00 0.000000e+00 0.000000e+00 0.000000e+00
3.143523e+02 0.000000e+00 0.000000e+00 0.000000e+00 0.000000e+00
3.143919e+02 0.000000e+00 0.000000e+00 0.000000e+00 0.000000e+00
3.144315e+02 0.000000e+00 0.000000e+00 0.000000e+00 0.000000e+00
3.144712e+02 0.000000e+00 0.000000e+00 0.000000e+00 0.000000e+00
3.145108e+02 0.000000e+00 0.000000e+00 0.000000e+00 0.000000e+00
3.145504e+02 0.000000e+00 0.000000e+00 0.000000e+00 0.000000e+00
3.145900e+02 0.000000e+00 0.000000e+00 0.000000e+00 0.000000e+00
3.146296e+02 0.000000e+00 0.000000e+00 0.000000e+00 0.000000e+00
3.146692e+02 0.000000e+00 0.000000e+00 0.000000e+00 0.000000e+00
3.147088e+02 0.000000e+00 0.000000e+00 0.000000e+00 0.000000e+00
3.147484e+02 0.000000e+00 0.000000e+00 0.000000e+00 0.000000e+00
3.147881e+02 0.000000e+00 0.000000e+00 0.000000e+00 0.000000e+00
3.148277e+02 0.000000e+00 0.000000e+00 0.000000e+00 0.000000e+00
3.148673e+02 0.000000e+00 0.000000e+00 0.000000e+00 0.000000e+00
3.149069e+02 0.000000e+00 0.000000e+00 0.000000e+00 0.000000e+00
3.149465e+02 0.000000e+00 0.000000e+00 0.000000e+00 0.000000e+00
3.149861e+02 0.000000e+00 0.000000e+00 0.000000e+00 0.000000e+00
3.150257e+02 0.000000e+00 0.000000e+00 0.000000e+00 0.000000e+00
3.150654e+02 0.000000e+00 0.000000e+00 0.000000e+00 0.000000e+00
3.151050e+02 0.000000e+00 0.000000e+00 0.000000e+00 0.000000e+00
3.151446e+02 0.000000e+00 0.000000e+00 0.000000e+00 0.000000e+00
3.151842e+02 0.000000e+00 0.000000e+00 0.000000e+00 0.000000e+00
3.152238e+02 0.000000e+00 0.000000e+00 0.000000e+00 0.000000e+00
3.152634e+02 0.000000e+00 0.000000e+00 0.000000e+00 0.000000e+00
3.153030e+02 0.000000e+00 0.000000e+00 0.000000e+00 0.000000e+00
3.153427e+02 0.000000e+00 0.000000e+00 0.000000e+00 0.000000e+00
3.153823e+02 0.000000e+00 0.000000e+00 0.000000e+00 0.000000e+00
3.154219e+02 0.000000e+00 0.000000e+00 0.000000e+00 0.000000e+00
3.154615e+02 0.000000e+00 0.000000e+00 0.000000e+00 0.000000e+00
3.155011e+02 0.000000e+00 0.000000e+00 0.000000e+00 0.000000e+00
3.155407e+02 0.000000e+00 0.000000e+00 0.000000e+00 0.000000e+00
3.155803e+02 0.000000e+00 0.000000e+00 0.000000e+00 0.000000e+00
3.156200e+02 0.000000e+00 0.000000e+00 0.000000e+00 0.000000e+00
3.156596e+02 0.000000e+00 0.000000e+00 0.000000e+00 0.000000e+00
3.156992e+02 0.000000e+00 0.000000e+00 0.000000e+00 0.000000e+00
3.157388e+02 0.000000e+00 0.000000e+00 0.000000e+00 0.000000e+00
3.157784e+02 0.000000e+00 0.000000e+00 0.000000e+00 0.000000e+00
3.158180e+02 0.000000e+00 0.000000e+00 0.000000e+00 0.000000e+00
3.158576e+02 0.000000e+00 0.000000e+00 0.000000e+00 0.000000e+00
3.158973e+02 0.000000e+00 0.000000e+00 0.000000e+00 0.000000e+00
3.159369e+02 0.000000e+00 0.000000e+00 0.000000e+00 0.000000e+00
3.159765e+02 0.000000e+00 0.000000e+00 0.000000e+00 0.000000e+00
3.160161e+02 0.000000e+00 0.000000e+00 0.000000e+00 0.000000e+00
3.160557e+02 0.000000e+00 0.000000e+00 0.000000e+00 0.000000e+00
3.160953e+02 0.000000e+00 0.000000e+00 0.000000e+00 0.000000e+00
3.161349e+02 0.000000e+00 0.000000e+00 0.000000e+00 0.000000e+00
3.161746e+02 0.000000e+00 0.000000e+00 0.000000e+00 0.000000e+00
3.162142e+02 0.000000e+00 0.000000e+00 0.000000e+00 0.000000e+00
3.162538e+02 0.000000e+00 0.000000e+00 0.000000e+00 0.000000e+00
3.162934e+02 0.000000e+00 0.000000e+00 0.000000e+00 0.000000e+00
3.163330e+02 0.000000e+00 0.000000e+00 0.000000e+00 0.000000e+00
3.163726e+02 0.000000e+00 0.000000e+00 0.000000e+00 0.000000e+00
3.164122e+02 0.000000e+00 0.000000e+00 0.000000e+00 0.000000e+00
3.164519e+02 0.000000e+00 0.000000e+00 0.000000e+00 0.000000e+00
3.164915e+02 0.000000e+00 0.000000e+00 0.000000e+00 0.000000e+00
3.165311e+02 0.000000e+00 0.000000e+00 0.000000e+00 0.000000e+00
3.165707e+02 0.000000e+00 0.000000e+00 0.000000e+00 0.000000e+00
3.166103e+02 0.000000e+00 0.000000e+00 0.000000e+00 0.000000e+00
3.166499e+02 0.000000e+00 0.000000e+00 0.000000e+00 0.000000e+00
3.166895e+02 0.000000e+00 0.000000e+00 0.000000e+00 0.000000e+00
3.167291e+02 0.000000e+00 0.000000e+00 0.000000e+00 0.000000e+00
3.167688e+02 0.000000e+00 0.000000e+00 0.000000e+00 0.000000e+00
3.168084e+02 0.000000e+00 0.000000e+00 0.000000e+00 0.000000e+00
3.168480e+02 0.000000e+00 0.000000e+00 0.000000e+00 0.000000e+00
3.168876e+02 0.000000e+00 0.000000e+00 0.000000e+00 0.000000e+00
3.169272e+02 0.000000e+00 0.000000e+00 0.000000e+00 0.000000e+00
3.169668e+02 0.000000e+00 0.000000e+00 0.000000e+00 0.000000e+00
3.170064e+02 0.000000e+00 0.000000e+00 0.000000e+00 0.000000e+00
3.170461e+02 0.000000e+00 0.000000e+00 0.000000e+00 0.000000e+00
3.170857e+02 0.000000e+00 0.000000e+00 0.000000e+00 0.000000e+00
3.171253e+02 0.000000e+00 0.000000e+00 0.000000e+00 0.000000e+00
3.171649e+02 0.000000e+00 0.000000e+00 0.000000e+00 0.000000e+00
3.172045e+02 0.000000e+00 0.000000e+00 0.000000e+00 0.000000e+00
3.172441e+02 0.000000e+00 0.000000e+00 0.000000e+00 0.000000e+00
3.172837e+02 0.000000e+00 0.000000e+00 0.000000e+00 0.000000e+00
3.173234e+02 0.000000e+00 0.000000e+00 0.000000e+00 0.000000e+00
3.173630e+02 0.000000e+00 0.000000e+00 0.000000e+00 0.000000e+00
3.174026e+02 0.000000e+00 0.000000e+00 0.000000e+00 0.000000e+00
3.174422e+02 0.000000e+00 0.000000e+00 0.000000e+00 0.000000e+00
3.174818e+02 0.000000e+00 0.000000e+00 0.000000e+00 0.000000e+00
3.175214e+02 0.000000e+00 0.000000e+00 0.000000e+00 0.000000e+00
3.175610e+02 0.000000e+00 0.000000e+00 0.000000e+00 0.000000e+00
3.176007e+02 0.000000e+00 0.000000e+00 0.000000e+00 0.000000e+00
3.176403e+02 0.000000e+00 0.000000e+00 0.000000e+00 0.000000e+00
3.176799e+02 0.000000e+00 0.000000e+00 0.000000e+00 0.000000e+00
3.177195e+02 0.000000e+00 0.000000e+00 0.000000e+00 0.000000e+00
3.177591e+02 0.000000e+00 0.000000e+00 0.000000e+00 0.000000e+00
3.177987e+02 0.000000e+00 0.000000e+00 0.000000e+00 0.000000e+00
3.178383e+02 0.000000e+00 0.000000e+00 0.000000e+00 0.000000e+00
3.178780e+02 0.000000e+00 0.000000e+00 0.000000e+00 0.000000e+00
3.179176e+02 0.000000e+00 0.000000e+00 0.000000e+00 0.000000e+00
3.179572e+02 0.000000e+00 0.000000e+00 0.000000e+00 0.000000e+00
3.179968e+02 0.000000e+00 0.000000e+00 0.000000e+00 0.000000e+00
3.180364e+02 0.000000e+00 0.000000e+00 0.000000e+00 0.000000e+00
3.180760e+02 0.000000e+00 0.000000e+00 0.000000e+00 0.000000e+00
3.181156e+02 0.000000e+00 0.000000e+00 0.000000e+00 0.000000e+00
3.181553e+02 0.000000e+00 0.000000e+00 0.000000e+00 0.000000e+00
3.181949e+02 0.000000e+00 0.000000e+00 0.000000e+00 0.000000e+00
3.182345e+02 0.000000e+00 0.000000e+00 0.000000e+00 0.000000e+00
3.182741e+02 0.000000e+00 0.000000e+00 0.000000e+00 0.000000e+00
3.183137e+02 0.000000e+00 0.000000e+00 0.000000e+00 0.000000e+00
3.183533e+02 0.000000e+00 0.000000e+00 0.000000e+00 0.000000e+00
3.183929e+02 0.000000e+00 0.000000e+00 0.000000e+00 0.000000e+00
3.184326e+02 0.000000e+00 0.000000e+00 0.000000e+00 0.000000e+00
3.184722e+02 0.000000e+00 0.000000e+00 0.000000e+00 0.000000e+00
3.185118e+02 0.000000e+00 0.000000e+00 0.000000e+00 0.000000e+00
3.185514e+02 0.000000e+00 0.000000e+00 0.000000e+00 0.000000e+00
3.185910e+02 0.000000e+00 0.000000e+00 0.000000e+00 0.000000e+00
3.186306e+02 0.000000e+00 0.000000e+00 0.000000e+00 0.000000e+00
3.186702e+02 0.000000e+00 0.000000e+00 0.000000e+00 0.000000e+00
3.187098e+02 0.000000e+00 0.000000e+00 0.000000e+00 0.000000e+00
3.187495e+02 0.000000e+00 0.000000e+00 0.000000e+00 0.000000e+00
3.187891e+02 0.000000e+00 0.000000e+00 0.000000e+00 0.000000e+00
3.188287e+02 0.000000e+00 0.000000e+00 0.000000e+00 0.000000e+00
3.188683e+02 0.000000e+00 0.000000e+00 0.000000e+00 0.000000e+00
3.189079e+02 0.000000e+00 0.000000e+00 0.000000e+00 0.000000e+00
3.189475e+02 0.000000e+00 0.000000e+00 0.000000e+00 0.000000e+00
3.189871e+02 0.000000e+00 0.000000e+00 0.000000e+00 0.000000e+00
3.190268e+02 0.000000e+00 0.000000e+00 0.000000e+00 0.000000e+00
3.190664e+02 0.000000e+00 0.000000e+00 0.000000e+00 0.000000e+00
3.191060e+02 0.000000e+00 0.000000e+00 0.000000e+00 0.000000e+00
3.191456e+02 0.000000e+00 0.000000e+00 0.000000e+00 0.000000e+00
3.191852e+02 0.000000e+00 0.000000e+00 0.000000e+00 0.000000e+00
3.192248e+02 0.000000e+00 0.000000e+00 0.000000e+00 0.000000e+00
3.192644e+02 0.000000e+00 0.000000e+00 0.000000e+00 0.000000e+00
3.193041e+02 0.000000e+00 0.000000e+00 0.000000e+00 0.000000e+00
3.193437e+02 0.000000e+00 0.000000e+00 0.000000e+00 0.000000e+00
3.193833e+02 0.000000e+00 0.000000e+00 0.000000e+00 0.000000e+00
3.194229e+02 0.000000e+00 0.000000e+00 0.000000e+00 0.000000e+00
3.194625e+02 0.000000e+00 0.000000e+00 0.000000e+00 0.000000e+00
3.195021e+02 0.000000e+00 0.000000e+00 0.000000e+00 0.000000e+00
3.195417e+02 0.000000e+00 0.000000e+00 0.000000e+00 0.000000e+00
3.195814e+02 0.000000e+00 0.000000e+00 0.000000e+00 0.000000e+00
3.196210e+02 0.000000e+00 0.000000e+00 0.000000e+00 0.000000e+00
3.196606e+02 0.000000e+00 0.000000e+00 0.000000e+00 0.000000e+00
3.197002e+02 0.000000e+00 0.000000e+00 0.000000e+00 0.000000e+00
3.197398e+02 0.000000e+00 0.000000e+00 0.000000e+00 0.000000e+00
3.197794e+02 0.000000e+00 0.000000e+00 0.000000e+00 0.000000e+00
3.198190e+02 0.000000e+00 0.000000e+00 0.000000e+00 0.000000e+00
