2.801654e+02 0.000000e+00 0.000000e+00 0.000000e+00 0.000000e+00
2.802050e+02 0.000000e+00 0.000000e+00 0.000000e+00 0.000000e+00
2.802447e+02 0.000000e+00 0.000000e+00 0.000000e+00 0.000000e+00
2.802843e+02 0.000000e+00 0.000000e+00 0.000000e+00 0.000000e+00
2.803239e+02 0.000000e+00 0.000000e+00 0.000000e+00 0.000000e+00
2.803635e+02 0.000000e+00 0.000000e+00 0.000000e+00 0.000000e+00
2.804031e+02 0.000000e+00 0.000000e+00 0.000000e+00 0.000000e+00
2.804427e+02 0.000000e+00 0.000000e+00 0.000000e+00 0.000000e+00
2.804823e+02 0.000000e+00 0.000000e+00 0.000000e+00 0.000000e+00
2.805220e+02 0.000000e+00 0.000000e+00 0.000000e+00 0.000000e+00
2.805616e+02 0.000000e+00 0.000000e+00 0.000000e+00 0.000000e+00
2.806012e+02 0.000000e+00 0.000000e+00 0.000000e+00 0.000000e+00
2.806408e+02 0.000000e+00 0.000000e+00 0.000000e+00 0.000000e+00
2.806804e+02 0.000000e+00 0.000000e+00 0.000000e+00 0.000000e+00
2.807200e+02 0.000000e+00 0.000000e+00 0.000000e+00 0.000000e+00
2.807596e+02 0.000000e+00 0.000000e+00 0.000000e+00 0.000000e+00
2.807993e+02 0.000000e+00 0.000000e+00 0.000000e+00 0.000000e+00
2.808389e+02 0.000000e+00 0.000000e+00 0.000000e+00 0.000000e+00
2.808785e+02 0.000000e+00 0.000000e+00 0.000000e+00 0.000000e+00
2.809181e+02 0.000000e+00 0.000000e+00 0.000000e+00 0.000000e+00
2.809577e+02 0.000000e+00 0.000000e+00 0.000000e+00 0.000000e+00
2.809973e+02 0.000000e+00 0.000000e+00 0.000000e+00 0.000000e+00
2.810369e+02 0.000000e+00 0.000000e+00 0.000000e+00 0.000000e+00
2.810765e+02 0.000000e+00 0.000000e+00 0.000000e+00 0.000000e+00
2.811162e+02 0.000000e+00 0.000000e+00 0.000000e+00 0.000000e+00
2.811558e+02 0.000000e+00 0.000000e+00 0.000000e+00 0.000000e+00
2.811954e+02 0.000000e+00 0.000000e+00 0.000000e+00 0.000000e+00
2.812350e+02 0.000000e+00 0.000000e+00 0.000000e+00 0.000000e+00
2.812746e+02 0.000000e+00 0.000000e+00 0.000000e+00 0.000000e+00
2.813142e+02 0.000000e+00 0.000000e+00 0.000000e+00 0.000000e+00
2.813538e+02 0.000000e+00 0.000000e+00 0.000000e+00 0.000000e+00
2.813935e+02 0.000000e+00 0.000000e+00 0.000000e+00 0.000000e+00
2.814331e+02 0.000000e+00 0.000000e+00 0.000000e+00 0.000000e+00
2.814727e+02 0.000000e+00 0.000000e+00 0.000000e+00 0.000000e+00
2.815123e+02 0.000000e+00 0.000000e+00 0.000000e+00 0.000000e+00
2.815519e+02 0.000000e+00 0.000000e+00 0.000000e+00 0.000000e+00
2.815915e+02 0.000000e+00 0.000000e+00 0.000000e+00 0.000000e+00
2.816311e+02 0.000000e+00 0.000000e+00 0.000000e+00 0.000000e+00
2.816708e+02 0.000000e+00 0.000000e+00 0.000000e+00 0.000000e+00
2.817104e+02 0.000000e+00 0.000000e+00 0.000000e+00 0.000000e+00
2.817500e+02 0.000000e+00 0.000000e+00 0.000000e+00 0.000000e+00
2.817896e+02 0.000000e+00 0.000000e+00 0.000000e+00 0.000000e+00
2.818292e+02 0.000000e+00 0.000000e+00 0.000000e+00 0.000000e+00
2.818688e+02 0.000000e+00 0.000000e+00 0.000000e+00 0.000000e+00
2.819084e+02 0.000000e+00 0.000000e+00 0.000000e+00 0.000000e+00
2.819481e+02 0.000000e+00 0.000000e+00 0.000000e+00 0.000000e+00
2.819877e+02 0.000000e+00 0.000000e+00 0.000000e+00 0.000000e+00
2.820273e+02 0.000000e+00 0.000000e+00 0.000000e+00 0.000000e+00
2.820669e+02 0.000000e+00 0.000000e+00 0.000000e+00 0.000000e+00
2.821065e+02 0.000000e+00 0.000000e+00 0.000000e+00 0.000000e+00
2.821461e+02 0.000000e+00 0.000000e+00 0.000000e+00 0.000000e+00
2.821857e+02 0.000000e+00 0.000000e+00 0.000000e+00 0.000000e+00
2.822254e+02 0.000000e+00 0.000000e+00 0.000000e+00 0.000000e+00
2.822650e+02 0.000000e+00 0.000000e+00 0.000000e+00 0.000000e+00
2.823046e+02 0.000000e+00 0.000000e+00 0.000000e+00 0.000000e+00
2.823442e+02 0.000000e+00 0.000000e+00 0.000000e+00 0.000000e+00
2.823838e+02 0.000000e+00 0.000000e+00 0.000000e+00 0.000000e+00
2.824234e+02 0.000000e+00 0.000000e+00 0.000000e+00 0.000000e+00
2.824630e+02 0.000000e+00 0.000000e+00 0.000000e+00 0.000000e+00
2.825027e+02 0.000000e+00 0.000000e+00 0.000000e+00 0.000000e+00
2.825423e+02 0.000000e+00 0.000000e+00 0.000000e+00 0.000000e+00
2.825819e+02 0.000000e+00 0.000000e+00 0.000000e+00 0.000000e+00
2.826215e+02 0.000000e+00 0.000000e+00 0.000000e+00 0.000000e+00
2.826611e+02 0.000000e+00 0.000000e+00 0.000000e+00 0.000000e+00
2.827007e+02 0.000000e+00 0.000000e+00 0.000000e+00 0.000000e+00
2.827403e+02 0.000000e+00 0.000000e+00 0.000000e+00 0.000000e+00
2.827800e+02 0.000000e+00 0.000000e+00 0.000000e+00 0.000000e+00
2.828196e+02 0.000000e+00 0.000000e+00 0.000000e+00 0.000000e+00
2.828592e+02 0.000000e+00 0.000000e+00 0.000000e+00 0.000000e+00
2.828988e+02 0.000000e+00 0.000000e+00 0.000000e+00 0.000000e+00
2.829384e+02 0.000000e+00 0.000000e+00 0.000000e+00 0.000000e+00
2.829780e+02 0.000000e+00 0.000000e+00 0.000000e+00 0.000000e+00
2.830176e+02 0.000000e+00 0.000000e+00 0.000000e+00 0.000000e+00
2.830572e+02 0.000000e+00 0.000000e+00 0.000000e+00 0.000000e+00
2.830969e+02 0.000000e+00 0.000000e+00 0.000000e+00 0.000000e+00
2.831365e+02 0.000000e+00 0.000000e+00 0.000000e+00 0.000000e+00
2.831761e+02 0.000000e+00 0.000000e+00 0.000000e+00 0.000000e+00
2.832157e+02 0.000000e+00 0.000000e+00 0.000000e+00 0.000000e+00
2.832553e+02 0.000000e+00 0.000000e+00 0.000000e+00 0.000000e+00
2.832949e+02 0.000000e+00 0.000000e+00 0.000000e+00 0.000000e+00
2.833345e+02 0.000000e+00 0.000000e+00 0.000000e+00 0.000000e+00
2.833742e+02 0.000000e+00 0.000000e+00 0.000000e+00 0.000000e+00
2.834138e+02 5.810097e-10 4.950848e-17 5.730134e-16 1.743029e-09
2.834534e+02 1.264217e-09 1.078971e-16 1.249198e-15 3.792649e-09
2.834930e+02 2.703260e-09 2.310830e-16 2.676243e-15 8.109777e-09
2.835326e+02 5.680444e-09 4.863563e-16 5.634401e-15 1.704133e-08
2.835722e+02 1.173019e-08 1.005933e-15 1.165729e-14 3.519055e-08
2.836118e+02 2.380432e-08 2.044617e-15 2.370148e-14 7.141293e-08
2.836515e+02 4.747169e-08 4.083972e-15 4.735666e-14 1.424150e-07
2.836911e+02 9.303404e-08 8.016445e-15 9.298534e-14 2.791020e-07
2.837307e+02 1.791749e-07 1.546354e-14 1.794220e-13 5.375245e-07
2.837703e+02 3.391101e-07 2.931327e-14 3.402238e-13 1.017330e-06
2.838099e+02 6.307139e-07 5.460694e-14 6.339887e-13 1.892141e-06
2.838495e+02 1.152795e-06 9.996764e-14 1.160984e-12 3.458385e-06
2.838891e+02 2.070619e-06 1.798454e-13 2.089289e-12 6.211855e-06
2.839288e+02 3.654908e-06 3.179561e-13 3.694867e-12 1.096472e-05
2.839684e+02 6.339876e-06 5.524122e-13 6.421358e-12 1.901962e-05
2.840080e+02 1.080720e-05 9.431645e-13 1.096687e-11 3.242160e-05
2.840476e+02 1.810398e-05 1.582486e-12 1.840630e-11 5.431192e-05
2.840872e+02 2.980320e-05 2.609278e-12 3.035834e-11 8.940958e-05
2.841268e+02 4.821476e-05 4.227942e-12 4.920591e-11 1.446442e-04
2.841664e+02 7.665232e-05 6.732336e-12 7.837623e-11 2.299569e-04
2.842061e+02 1.197564e-04 1.053491e-11 1.226816e-10 3.592691e-04
2.842457e+02 1.838656e-04 1.620306e-11 1.887133e-10 5.515964e-04
2.842853e+02 2.774151e-04 2.448785e-11 2.852681e-10 8.322451e-04
2.843249e+02 4.113279e-04 3.637032e-11 4.237717e-10 1.233983e-03
2.843645e+02 5.993415e-04 5.308752e-11 6.186408e-10 1.798024e-03
2.844041e+02 8.582003e-04 7.615460e-11 8.875100e-10 2.574600e-03
2.844437e+02 1.207623e-03 1.073672e-10 1.256623e-09 3.622866e-03
2.844834e+02 1.669944e-03 1.487779e-10 1.774716e-09 5.009830e-03
2.845230e+02 2.269347e-03 2.026396e-10 2.515383e-09 6.808037e-03
2.845626e+02 3.030595e-03 2.713124e-10 3.523568e-09 9.091782e-03
2.846022e+02 3.977253e-03 3.571348e-10 4.998046e-09 1.193175e-02
2.846418e+02 5.129402e-03 4.622698e-10 7.166983e-09 1.538820e-02
2.846814e+02 6.500974e-03 5.885447e-10 1.053988e-08 1.950291e-02
2.847210e+02 8.096891e-03 7.373188e-10 1.608070e-08 2.429066e-02
2.847607e+02 9.910291e-03 9.094253e-10 2.557735e-08 2.973085e-02
2.848003e+02 1.192018e-02 1.105249e-09 4.234218e-08 3.576049e-02
2.848399e+02 1.408988e-02 1.325007e-09 7.241317e-08 4.226958e-02
2.848795e+02 1.636667e-02 1.569320e-09 1.265972e-07 4.909989e-02
2.849191e+02 1.868279e-02 1.840133e-09 2.238655e-07 5.604816e-02
2.849587e+02 2.095810e-02 2.142064e-09 3.968633e-07 6.287389e-02
2.849983e+02 2.310419e-02 2.484194e-09 7.006481e-07 6.931185e-02
2.850379e+02 2.502988e-02 2.882319e-09 1.226196e-06 7.508841e-02
2.850776e+02 2.664752e-02 3.361625e-09 2.120756e-06 7.994043e-02
2.851172e+02 2.787955e-02 3.959543e-09 3.617802e-06 8.363504e-02
2.851568e+02 2.866472e-02 4.728705e-09 6.079729e-06 8.598807e-02
2.851964e+02 2.896313e-02 5.739574e-09 1.005713e-05 8.687931e-02
2.852360e+02 2.875967e-02 7.082465e-09 1.636851e-05 8.626264e-02
2.852756e+02 2.806540e-02 8.868375e-09 2.620375e-05 8.417000e-02
2.853152e+02 2.691664e-02 1.122830e-08 4.125346e-05 8.070865e-02
2.853549e+02 2.537198e-02 1.431058e-08 6.386368e-05 7.605207e-02
2.853945e+02 2.350759e-02 1.827593e-08 9.721141e-05 7.042555e-02
2.854341e+02 2.141122e-02 2.329032e-08 1.454906e-04 6.408814e-02
2.854737e+02 1.917571e-02 2.951664e-08 2.140913e-04 5.731302e-02
2.855133e+02 1.689269e-02 3.710531e-08 3.097462e-04 5.036828e-02
2.855529e+02 1.464689e-02 4.618670e-08 4.406115e-04 4.350000e-02
2.855925e+02 1.251176e-02 5.686730e-08 6.162404e-04 3.691898e-02
2.856322e+02 1.054651e-02 6.923235e-08 8.474080e-04 3.079205e-02
2.856718e+02 8.794627e-03 8.336180e-08 1.145745e-03 2.523805e-02
2.857114e+02 7.283863e-03 9.935992e-08 1.523151e-03 2.032834e-02
2.857510e+02 6.027289e-03 1.174074e-07 1.990975e-03 1.609077e-02
2.857906e+02 5.025193e-03 1.378363e-07 2.558977e-03 1.251646e-02
2.858302e+02 4.267400e-03 1.612366e-07 3.234128e-03 9.567912e-03
2.858698e+02 3.735714e-03 1.885935e-07 4.019330e-03 7.187623e-03
2.859095e+02 3.406228e-03 2.214576e-07 4.912187e-03 5.306275e-03
2.859491e+02 3.251344e-03 2.621490e-07 5.903978e-03 3.849792e-03
2.859887e+02 3.241433e-03 3.139906e-07 6.978994e-03 2.744991e-03
2.860283e+02 3.346144e-03 3.815679e-07 8.114397e-03 1.923654e-03
2.860679e+02 3.535430e-03 4.710042e-07 9.280721e-03 1.325099e-03
2.861075e+02 3.780370e-03 5.902449e-07 1.044306e-02 8.974610e-04
2.861471e+02 4.053877e-03 7.493352e-07 1.156294e-02 5.979456e-04
2.861868e+02 4.331350e-03 9.606819e-07 1.260073e-02 3.923627e-04
2.862264e+02 4.591300e-03 1.239283e-06 1.351846e-02 2.542012e-04
2.862660e+02 4.815925e-03 1.602912e-06 1.428269e-02 1.634821e-04
2.863056e+02 4.991606e-03 2.072253e-06 1.486719e-02 1.055594e-04
2.863452e+02 5.109253e-03 2.670972e-06 1.525510e-02 6.998823e-05
2.863848e+02 5.164437e-03 3.425740e-06 1.544036e-02 4.952717e-05
2.864244e+02 5.157268e-03 4.366191e-06 1.542813e-02 3.930513e-05
2.864641e+02 5.091987e-03 5.524857e-06 1.523428e-02 3.615586e-05
2.865037e+02 4.976296e-03 6.937072e-06 1.488384e-02 3.810494e-05
2.865433e+02 4.820477e-03 8.640865e-06 1.440880e-02 4.398666e-05
2.865829e+02 4.636372e-03 1.067687e-05 1.384527e-02 5.316508e-05
2.866225e+02 4.436320e-03 1.308821e-05 1.323054e-02 6.533526e-05
2.866621e+02 4.232169e-03 1.592041e-05 1.260020e-02 8.038381e-05
2.867017e+02 4.034423e-03 1.922125e-05 1.198575e-02 9.829250e-05
2.867414e+02 3.851621e-03 2.304047e-05 1.141275e-02 1.190726e-04
2.867810e+02 3.689968e-03 2.742937e-05 1.089975e-02 1.427214e-04
2.868206e+02 3.553219e-03 3.244008e-05 1.045802e-02 1.691954e-04
2.868602e+02 3.442805e-03 3.812458e-05 1.009189e-02 1.983961e-04
2.868998e+02 3.358138e-03 4.453317e-05 9.799715e-03 2.301666e-04
2.869394e+02 3.297044e-03 5.171271e-05 9.575122e-03 2.642974e-04
2.869790e+02 3.256248e-03 5.970425e-05 9.408501e-03 3.005392e-04
2.870186e+02 3.231861e-03 6.854056e-05 9.288419e-03 3.386236e-04
2.870583e+02 3.219815e-03 7.824338e-05 9.202915e-03 3.782882e-04
2.870979e+02 3.216220e-03 8.882087e-05 9.140533e-03 4.193054e-04
2.871375e+02 3.217617e-03 1.002655e-04 9.091076e-03 4.615103e-04
2.871771e+02 3.221150e-03 1.125524e-04 9.046067e-03 5.048313e-04
2.872167e+02 3.224636e-03 1.256395e-04 8.998956e-03 5.493125e-04
2.872563e+02 3.226577e-03 1.394676e-04 8.945134e-03 5.951308e-04
2.872959e+02 3.226125e-03 1.539635e-04 8.881809e-03 6.426027e-04
2.873356e+02 3.223006e-03 1.690433e-04 8.807798e-03 6.921782e-04
2.873752e+02 3.217443e-03 1.846174e-04 8.723289e-03 7.444224e-04
2.874148e+02 3.210059e-03 2.005972e-04 8.629598e-03 7.999828e-04
2.874544e+02 3.201794e-03 2.169008e-04 8.528936e-03 8.595451e-04
2.874940e+02 3.193813e-03 2.334603e-04 8.424200e-03 9.237802e-04
2.875336e+02 3.187426e-03 2.502278e-04 8.318763e-03 9.932867e-04
2.875732e+02 3.183998e-03 2.671798e-04 8.216280e-03 1.068535e-03
2.876129e+02 3.184876e-03 2.843205e-04 8.120487e-03 1.149820e-03
2.876525e+02 3.191297e-03 3.016827e-04 8.034984e-03 1.237223e-03
2.876921e+02 3.204316e-03 3.193260e-04 7.963022e-03 1.330599e-03
2.877317e+02 3.224729e-03 3.373329e-04 7.907282e-03 1.429572e-03
2.877713e+02 3.253012e-03 3.558026e-04 7.869665e-03 1.533567e-03
2.878109e+02 3.289272e-03 3.748431e-04 7.851122e-03 1.641850e-03
2.878505e+02 3.333221e-03 3.945617e-04 7.851515e-03 1.753586e-03
2.878902e+02 3.384174e-03 4.150562e-04 7.869552e-03 1.867915e-03
2.879298e+02 3.441075e-03 4.364050e-04 7.902796e-03 1.984025e-03
2.879694e+02 3.502552e-03 4.586601e-04 7.947758e-03 2.101239e-03
2.880090e+02 3.566999e-03 4.818407e-04 8.000067e-03 2.219089e-03
2.880486e+02 3.632680e-03 5.059310e-04 8.054717e-03 2.337393e-03
2.880882e+02 3.697859e-03 5.308792e-04 8.106372e-03 2.456327e-03
2.881278e+02 3.760928e-03 5.566013e-04 8.149694e-03 2.576490e-03
2.881675e+02 3.820547e-03 5.829863e-04 8.179684e-03 2.698970e-03
2.882071e+02 3.875772e-03 6.099052e-04 8.192002e-03 2.825407e-03
2.882467e+02 3.926172e-03 6.372207e-04 8.183235e-03 2.958060e-03
2.882863e+02 3.971924e-03 6.647981e-04 8.151101e-03 3.099872e-03
2.883259e+02 4.013878e-03 6.925170e-04 8.094576e-03 3.254542e-03
2.883655e+02 4.053603e-03 7.202809e-04 8.013932e-03 3.426595e-03
2.884051e+02 4.093392e-03 7.480263e-04 7.910693e-03 3.621456e-03
2.884448e+02 4.136250e-03 7.757291e-04 7.787508e-03 3.845512e-03
2.884844e+02 4.185845e-03 8.034088e-04 7.647971e-03 4.106156e-03
2.885240e+02 4.246440e-03 8.311297e-04 7.496388e-03 4.411804e-03
2.885636e+02 4.322791e-03 8.589995e-04 7.337516e-03 4.771858e-03
2.886032e+02 4.420018e-03 8.871656e-04 7.176303e-03 5.196584e-03
2.886428e+02 4.543441e-03 9.158085e-04 7.017623e-03 5.696893e-03
2.886824e+02 4.698384e-03 9.451336e-04 6.866055e-03 6.283963e-03
2.887221e+02 4.889918e-03 9.753611e-04 6.725689e-03 6.968704e-03
2.887617e+02 5.122577e-03 1.006715e-03 6.599990e-03 7.761027e-03
2.888013e+02 5.400013e-03 1.039412e-03 6.491709e-03 8.668917e-03
2.888409e+02 5.724616e-03 1.073647e-03 6.402857e-03 9.697344e-03
2.888805e+02 6.097123e-03 1.109588e-03 6.334715e-03 1.084707e-02
2.889201e+02 6.516223e-03 1.147360e-03 6.287906e-03 1.211340e-02
2.889597e+02 6.978215e-03 1.187045e-03 6.262476e-03 1.348512e-02
2.889993e+02 7.476752e-03 1.228673e-03 6.258006e-03 1.494358e-02
2.890390e+02 8.002727e-03 1.272226e-03 6.273723e-03 1.646223e-02
2.890786e+02 8.544339e-03 1.317639e-03 6.308600e-03 1.800678e-02
2.891182e+02 9.087371e-03 1.364806e-03 6.361443e-03 1.953586e-02
2.891578e+02 9.615703e-03 1.413587e-03 6.430945e-03 2.100258e-02
2.891974e+02 1.011205e-02 1.463812e-03 6.515720e-03 2.235661e-02
2.892370e+02 1.055887e-02 1.515293e-03 6.614316e-03 2.354700e-02
2.892766e+02 1.093943e-02 1.567821e-03 6.725208e-03 2.452525e-02
2.893163e+02 1.123887e-02 1.621168e-03 6.846784e-03 2.524867e-02
2.893559e+02 1.144527e-02 1.675087e-03 6.977342e-03 2.568339e-02
2.893955e+02 1.155048e-02 1.729303e-03 7.115093e-03 2.580704e-02
2.894351e+02 1.155076e-02 1.783515e-03 7.258192e-03 2.561058e-02
2.894747e+02 1.144713e-02 1.837390e-03 7.404785e-03 2.509921e-02
2.895143e+02 1.124526e-02 1.890571e-03 7.553084e-03 2.429213e-02
2.895539e+02 1.095514e-02 1.942682e-03 7.701449e-03 2.322130e-02
2.895936e+02 1.059034e-02 1.993345e-03 7.848478e-03 2.192921e-02
2.896332e+02 1.016708e-02 2.042207e-03 7.993084e-03 2.046595e-02
2.896728e+02 9.703110e-03 2.088961e-03 8.134539e-03 1.888583e-02
2.897124e+02 9.216587e-03 2.133380e-03 8.272493e-03 1.724389e-02
2.897520e+02 8.724979e-03 2.175342e-03 8.406942e-03 1.559265e-02
2.897916e+02 8.244121e-03 2.214854e-03 8.538145e-03 1.397936e-02
2.898312e+02 7.787480e-03 2.252065e-03 8.666517e-03 1.244386e-02
2.898709e+02 7.365677e-03 2.287268e-03 8.792488e-03 1.101727e-02
2.899105e+02 6.986259e-03 2.320895e-03 8.916361e-03 9.721521e-03
2.899501e+02 6.653724e-03 2.353493e-03 9.038183e-03 8.569495e-03
2.899897e+02 6.369750e-03 2.385699e-03 9.157664e-03 7.565887e-03
2.900293e+02 6.133584e-03 2.418196e-03 9.274137e-03 6.708418e-03
2.900689e+02 5.942533e-03 2.451679e-03 9.386592e-03 5.989329e-03
2.901085e+02 5.792508e-03 2.486810e-03 9.493771e-03 5.396944e-03
2.901482e+02 5.678559e-03 2.524185e-03 9.594310e-03 4.917182e-03
2.901878e+02 5.595370e-03 2.564298e-03 9.686929e-03 4.534882e-03
2.902274e+02 5.537683e-03 2.607524e-03 9.770622e-03 4.234902e-03
2.902670e+02 5.500633e-03 2.654110e-03 9.844843e-03 4.002947e-03
2.903066e+02 5.479981e-03 2.704176e-03 9.909645e-03 3.826123e-03
2.903462e+02 5.472252e-03 2.757726e-03 9.965777e-03 3.693252e-03
2.903858e+02 5.474788e-03 2.814679e-03 1.001470e-02 3.594988e-03
2.904255e+02 5.485731e-03 2.874898e-03 1.005853e-02 3.523767e-03
2.904651e+02 5.503943e-03 2.938228e-03 1.009994e-02 3.473656e-03
2.905047e+02 5.528893e-03 3.004543e-03 1.014201e-02 3.440131e-03
2.905443e+02 5.560527e-03 3.073782e-03 1.018797e-02 3.419830e-03
2.905839e+02 5.599119e-03 3.145986e-03 1.024107e-02 3.410301e-03
2.906235e+02 5.645140e-03 3.221329e-03 1.030431e-02 3.409776e-03
2.906631e+02 5.699131e-03 3.300133e-03 1.038029e-02 3.416968e-03
2.907028e+02 5.761600e-03 3.382880e-03 1.047101e-02 3.430909e-03
2.907424e+02 5.832941e-03 3.470205e-03 1.057779e-02 3.450826e-03
2.907820e+02 5.913366e-03 3.562892e-03 1.070116e-02 3.476046e-03
2.908216e+02 6.002873e-03 3.661849e-03 1.084084e-02 3.505931e-03
2.908612e+02 6.101225e-03 3.768101e-03 1.099574e-02 3.539835e-03
2.909008e+02 6.207956e-03 3.882769e-03 1.116402e-02 3.577079e-03
2.909404e+02 6.322397e-03 4.007065e-03 1.134319e-02 3.616940e-03
2.909800e+02 6.443720e-03 4.142299e-03 1.153021e-02 3.658650e-03
2.910197e+02 6.571003e-03 4.289890e-03 1.172172e-02 3.701402e-03
2.910593e+02 6.703303e-03 4.451396e-03 1.191414e-02 3.744371e-03
2.910989e+02 6.839746e-03 4.628547e-03 1.210396e-02 3.786734e-03
2.911385e+02 6.979610e-03 4.823286e-03 1.228785e-02 3.827699e-03
2.911781e+02 7.122410e-03 5.037808e-03 1.246288e-02 3.866544e-03
2.912177e+02 7.267959e-03 5.274584e-03 1.262665e-02 3.902645e-03
2.912573e+02 7.416414e-03 5.536378e-03 1.277735e-02 3.935512e-03
2.912970e+02 7.568288e-03 5.826233e-03 1.291381e-02 3.964817e-03
2.913366e+02 7.724424e-03 6.147439e-03 1.303543e-02 3.990406e-03
2.913762e+02 7.885945e-03 6.503461e-03 1.314206e-02 4.012308e-03
2.914158e+02 8.054167e-03 6.897851e-03 1.323392e-02 4.030727e-03
2.914554e+02 8.230497e-03 7.334127e-03 1.331135e-02 4.046017e-03
2.914950e+02 8.416316e-03 7.815642e-03 1.337465e-02 4.058656e-03
2.915346e+02 8.612872e-03 8.345446e-03 1.342397e-02 4.069202e-03
2.915743e+02 8.821180e-03 8.926141e-03 1.345915e-02 4.078246e-03
2.916139e+02 9.041955e-03 9.559764e-03 1.347973e-02 4.086375e-03
2.916535e+02 9.275575e-03 1.024768e-02 1.348492e-02 4.094129e-03
2.916931e+02 9.522074e-03 1.099048e-02 1.347377e-02 4.101967e-03
2.917327e+02 9.781176e-03 1.178797e-02 1.344530e-02 4.110258e-03
2.917723e+02 1.005234e-02 1.263910e-02 1.339868e-02 4.119259e-03
2.918119e+02 1.033485e-02 1.354196e-02 1.333344e-02 4.129131e-03
2.918516e+02 1.062782e-02 1.449382e-02 1.324969e-02 4.139940e-03
2.918912e+02 1.093032e-02 1.549109e-02 1.314820e-02 4.151680e-03
2.919308e+02 1.124137e-02 1.652935e-02 1.303048e-02 4.164288e-03
2.919704e+02 1.155993e-02 1.760334e-02 1.289877e-02 4.177667e-03
2.920100e+02 1.188488e-02 1.870700e-02 1.275594e-02 4.191696e-03
2.920496e+02 1.221498e-02 1.983337e-02 1.260533e-02 4.206244e-03
2.920892e+02 1.254878e-02 2.097465e-02 1.245051e-02 4.221172e-03
2.921289e+02 1.288451e-02 2.212213e-02 1.229505e-02 4.236338e-03
2.921685e+02 1.322005e-02 2.326624e-02 1.214230e-02 4.251597e-03
2.922081e+02 1.355281e-02 2.439651e-02 1.199511e-02 4.266797e-03
2.922477e+02 1.387973e-02 2.550169e-02 1.185571e-02 4.281788e-03
2.922873e+02 1.419728e-02 2.656982e-02 1.172560e-02 4.296421e-03
2.923269e+02 1.450148e-02 2.758842e-02 1.160546e-02 4.310565e-03
2.923665e+02 1.478802e-02 2.854470e-02 1.149525e-02 4.324109e-03
2.924062e+02 1.505235e-02 2.942586e-02 1.139421e-02 4.336981e-03
2.924458e+02 1.528987e-02 3.021938e-02 1.130106e-02 4.349156e-03
2.924854e+02 1.549609e-02 3.091347e-02 1.121413e-02 4.360662e-03
2.925250e+02 1.566682e-02 3.149738e-02 1.113151e-02 4.371582e-03
2.925646e+02 1.579840e-02 3.196187e-02 1.105127e-02 4.382050e-03
2.926042e+02 1.588780e-02 3.229958e-02 1.097158e-02 4.392245e-03
2.926438e+02 1.593285e-02 3.250535e-02 1.089081e-02 4.402374e-03
2.926835e+02 1.593232e-02 3.257659e-02 1.080772e-02 4.412661e-03
2.927231e+02 1.588607e-02 3.251347e-02 1.072140e-02 4.423336e-03
2.927627e+02 1.579504e-02 3.231907e-02 1.063144e-02 4.434616e-03
2.928023e+02 1.566133e-02 3.199947e-02 1.053782e-02 4.446704e-03
2.928419e+02 1.548813e-02 3.156363e-02 1.044098e-02 4.459776e-03
2.928815e+02 1.527966e-02 3.102326e-02 1.034173e-02 4.473978e-03
2.929211e+02 1.504104e-02 3.039249e-02 1.024121e-02 4.489419e-03
2.929607e+02 1.477815e-02 2.968746e-02 1.014084e-02 4.506165e-03
2.930004e+02 1.449740e-02 2.892576e-02 1.004222e-02 4.524223e-03
2.930400e+02 1.420548e-02 2.812583e-02 9.947075e-03 4.543535e-03
2.930796e+02 1.390910e-02 2.730624e-02 9.857110e-03 4.563958e-03
2.931192e+02 1.361474e-02 2.648500e-02 9.773962e-03 4.585256e-03
2.931588e+02 1.332835e-02 2.567886e-02 9.699079e-03 4.607092e-03
2.931984e+02 1.305512e-02 2.490268e-02 9.633639e-03 4.629027e-03
2.932380e+02 1.279929e-02 2.416888e-02 9.578464e-03 4.650536e-03
2.932777e+02 1.256402e-02 2.348707e-02 9.533968e-03 4.671027e-03
2.933173e+02 1.235128e-02 2.286384e-02 9.500120e-03 4.689879e-03
2.933569e+02 1.216187e-02 2.230268e-02 9.476450e-03 4.706488e-03
2.933965e+02 1.199551e-02 2.180412e-02 9.462087e-03 4.720311e-03
2.934361e+02 1.185094e-02 2.136605e-02 9.455833e-03 4.730923e-03
2.934757e+02 1.172614e-02 2.098410e-02 9.456279e-03 4.738053e-03
2.935153e+02 1.161858e-02 2.065220e-02 9.461931e-03 4.741620e-03
2.935550e+02 1.152544e-02 2.036322e-02 9.471356e-03 4.741753e-03
2.935946e+02 1.144388e-02 2.010952e-02 9.483326e-03 4.738785e-03
2.936342e+02 1.137126e-02 1.988361e-02 9.496926e-03 4.733237e-03
2.936738e+02 1.130537e-02 1.967868e-02 9.511640e-03 4.725783e-03
2.937134e+02 1.124452e-02 1.948897e-02 9.527384e-03 4.717195e-03
2.937530e+02 1.118762e-02 1.931010e-02 9.544478e-03 4.708289e-03
2.937926e+02 1.113420e-02 1.913916e-02 9.563587e-03 4.699862e-03
2.938323e+02 1.108429e-02 1.897466e-02 9.585595e-03 4.692628e-03
2.938719e+02 1.103832e-02 1.881631e-02 9.611473e-03 4.687170e-03
2.939115e+02 1.099692e-02 1.866473e-02 9.642123e-03 4.683901e-03
2.939511e+02 1.096076e-02 1.852099e-02 9.678234e-03 4.683047e-03
2.939907e+02 1.093033e-02 1.838617e-02 9.720169e-03 4.684638e-03
2.940303e+02 1.090579e-02 1.826096e-02 9.767886e-03 4.688533e-03
2.940699e+02 1.088686e-02 1.814523e-02 9.820908e-03 4.694452e-03
2.941096e+02 1.087274e-02 1.803786e-02 9.878351e-03 4.702017e-03
2.941492e+02 1.086211e-02 1.793653e-02 9.938988e-03 4.710812e-03
2.941888e+02 1.085320e-02 1.783783e-02 1.000135e-02 4.720428e-03
2.942284e+02 1.084390e-02 1.773731e-02 1.006387e-02 4.730513e-03
2.942680e+02 1.083187e-02 1.762982e-02 1.012500e-02 4.740804e-03
2.943076e+02 1.081477e-02 1.750984e-02 1.018332e-02 4.751140e-03
2.943472e+02 1.079033e-02 1.737182e-02 1.023769e-02 4.761465e-03
2.943869e+02 1.075657e-02 1.721064e-02 1.028727e-02 4.771808e-03
2.944265e+02 1.071191e-02 1.702195e-02 1.033154e-02 4.782253e-03
2.944661e+02 1.065523e-02 1.680247e-02 1.037031e-02 4.792901e-03
2.945057e+02 1.058592e-02 1.655030e-02 1.040363e-02 4.803833e-03
2.945453e+02 1.050394e-02 1.626506e-02 1.043170e-02 4.815073e-03
2.945849e+02 1.040978e-02 1.594799e-02 1.045477e-02 4.826574e-03
2.946245e+02 1.030439e-02 1.560196e-02 1.047301e-02 4.838203e-03
2.946642e+02 1.018919e-02 1.523138e-02 1.048643e-02 4.849752e-03
2.947038e+02 1.006594e-02 1.484205e-02 1.049483e-02 4.860954e-03
2.947434e+02 9.936713e-03 1.444092e-02 1.049771e-02 4.871512e-03
2.947830e+02 9.803765e-03 1.403578e-02 1.049438e-02 4.881131e-03
2.948226e+02 9.669489e-03 1.363493e-02 1.048400e-02 4.889538e-03
2.948622e+02 9.536309e-03 1.324676e-02 1.046566e-02 4.896509e-03
2.949018e+02 9.406600e-03 1.287936e-02 1.043857e-02 4.901871e-03
2.949414e+02 9.282598e-03 1.254010e-02 1.040219e-02 4.905508e-03
2.949811e+02 9.166320e-03 1.223526e-02 1.035636e-02 4.907343e-03
2.950207e+02 9.059483e-03 1.196972e-02 1.030141e-02 4.907326e-03
2.950603e+02 8.963445e-03 1.174670e-02 1.023822e-02 4.905418e-03
2.950999e+02 8.879151e-03 1.156762e-02 1.016825e-02 4.901575e-03
2.951395e+02 8.807110e-03 1.143209e-02 1.009349e-02 4.895746e-03
2.951791e+02 8.747388e-03 1.133795e-02 1.001634e-02 4.887875e-03
2.952187e+02 8.699639e-03 1.128147e-02 9.939522e-03 4.877922e-03
2.952584e+02 8.663153e-03 1.125768e-02 9.865897e-03 4.865884e-03
2.952980e+02 8.636937e-03 1.126069e-02 9.798297e-03 4.851823e-03
2.953376e+02 8.619806e-03 1.128416e-02 9.739362e-03 4.835895e-03
2.953772e+02 8.610490e-03 1.132170e-02 9.691396e-03 4.818372e-03
2.954168e+02 8.607741e-03 1.136733e-02 9.656247e-03 4.799649e-03
2.954564e+02 8.610429e-03 1.141582e-02 9.635228e-03 4.780239e-03
2.954960e+02 8.617623e-03 1.146304e-02 9.629077e-03 4.760750e-03
2.955357e+02 8.628651e-03 1.150615e-02 9.637956e-03 4.741847e-03
2.955753e+02 8.643124e-03 1.154369e-02 9.661483e-03 4.724202e-03
2.956149e+02 8.660936e-03 1.157557e-02 9.698799e-03 4.708435e-03
2.956545e+02 8.682235e-03 1.160300e-02 9.748648e-03 4.695055e-03
2.956941e+02 8.707364e-03 1.162821e-02 9.809473e-03 4.684409e-03
2.957337e+02 8.736790e-03 1.165421e-02 9.879519e-03 4.676640e-03
2.957733e+02 8.771007e-03 1.168443e-02 9.956924e-03 4.671671e-03
2.958130e+02 8.810450e-03 1.172235e-02 1.003980e-02 4.669200e-03
2.958526e+02 8.855400e-03 1.177115e-02 1.012632e-02 4.668724e-03
2.958922e+02 8.905899e-03 1.183338e-02 1.021474e-02 4.669582e-03
2.959318e+02 8.961693e-03 1.191063e-02 1.030344e-02 4.671012e-03
2.959714e+02 9.022181e-03 1.200337e-02 1.039095e-02 4.672224e-03
2.960110e+02 9.086415e-03 1.211084e-02 1.047594e-02 4.672467e-03
2.960506e+02 9.153107e-03 1.223101e-02 1.055722e-02 4.671098e-03
2.960903e+02 9.220692e-03 1.236071e-02 1.063372e-02 4.667644e-03
2.961299e+02 9.287402e-03 1.249584e-02 1.070453e-02 4.661834e-03
2.961695e+02 9.351382e-03 1.263166e-02 1.076886e-02 4.653624e-03
2.962091e+02 9.410808e-03 1.276312e-02 1.082611e-02 4.643195e-03
2.962487e+02 9.464030e-03 1.288531e-02 1.087585e-02 4.630931e-03
2.962883e+02 9.509695e-03 1.299379e-02 1.091791e-02 4.617387e-03
2.963279e+02 9.546861e-03 1.308495e-02 1.095240e-02 4.603232e-03
2.963676e+02 9.575082e-03 1.315630e-02 1.097974e-02 4.589207e-03
2.964072e+02 9.594455e-03 1.320662e-02 1.100068e-02 4.576064e-03
2.964468e+02 9.605616e-03 1.323601e-02 1.101632e-02 4.564523e-03
2.964864e+02 9.609700e-03 1.324585e-02 1.102802e-02 4.555233e-03
2.965260e+02 9.608247e-03 1.323863e-02 1.103736e-02 4.548746e-03
2.965656e+02 9.603078e-03 1.321769e-02 1.104604e-02 4.545505e-03
2.966052e+02 9.596136e-03 1.318689e-02 1.105568e-02 4.545833e-03
2.966449e+02 9.589320e-03 1.315028e-02 1.106773e-02 4.549945e-03
2.966845e+02 9.584315e-03 1.311177e-02 1.108323e-02 4.557952e-03
2.967241e+02 9.582435e-03 1.307479e-02 1.110265e-02 4.569871e-03
2.967637e+02 9.584495e-03 1.304206e-02 1.112579e-02 4.585641e-03
2.968033e+02 9.590722e-03 1.301540e-02 1.115164e-02 4.605127e-03
2.968429e+02 9.600708e-03 1.299563e-02 1.117836e-02 4.628127e-03
2.968825e+02 9.613412e-03 1.298253e-02 1.120333e-02 4.654373e-03
2.969221e+02 9.627216e-03 1.297487e-02 1.122325e-02 4.683535e-03
2.969618e+02 9.640021e-03 1.297052e-02 1.123432e-02 4.715223e-03
2.970014e+02 9.649385e-03 1.296664e-02 1.123253e-02 4.748989e-03
2.970410e+02 9.652688e-03 1.295979e-02 1.121394e-02 4.784333e-03
2.970806e+02 9.647313e-03 1.294622e-02 1.117500e-02 4.820721e-03
2.971202e+02 9.630831e-03 1.292204e-02 1.111286e-02 4.857590e-03
2.971598e+02 9.601172e-03 1.288353e-02 1.102561e-02 4.894377e-03
2.971994e+02 9.556783e-03 1.282732e-02 1.091250e-02 4.930528e-03
2.972391e+02 9.496743e-03 1.275064e-02 1.077406e-02 4.965524e-03
2.972787e+02 9.420847e-03 1.265157e-02 1.061208e-02 4.998887e-03
2.973183e+02 9.329639e-03 1.252919e-02 1.042952e-02 5.030200e-03
2.973579e+02 9.224408e-03 1.238374e-02 1.023039e-02 5.059099e-03
2.973975e+02 9.107140e-03 1.221671e-02 1.001942e-02 5.085283e-03
2.974371e+02 8.980430e-03 1.203091e-02 9.801874e-03 5.108503e-03
2.974767e+02 8.847366e-03 1.183039e-02 9.583146e-03 5.128560e-03
2.975164e+02 8.711394e-03 1.162035e-02 9.368537e-03 5.145296e-03
2.975560e+02 8.576160e-03 1.140693e-02 9.162961e-03 5.158595e-03
2.975956e+02 8.445351e-03 1.119694e-02 8.970739e-03 5.168378e-03
2.976352e+02 8.322534e-03 1.099753e-02 8.795456e-03 5.174611e-03
2.976748e+02 8.211000e-03 1.081582e-02 8.639873e-03 5.177310e-03
2.977144e+02 8.113627e-03 1.065843e-02 8.505907e-03 5.176547e-03
2.977540e+02 8.032757e-03 1.053115e-02 8.394665e-03 5.172452e-03
2.977937e+02 7.970098e-03 1.043855e-02 8.306516e-03 5.165223e-03
2.978333e+02 7.926664e-03 1.038368e-02 8.241195e-03 5.155116e-03
2.978729e+02 7.902744e-03 1.036787e-02 8.197924e-03 5.142440e-03
2.979125e+02 7.897913e-03 1.039066e-02 8.175540e-03 5.127544e-03
2.979521e+02 7.911086e-03 1.044985e-02 8.172609e-03 5.110801e-03
2.979917e+02 7.940601e-03 1.054167e-02 8.187539e-03 5.092592e-03
2.980313e+02 7.984352e-03 1.066109e-02 8.218671e-03 5.073290e-03
2.980710e+02 8.039930e-03 1.080220e-02 8.264341e-03 5.053252e-03
2.981106e+02 8.104792e-03 1.095864e-02 8.322931e-03 5.032807e-03
2.981502e+02 8.176423e-03 1.112412e-02 8.392884e-03 5.012262e-03
2.981898e+02 8.252491e-03 1.129287e-02 8.472692e-03 4.991906e-03
2.982294e+02 8.330968e-03 1.146001e-02 8.560872e-03 4.972020e-03
2.982690e+02 8.410226e-03 1.162188e-02 8.655915e-03 4.952886e-03
2.983086e+02 8.489082e-03 1.177621e-02 8.756231e-03 4.934801e-03
2.983483e+02 8.566797e-03 1.192221e-02 8.860098e-03 4.918080e-03
2.983879e+02 8.643035e-03 1.206042e-02 8.965625e-03 4.903061e-03
2.984275e+02 8.717788e-03 1.219253e-02 9.070741e-03 4.890094e-03
2.984671e+02 8.791270e-03 1.232105e-02 9.173227e-03 4.879529e-03
2.985067e+02 8.863802e-03 1.244893e-02 9.270784e-03 4.871696e-03
2.985463e+02 8.935699e-03 1.257907e-02 9.361143e-03 4.866881e-03
2.985859e+02 9.007174e-03 1.271400e-02 9.442219e-03 4.865300e-03
2.986256e+02 9.078255e-03 1.285543e-02 9.512268e-03 4.867071e-03
2.986652e+02 9.148750e-03 1.300399e-02 9.570058e-03 4.872200e-03
2.987048e+02 9.218234e-03 1.315912e-02 9.615013e-03 4.880566e-03
2.987444e+02 9.286072e-03 1.331898e-02 9.647312e-03 4.891921e-03
2.987840e+02 9.351479e-03 1.348061e-02 9.667934e-03 4.905894e-03
2.988236e+02 9.413588e-03 1.364011e-02 9.678635e-03 4.922017e-03
2.988632e+02 9.471541e-03 1.379302e-02 9.681852e-03 4.939747e-03
2.989028e+02 9.524582e-03 1.393470e-02 9.680545e-03 4.958497e-03
2.989425e+02 9.572133e-03 1.406073e-02 9.677998e-03 4.977675e-03
2.989821e+02 9.613867e-03 1.416730e-02 9.677585e-03 4.996714e-03
2.990217e+02 9.649743e-03 1.425159e-02 9.682536e-03 5.015101e-03
2.990613e+02 9.680029e-03 1.431198e-02 9.695712e-03 5.032397e-03
2.991009e+02 9.705283e-03 1.434818e-02 9.719419e-03 5.048251e-03
2.991405e+02 9.726313e-03 1.436128e-02 9.755255e-03 5.062401e-03
2.991801e+02 9.744120e-03 1.435367e-02 9.804015e-03 5.074674e-03
2.992198e+02 9.759809e-03 1.432881e-02 9.865639e-03 5.084978e-03
2.992594e+02 9.774509e-03 1.429103e-02 9.939208e-03 5.093289e-03
2.992990e+02 9.789279e-03 1.424522e-02 1.002298e-02 5.099643e-03
2.993386e+02 9.805026e-03 1.419651e-02 1.011444e-02 5.104124e-03
2.993782e+02 9.822435e-03 1.414998e-02 1.021047e-02 5.106854e-03
2.994178e+02 9.841915e-03 1.411038e-02 1.030739e-02 5.107983e-03
2.994574e+02 9.863571e-03 1.408187e-02 1.040117e-02 5.107676e-03
2.994971e+02 9.887186e-03 1.406784e-02 1.048762e-02 5.106094e-03
2.995367e+02 9.912239e-03 1.407077e-02 1.056257e-02 5.103379e-03
2.995763e+02 9.937926e-03 1.409209e-02 1.062206e-02 5.099621e-03
2.996159e+02 9.963211e-03 1.413217e-02 1.066263e-02 5.094837e-03
2.996555e+02 9.986883e-03 1.419026e-02 1.068145e-02 5.088940e-03
2.996951e+02 1.000762e-02 1.426462e-02 1.067653e-02 5.081725e-03
2.997347e+02 1.002409e-02 1.435252e-02 1.064689e-02 5.072860e-03
2.997744e+02 1.003498e-02 1.445044e-02 1.059260e-02 5.061894e-03
2.998140e+02 1.003913e-02 1.455424e-02 1.051487e-02 5.048290e-03
2.998536e+02 1.003559e-02 1.465934e-02 1.041596e-02 5.031467e-03
2.998932e+02 1.002367e-02 1.476101e-02 1.029914e-02 5.010861e-03
2.999328e+02 1.000302e-02 1.485455e-02 1.016851e-02 4.985990e-03
2.999724e+02 9.973641e-03 1.493559e-02 1.002881e-02 4.956528e-03
3.000120e+02 9.935920e-03 1.500023e-02 9.885177e-03 4.922352e-03
3.000517e+02 9.890596e-03 1.504528e-02 9.742918e-03 4.883591e-03
3.000913e+02 9.838729e-03 1.506832e-02 9.607229e-03 4.840634e-03
3.001309e+02 9.781635e-03 1.506782e-02 9.482953e-03 4.794129e-03
3.001705e+02 9.720804e-03 1.504312e-02 9.374346e-03 4.744946e-03
3.002101e+02 9.657802e-03 1.499440e-02 9.284881e-03 4.694124e-03
3.002497e+02 9.594176e-03 1.492262e-02 9.217098e-03 4.642808e-03
3.002893e+02 9.531359e-03 1.482939e-02 9.172505e-03 4.592182e-03
3.003290e+02 9.470589e-03 1.471682e-02 9.151544e-03 4.543401e-03
3.003686e+02 9.412855e-03 1.458741e-02 9.153611e-03 4.497538e-03
3.004082e+02 9.358857e-03 1.444387e-02 9.177157e-03 4.455543e-03
3.004478e+02 9.309007e-03 1.428897e-02 9.219825e-03 4.418222e-03
3.004874e+02 9.263437e-03 1.412544e-02 9.278641e-03 4.386231e-03
3.005270e+02 9.222039e-03 1.395581e-02 9.350229e-03 4.360071e-03
3.005666e+02 9.184505e-03 1.378237e-02 9.431033e-03 4.340112e-03
3.006063e+02 9.150383e-03 1.360704e-02 9.517518e-03 4.326596e-03
3.006459e+02 9.119113e-03 1.343134e-02 9.606341e-03 4.319655e-03
3.006855e+02 9.090071e-03 1.325642e-02 9.694477e-03 4.319320e-03
3.007251e+02 9.062595e-03 1.308299e-02 9.779280e-03 4.325518e-03
3.007647e+02 9.035995e-03 1.291141e-02 9.858504e-03 4.338072e-03
3.008043e+02 9.009573e-03 1.274175e-02 9.930275e-03 4.356692e-03
3.008439e+02 8.982622e-03 1.257386e-02 9.993038e-03 4.380965e-03
3.008835e+02 8.954447e-03 1.240748e-02 1.004551e-02 4.410353e-03
3.009232e+02 8.924378e-03 1.224233e-02 1.008662e-02 4.444186e-03
3.009628e+02 8.891810e-03 1.207821e-02 1.011554e-02 4.481677e-03
3.010024e+02 8.856236e-03 1.191511e-02 1.013166e-02 4.521941e-03
3.010420e+02 8.817302e-03 1.175319e-02 1.013470e-02 4.564019e-03
3.010816e+02 8.774846e-03 1.159286e-02 1.012475e-02 4.606930e-03
3.011212e+02 8.728943e-03 1.143472e-02 1.010240e-02 4.649714e-03
3.011608e+02 8.679919e-03 1.127951e-02 1.006876e-02 4.691489e-03
3.012005e+02 8.628352e-03 1.112802e-02 1.002552e-02 4.731510e-03
3.012401e+02 8.575043e-03 1.098100e-02 9.974919e-03 4.769215e-03
3.012797e+02 8.520959e-03 1.083900e-02 9.919610e-03 4.804273e-03
3.013193e+02 8.467158e-03 1.070233e-02 9.862546e-03 4.836598e-03
3.013589e+02 8.414699e-03 1.057097e-02 9.806760e-03 4.866366e-03
3.013985e+02 8.364554e-03 1.044453e-02 9.755145e-03 4.893990e-03
3.014381e+02 8.317526e-03 1.032225e-02 9.710247e-03 4.920087e-03
3.014778e+02 8.274191e-03 1.020309e-02 9.674072e-03 4.945415e-03
3.015174e+02 8.234860e-03 1.008580e-02 9.647971e-03 4.970807e-03
3.015570e+02 8.199582e-03 9.969090e-03 9.632574e-03 4.997081e-03
3.015966e+02 8.168170e-03 9.851737e-03 9.627805e-03 5.024966e-03
3.016362e+02 8.140253e-03 9.732780e-03 9.632963e-03 5.055017e-03
3.016758e+02 8.115349e-03 9.611651e-03 9.646838e-03 5.087559e-03
3.017154e+02 8.092933e-03 9.488294e-03 9.667866e-03 5.122641e-03
3.017551e+02 8.072514e-03 9.363241e-03 9.694284e-03 5.160018e-03
3.017947e+02 8.053686e-03 9.237629e-03 9.724271e-03 5.199158e-03
3.018343e+02 8.036163e-03 9.113162e-03 9.756061e-03 5.239266e-03
3.018739e+02 8.019792e-03 8.992013e-03 9.788021e-03 5.279342e-03
3.019135e+02 8.004537e-03 8.876673e-03 9.818704e-03 5.318235e-03
3.019531e+02 7.990450e-03 8.769752e-03 9.846868e-03 5.354729e-03
3.019927e+02 7.977619e-03 8.673762e-03 9.871485e-03 5.387610e-03
3.020324e+02 7.966128e-03 8.590886e-03 9.891746e-03 5.415753e-03
3.020720e+02 7.956004e-03 8.522759e-03 9.907072e-03 5.438181e-03
3.021116e+02 7.947187e-03 8.470295e-03 9.917130e-03 5.454134e-03
3.021512e+02 7.939508e-03 8.433556e-03 9.921862e-03 5.463107e-03
3.021908e+02 7.932698e-03 8.411697e-03 9.921515e-03 5.464882e-03
3.022304e+02 7.926399e-03 8.402986e-03 9.916669e-03 5.459541e-03
3.022700e+02 7.920200e-03 8.404903e-03 9.908239e-03 5.447459e-03
3.023097e+02 7.913680e-03 8.414301e-03 9.897459e-03 5.429279e-03
3.023493e+02 7.906444e-03 8.427631e-03 9.885828e-03 5.405874e-03
3.023889e+02 7.898167e-03 8.441192e-03 9.875021e-03 5.378287e-03
3.024285e+02 7.888607e-03 8.451398e-03 9.866761e-03 5.347664e-03
3.024681e+02 7.877626e-03 8.455020e-03 9.862677e-03 5.315180e-03
3.025077e+02 7.865170e-03 8.449403e-03 9.864147e-03 5.281960e-03
3.025473e+02 7.851257e-03 8.432620e-03 9.872144e-03 5.249009e-03
3.025870e+02 7.835942e-03 8.403561e-03 9.887115e-03 5.217150e-03
3.026266e+02 7.819281e-03 8.361958e-03 9.908898e-03 5.186988e-03
3.026662e+02 7.801301e-03 8.308338e-03 9.936684e-03 5.158879e-03
3.027058e+02 7.781973e-03 8.243920e-03 9.969054e-03 5.132944e-03
3.027454e+02 7.761206e-03 8.170474e-03 1.000406e-02 5.109085e-03
3.027850e+02 7.738845e-03 8.090143e-03 1.003936e-02 5.087037e-03
3.028246e+02 7.714693e-03 8.005267e-03 1.007239e-02 5.066423e-03
3.028642e+02 7.688531e-03 7.918199e-03 1.010057e-02 5.046825e-03
3.029039e+02 7.660159e-03 7.831156e-03 1.012148e-02 5.027845e-03
3.029435e+02 7.629425e-03 7.746084e-03 1.013302e-02 5.009173e-03
3.029831e+02 7.596254e-03 7.664569e-03 1.013357e-02 4.990627e-03
3.030227e+02 7.560667e-03 7.587782e-03 1.012203e-02 4.972192e-03
3.030623e+02 7.522789e-03 7.516459e-03 1.009788e-02 4.954030e-03
3.031019e+02 7.482848e-03 7.450918e-03 1.006115e-02 4.936480e-03
3.031415e+02 7.441157e-03 7.391098e-03 1.001234e-02 4.920038e-03
3.031812e+02 7.398099e-03 7.336617e-03 9.952351e-03 4.905330e-03
3.032208e+02 7.354100e-03 7.286847e-03 9.882383e-03 4.893070e-03
3.032604e+02 7.309611e-03 7.240995e-03 9.803823e-03 4.884015e-03
3.033000e+02 7.265089e-03 7.198180e-03 9.718169e-03 4.878917e-03
3.033396e+02 7.220985e-03 7.157509e-03 9.626974e-03 4.878473e-03
3.033792e+02 7.177741e-03 7.118150e-03 9.531801e-03 4.883272e-03
3.034188e+02 7.135784e-03 7.079391e-03 9.434208e-03 4.893754e-03
3.034585e+02 7.095531e-03 7.040691e-03 9.335746e-03 4.910157e-03
3.034981e+02 7.057385e-03 7.001717e-03 9.237955e-03 4.932483e-03
3.035377e+02 7.021731e-03 6.962362e-03 9.142364e-03 4.960469e-03
3.035773e+02 6.988930e-03 6.922752e-03 9.050471e-03 4.993566e-03
3.036169e+02 6.959296e-03 6.883232e-03 8.963714e-03 5.030943e-03
3.036565e+02 6.933085e-03 6.844327e-03 8.883430e-03 5.071500e-03
3.036961e+02 6.910464e-03 6.806694e-03 8.810792e-03 5.113907e-03
3.037358e+02 6.891490e-03 6.771054e-03 8.746754e-03 5.156662e-03
3.037754e+02 6.876088e-03 6.738107e-03 8.691988e-03 5.198167e-03
3.038150e+02 6.864037e-03 6.708457e-03 8.646842e-03 5.236813e-03
3.038546e+02 6.854966e-03 6.682523e-03 8.611304e-03 5.271070e-03
3.038942e+02 6.848350e-03 6.660469e-03 8.584999e-03 5.299582e-03
3.039338e+02 6.843533e-03 6.642156e-03 8.567198e-03 5.321245e-03
3.039734e+02 6.839741e-03 6.627104e-03 8.556855e-03 5.335264e-03
3.040131e+02 6.836117e-03 6.614496e-03 8.552662e-03 5.341194e-03
3.040527e+02 6.831756e-03 6.603204e-03 8.553111e-03 5.338952e-03
3.040923e+02 6.825739e-03 6.591844e-03 8.556570e-03 5.328803e-03
3.041319e+02 6.817175e-03 6.578854e-03 8.561350e-03 5.311321e-03
3.041715e+02 6.805240e-03 6.562601e-03 8.565778e-03 5.287342e-03
3.042111e+02 6.789210e-03 6.541483e-03 8.568252e-03 5.257894e-03
3.042507e+02 6.768493e-03 6.514050e-03 8.567297e-03 5.224133e-03
3.042904e+02 6.742662e-03 6.479107e-03 8.561603e-03 5.187277e-03
3.043300e+02 6.711475e-03 6.435816e-03 8.550059e-03 5.148550e-03
3.043696e+02 6.674892e-03 6.383766e-03 8.531783e-03 5.109129e-03
3.044092e+02 6.633091e-03 6.323023e-03 8.506140e-03 5.070111e-03
3.044488e+02 6.586468e-03 6.254157e-03 8.472765e-03 5.032481e-03
3.044884e+02 6.535629e-03 6.178224e-03 8.431571e-03 4.997092e-03
3.045280e+02 6.481378e-03 6.096731e-03 8.382756e-03 4.964646e-03
3.045677e+02 6.424684e-03 6.011569e-03 8.326801e-03 4.935682e-03
3.046073e+02 6.366640e-03 5.924913e-03 8.264445e-03 4.910561e-03
3.046469e+02 6.308410e-03 5.839118e-03 8.196656e-03 4.889457e-03
3.046865e+02 6.251171e-03 5.756591e-03 8.124573e-03 4.872350e-03
3.047261e+02 6.196044e-03 5.679662e-03 8.049444e-03 4.859024e-03
3.047657e+02 6.144026e-03 5.610455e-03 7.972542e-03 4.849083e-03
3.048053e+02 6.095938e-03 5.550773e-03 7.895078e-03 4.841964e-03
3.048449e+02 6.052368e-03 5.502003e-03 7.818123e-03 4.836978e-03
3.048846e+02 6.013641e-03 5.465033e-03 7.742531e-03 4.833358e-03
3.049242e+02 5.979806e-03 5.440219e-03 7.668885e-03 4.830315e-03
3.049638e+02 5.950647e-03 5.427370e-03 7.597465e-03 4.827104e-03
3.050034e+02 5.925703e-03 5.425775e-03 7.528246e-03 4.823089e-03
3.050430e+02 5.904324e-03 5.434258e-03 7.460918e-03 4.817795e-03
3.050826e+02 5.885720e-03 5.451273e-03 7.394934e-03 4.810954e-03
3.051222e+02 5.869034e-03 5.475005e-03 7.329573e-03 4.802525e-03
3.051619e+02 5.853406e-03 5.503503e-03 7.264021e-03 4.792695e-03
3.052015e+02 5.838037e-03 5.534802e-03 7.197450e-03 4.781859e-03
3.052411e+02 5.822243e-03 5.567051e-03 7.129104e-03 4.770573e-03
3.052807e+02 5.805495e-03 5.598616e-03 7.058366e-03 4.759503e-03
3.053203e+02 5.787452e-03 5.628165e-03 6.984830e-03 4.749361e-03
3.053599e+02 5.767967e-03 5.654723e-03 6.908343e-03 4.740836e-03
3.053995e+02 5.747091e-03 5.677692e-03 6.829038e-03 4.734544e-03
3.054392e+02 5.725055e-03 5.696835e-03 6.747351e-03 4.730979e-03
3.054788e+02 5.702243e-03 5.712238e-03 6.664010e-03 4.730481e-03
3.055184e+02 5.679158e-03 5.724235e-03 6.580017e-03 4.733223e-03
3.055580e+02 5.656377e-03 5.733328e-03 6.496597e-03 4.739207e-03
3.055976e+02 5.634502e-03 5.740089e-03 6.415143e-03 4.748275e-03
3.056372e+02 5.614108e-03 5.745074e-03 6.337132e-03 4.760119e-03
3.056768e+02 5.595696e-03 5.748739e-03 6.264041e-03 4.774307e-03
3.057165e+02 5.579641e-03 5.751382e-03 6.197245e-03 4.790296e-03
3.057561e+02 5.566163e-03 5.753107e-03 6.137929e-03 4.807454e-03
3.057957e+02 5.555296e-03 5.753816e-03 6.086992e-03 4.825079e-03
3.058353e+02 5.546875e-03 5.753228e-03 6.044979e-03 4.842420e-03
3.058749e+02 5.540544e-03 5.750914e-03 6.012023e-03 4.858695e-03
3.059145e+02 5.535769e-03 5.746357e-03 5.987828e-03 4.873122e-03
3.059541e+02 5.531875e-03 5.739011e-03 5.971667e-03 4.884947e-03
3.059938e+02 5.528087e-03 5.728364e-03 5.962416e-03 4.893482e-03
3.060334e+02 5.523582e-03 5.713983e-03 5.958620e-03 4.898143e-03
3.060730e+02 5.517539e-03 5.695554e-03 5.958577e-03 4.898486e-03
3.061126e+02 5.509196e-03 5.672898e-03 5.960443e-03 4.894248e-03
3.061522e+02 5.497892e-03 5.645965e-03 5.962342e-03 4.885369e-03
3.061918e+02 5.483109e-03 5.614824e-03 5.962486e-03 4.872016e-03
3.062314e+02 5.464500e-03 5.579634e-03 5.959283e-03 4.854583e-03
3.062711e+02 5.441911e-03 5.540617e-03 5.951434e-03 4.833683e-03
3.063107e+02 5.415388e-03 5.498035e-03 5.938006e-03 4.810122e-03
3.063503e+02 5.385176e-03 5.452178e-03 5.918486e-03 4.784864e-03
3.063899e+02 5.351713e-03 5.403368e-03 5.892797e-03 4.758975e-03
3.064295e+02 5.315612e-03 5.351969e-03 5.861292e-03 4.733574e-03
3.064691e+02 5.277631e-03 5.298417e-03 5.824707e-03 4.709770e-03
3.065087e+02 5.238652e-03 5.243257e-03 5.784100e-03 4.688601e-03
3.065484e+02 5.199634e-03 5.187168e-03 5.740751e-03 4.670983e-03
3.065880e+02 5.161574e-03 5.130994e-03 5.696064e-03 4.657664e-03
3.066276e+02 5.125466e-03 5.075753e-03 5.651452e-03 4.649191e-03
3.066672e+02 5.092248e-03 5.022628e-03 5.608228e-03 4.645887e-03
3.067068e+02 5.062765e-03 4.972933e-03 5.567515e-03 4.647846e-03
3.067464e+02 5.037725e-03 4.928066e-03 5.530166e-03 4.654942e-03
3.067860e+02 5.017671e-03 4.889435e-03 5.496730e-03 4.666848e-03
3.068256e+02 5.002958e-03 4.858375e-03 5.467429e-03 4.683070e-03
3.068653e+02 4.993744e-03 4.836062e-03 5.442180e-03 4.702990e-03
3.069049e+02 4.989992e-03 4.823424e-03 5.420639e-03 4.725914e-03
3.069445e+02 4.991484e-03 4.821066e-03 5.402267e-03 4.751118e-03
3.069841e+02 4.997841e-03 4.829214e-03 5.386406e-03 4.777905e-03
3.070237e+02 5.008558e-03 4.847672e-03 5.372363e-03 4.805639e-03
3.070633e+02 5.023028e-03 4.875815e-03 5.359484e-03 4.833786e-03
3.071029e+02 5.040581e-03 4.912594e-03 5.347215e-03 4.861934e-03
3.071426e+02 5.060509e-03 4.956576e-03 5.335149e-03 4.889801e-03
3.071822e+02 5.082091e-03 5.005996e-03 5.323047e-03 4.917229e-03
3.072218e+02 5.104615e-03 5.058833e-03 5.310842e-03 4.944169e-03
3.072614e+02 5.127388e-03 5.112889e-03 5.298623e-03 4.970653e-03
3.073010e+02 5.149750e-03 5.165887e-03 5.286608e-03 4.996756e-03
3.073406e+02 5.171078e-03 5.215564e-03 5.275104e-03 5.022566e-03
3.073802e+02 5.190793e-03 5.259768e-03 5.264461e-03 5.048151e-03
3.074199e+02 5.208374e-03 5.296553e-03 5.255031e-03 5.073537e-03
3.074595e+02 5.223361e-03 5.324261e-03 5.247126e-03 5.098695e-03
3.074991e+02 5.235373e-03 5.341599e-03 5.240977e-03 5.123544e-03
3.075387e+02 5.244122e-03 5.347702e-03 5.236708e-03 5.147956e-03
3.075783e+02 5.249425e-03 5.342179e-03 5.234311e-03 5.171786e-03
3.076179e+02 5.251221e-03 5.325142e-03 5.233637e-03 5.194886e-03
3.076575e+02 5.249577e-03 5.297210e-03 5.234389e-03 5.217133e-03
3.076972e+02 5.244693e-03 5.259492e-03 5.236138e-03 5.238449e-03
3.077368e+02 5.236896e-03 5.213546e-03 5.238337e-03 5.258804e-03
3.077764e+02 5.226628e-03 5.161313e-03 5.240356e-03 5.278215e-03
3.078160e+02 5.214428e-03 5.105027e-03 5.241521e-03 5.296736e-03
3.078556e+02 5.200900e-03 5.047113e-03 5.241160e-03 5.314428e-03
3.078952e+02 5.186681e-03 4.990056e-03 5.238647e-03 5.331340e-03
3.079348e+02 5.172403e-03 4.936281e-03 5.233452e-03 5.347474e-03
3.079745e+02 5.158651e-03 4.888016e-03 5.225172e-03 5.362765e-03
3.080141e+02 5.145930e-03 4.847168e-03 5.213556e-03 5.377066e-03
3.080537e+02 5.134622e-03 4.815215e-03 5.198513e-03 5.390140e-03
3.080933e+02 5.124963e-03 4.793114e-03 5.180105e-03 5.401670e-03
3.081329e+02 5.117014e-03 4.781244e-03 5.158524e-03 5.411275e-03
3.081725e+02 5.110656e-03 4.779379e-03 5.134053e-03 5.418536e-03
3.082121e+02 5.105582e-03 4.786695e-03 5.107028e-03 5.423023e-03
3.082518e+02 5.101312e-03 4.801820e-03 5.077790e-03 5.424326e-03
3.082914e+02 5.097215e-03 4.822912e-03 5.046648e-03 5.422085e-03
3.083310e+02 5.092545e-03 4.847777e-03 5.013847e-03 5.416011e-03
3.083706e+02 5.086485e-03 4.874003e-03 4.979551e-03 5.405901e-03
3.084102e+02 5.078202e-03 4.899113e-03 4.943845e-03 5.391647e-03
3.084498e+02 5.066896e-03 4.920715e-03 4.906742e-03 5.373232e-03
3.084894e+02 5.051861e-03 4.936652e-03 4.868204e-03 5.350725e-03
3.085291e+02 5.032519e-03 4.945120e-03 4.828173e-03 5.324262e-03
3.085687e+02 5.008458e-03 4.944761e-03 4.786591e-03 5.294022e-03
3.086083e+02 4.979440e-03 4.934708e-03 4.743418e-03 5.260195e-03
3.086479e+02 4.945394e-03 4.914594e-03 4.698638e-03 5.222951e-03
3.086875e+02 4.906380e-03 4.884503e-03 4.652247e-03 5.182391e-03
3.087271e+02 4.862540e-03 4.844887e-03 4.604224e-03 5.138509e-03
3.087667e+02 4.814026e-03 4.796442e-03 4.554489e-03 5.091146e-03
3.088063e+02 4.760920e-03 4.739964e-03 4.502851e-03 5.039946e-03
3.088460e+02 4.703159e-03 4.676201e-03 4.448951e-03 4.984325e-03
3.088856e+02 4.640457e-03 4.605709e-03 4.392215e-03 4.923447e-03
3.089252e+02 4.572261e-03 4.528741e-03 4.331815e-03 4.856227e-03
3.089648e+02 4.497724e-03 4.445165e-03 4.266663e-03 4.781344e-03
3.090044e+02 4.415720e-03 4.354444e-03 4.195420e-03 4.697294e-03
3.090440e+02 4.324891e-03 4.255664e-03 4.116553e-03 4.602456e-03
3.090836e+02 4.223743e-03 4.147619e-03 4.028414e-03 4.495197e-03
3.091233e+02 4.110758e-03 4.028941e-03 3.929348e-03 4.373984e-03
3.091629e+02 3.984540e-03 3.898269e-03 3.817830e-03 4.237522e-03
3.092025e+02 3.843969e-03 3.754428e-03 3.692597e-03 4.084881e-03
3.092421e+02 3.688344e-03 3.596614e-03 3.552794e-03 3.915623e-03
3.092817e+02 3.517512e-03 3.424548e-03 3.398085e-03 3.729903e-03
3.093213e+02 3.331961e-03 3.238597e-03 3.228747e-03 3.528539e-03
3.093609e+02 3.132863e-03 3.039837e-03 3.045716e-03 3.313035e-03
3.094006e+02 2.922071e-03 2.830058e-03 2.850592e-03 3.085563e-03
3.094402e+02 2.702062e-03 2.611705e-03 2.645589e-03 2.848892e-03
3.094798e+02 2.475826e-03 2.387760e-03 2.433441e-03 2.606277e-03
3.095194e+02 2.246722e-03 2.161586e-03 2.217272e-03 2.361307e-03
3.095590e+02 2.018299e-03 1.936735e-03 2.000434e-03 2.117729e-03
3.095986e+02 1.794114e-03 1.716745e-03 1.786330e-03 1.879265e-03
3.096382e+02 1.577541e-03 1.504954e-03 1.578245e-03 1.649426e-03
3.096779e+02 1.371616e-03 1.304321e-03 1.379180e-03 1.431348e-03
3.097175e+02 1.178895e-03 1.117298e-03 1.191722e-03 1.227664e-03
3.097571e+02 1.001362e-03 9.457422e-04 1.017945e-03 1.040400e-03
3.097967e+02 8.403829e-04 7.908684e-04 8.593459e-04 8.709344e-04
3.098363e+02 6.966903e-04 6.532576e-04 7.168318e-04 7.199817e-04
3.098759e+02 5.704220e-04 5.328992e-04 5.907351e-04 5.876317e-04
3.099155e+02 4.611828e-04 4.292665e-04 4.808661e-04 4.734158e-04
3.099552e+02 3.681331e-04 3.414120e-04 3.865887e-04 3.763987e-04
3.099948e+02 2.900907e-04 2.680748e-04 3.069108e-04 2.952863e-04
3.100344e+02 2.256360e-04 2.077879e-04 2.405826e-04 2.285375e-04
3.100740e+02 1.732143e-04 1.589783e-04 1.861921e-04 1.744724e-04
3.101136e+02 1.312259e-04 1.200548e-04 1.422539e-04 1.313690e-04
3.101532e+02 9.810272e-05 8.947880e-05 1.072845e-04 9.754483e-05
3.101928e+02 7.236644e-05 6.581679e-05 7.986352e-05 7.141902e-05
3.102325e+02 5.266971e-05 4.777595e-05 5.867707e-05 5.155611e-05
3.102721e+02 3.782059e-05 3.422315e-05 4.254707e-05 3.669155e-05
3.103117e+02 2.679280e-05 2.419092e-05 3.044569e-05 2.574180e-05
3.103513e+02 1.872456e-05 1.687295e-05 2.149870e-05 1.780204e-05
3.103909e+02 1.290898e-05 1.161240e-05 1.497972e-05 1.213482e-05
3.104305e+02 8.778960e-06 7.885528e-06 1.029854e-05 8.152812e-06
3.104701e+02 5.889122e-06 5.283283e-06 6.985585e-06 5.398499e-06
3.105098e+02 3.896729e-06 3.492422e-06 4.674757e-06 3.523007e-06
3.105494e+02 2.543184e-06 2.277638e-06 3.086151e-06 2.265762e-06
3.105890e+02 1.637076e-06 1.465421e-06 2.009779e-06 1.436029e-06
3.106286e+02 1.039342e-06 9.301272e-07 1.290988e-06 8.969099e-07
3.106682e+02 6.507728e-07 5.823784e-07 8.179114e-07 5.520286e-07
3.107078e+02 4.018511e-07 3.596939e-07 5.110542e-07 3.348052e-07
3.107474e+02 2.447072e-07 2.191308e-07 3.148965e-07 2.000944e-07
3.107870e+02 1.469434e-07 1.316702e-07 1.913246e-07 1.178352e-07
3.108267e+02 8.700733e-08 7.803026e-08 1.146139e-07 6.837786e-08
3.108663e+02 5.079603e-08 4.560300e-08 6.768956e-08 3.909554e-08
3.109059e+02 2.923785e-08 2.628152e-08 3.940734e-08 2.202468e-08
3.109455e+02 1.659095e-08 1.493458e-08 2.261322e-08 1.222506e-08
3.109851e+02 9.280123e-09 8.367290e-09 1.278854e-08 6.684540e-09
3.110247e+02 5.115900e-09 4.620663e-09 7.126247e-09 3.600789e-09
3.110643e+02 2.779011e-09 2.514635e-09 3.912210e-09 1.910188e-09
3.111040e+02 1.487247e-09 1.348512e-09 2.115534e-09 9.976939e-10
3.111436e+02 7.832141e-10 7.107751e-10 1.126543e-09 5.123243e-10
3.111832e+02 4.063457e-10 3.698265e-10 5.901769e-10 2.590337e-10
3.112228e+02 2.072812e-10 1.888234e-10 3.043878e-10 1.286323e-10
3.112624e+02 1.034488e-10 9.473009e-11 1.538095e-10 6.180679e-11
3.113020e+02 5.053697e-11 4.638838e-11 7.625309e-11 2.896945e-11
3.113416e+02 2.412462e-11 2.237494e-11 3.672808e-11 1.327084e-11
3.113813e+02 1.098842e-11 1.034100e-11 1.733077e-11 5.293490e-12
3.114209e+02 4.807180e-12 4.338226e-12 7.941276e-12 2.142038e-12
3.114605e+02 2.145899e-12 2.027271e-12 3.421299e-12 9.891275e-13
3.115001e+02 8.881156e-13 7.888336e-13 1.502588e-12 3.729252e-13
3.115397e+02 3.435772e-13 3.381928e-13 5.391037e-13 1.534352e-13
3.115793e+02 1.407980e-13 1.557473e-13 2.483319e-13 1.831497e-14
3.116189e+02 6.351909e-14 6.984618e-14 1.124053e-13 8.305801e-15
3.116586e+02 0.000000e+00 0.000000e+00 0.000000e+00 0.000000e+00
3.116982e+02 0.000000e+00 0.000000e+00 0.000000e+00 0.000000e+00
3.117378e+02 0.000000e+00 0.000000e+00 0.000000e+00 0.000000e+00
3.117774e+02 0.000000e+00 0.000000e+00 0.000000e+00 0.000000e+00
3.118170e+02 0.000000e+00 0.000000e+00 0.000000e+00 0.000000e+00
3.118566e+02 0.000000e+00 0.000000e+00 0.000000e+00 0.000000e+00
3.118962e+02 0.000000e+00 0.000000e+00 0.000000e+00 0.000000e+00
3.119359e+02 0.000000e+00 0.000000e+00 0.000000e+00 0.000000e+00
3.119755e+02 0.000000e+00 0.000000e+00 0.000000e+00 0.000000e+00
3.120151e+02 0.000000e+00 0.000000e+00 0.000000e+00 0.000000e+00
3.120547e+02 0.000000e+00 0.000000e+00 0.000000e+00 0.000000e+00
3.120943e+02 0.000000e+00 0.000000e+00 0.000000e+00 0.000000e+00
3.121339e+02 0.000000e+00 0.000000e+00 0.000000e+00 0.000000e+00
3.121735e+02 0.000000e+00 0.000000e+00 0.000000e+00 0.000000e+00
3.122132e+02 0.000000e+00 0.000000e+00 0.000000e+00 0.000000e+00
3.122528e+02 0.000000e+00 0.000000e+00 0.000000e+00 0.000000e+00
3.122924e+02 0.000000e+00 0.000000e+00 0.000000e+00 0.000000e+00
3.123320e+02 0.000000e+00 0.000000e+00 0.000000e+00 0.000000e+00
3.123716e+02 0.000000e+00 0.000000e+00 0.000000e+00 0.000000e+00
3.124112e+02 0.000000e+00 0.000000e+00 0.000000e+00 0.000000e+00
3.124508e+02 0.000000e+00 0.000000e+00 0.000000e+00 0.000000e+00
3.124905e+02 0.000000e+00 0.000000e+00 0.000000e+00 0.000000e+00
3.125301e+02 0.000000e+00 0.000000e+00 0.000000e+00 0.000000e+00
3.125697e+02 0.000000e+00 0.000000e+00 0.000000e+00 0.000000e+00
3.126093e+02 0.000000e+00 0.000000e+00 0.000000e+00 0.000000e+00
3.126489e+02 0.000000e+00 0.000000e+00 0.000000e+00 0.000000e+00
3.126885e+02 0.000000e+00 0.000000e+00 0.000000e+00 0.000000e+00
3.127281e+02 0.000000e+00 0.000000e+00 0.000000e+00 0.000000e+00
3.127677e+02 0.000000e+00 0.000000e+00 0.000000e+00 0.000000e+00
3.128074e+02 0.000000e+00 0.000000e+00 0.000000e+00 0.000000e+00
3.128470e+02 0.000000e+00 0.000000e+00 0.000000e+00 0.000000e+00
3.128866e+02 0.000000e+00 0.000000e+00 0.000000e+00 0.000000e+00
3.129262e+02 0.000000e+00 0.000000e+00 0.000000e+00 0.000000e+00
3.129658e+02 0.000000e+00 0.000000e+00 0.000000e+00 0.000000e+00
3.130054e+02 0.000000e+00 0.000000e+00 0.000000e+00 0.000000e+00
3.130450e+02 0.000000e+00 0.000000e+00 0.000000e+00 0.000000e+00
3.130847e+02 0.000000e+00 0.000000e+00 0.000000e+00 0.000000e+00
3.131243e+02 0.000000e+00 0.000000e+00 0.000000e+00 0.000000e+00
3.131639e+02 0.000000e+00 0.000000e+00 0.000000e+00 0.000000e+00
3.132035e+02 0.000000e+00 0.000000e+00 0.000000e+00 0.000000e+00
3.132431e+02 0.000000e+00 0.000000e+00 0.000000e+00 0.000000e+00
3.132827e+02 0.000000e+00 0.000000e+00 0.000000e+00 0.000000e+00
3.133223e+02 0.000000e+00 0.000000e+00 0.000000e+00 0.000000e+00
3.133620e+02 0.000000e+00 0.000000e+00 0.000000e+00 0.000000e+00
3.134016e+02 0.000000e+00 0.000000e+00 0.000000e+00 0.000000e+00
3.134412e+02 0.000000e+00 0.000000e+00 0.000000e+00 0.000000e+00
3.134808e+02 0.000000e+00 0.000000e+00 0.000000e+00 0.000000e+00
3.135204e+02 0.000000e+00 0.000000e+00 0.000000e+00 0.000000e+00
3.135600e+02 0.000000e+00 0.000000e+00 0.000000e+00 0.000000e+00
3.135996e+02 0.000000e+00 0.000000e+00 0.000000e+00 0.000000e+00
3.136393e+02 0.000000e+00 0.000000e+00 0.000000e+00 0.000000e+00
3.136789e+02 0.000000e+00 0.000000e+00 0.000000e+00 0.000000e+00
3.137185e+02 0.000000e+00 0.000000e+00 0.000000e+00 0.000000e+00
3.137581e+02 0.000000e+00 0.000000e+00 0.000000e+00 0.000000e+00
3.137977e+02 0.000000e+00 0.000000e+00 0.000000e+00 0.000000e+00
3.138373e+02 0.000000e+00 0.000000e+00 0.000000e+00 0.000000e+00
3.138769e+02 0.000000e+00 0.000000e+00 0.000000e+00 0.000000e+00
3.139166e+02 0.000000e+00 0.000000e+00 0.000000e+00 0.000000e+00
3.139562e+02 0.000000e+00 0.000000e+00 0.000000e+00 0.000000e+00
3.139958e+02 0.000000e+00 0.000000e+00 0.000000e+00 0.000000e+00
3.140354e+02 0.000000e+00 0.000000e+00 0.000000e+00 0.000000e+00
3.140750e+02 0.000000e+00 0.000000e+00 0.000000e+00 0.000000e+00
3.141146e+02 0.000000e+00 0.000000e+00 0.000000e+00 0.000000e+00
3.141542e+02 0.000000e+00 0.000000e+00 0.000000e+00 0.000000e+00
3.141939e+02 0.000000e+00 0.000000e+00 0.000000e+00 0.000000e+00
3.142335e+02 0.000000e+00 0.000000e+00 0.000000e+00 0.000000e+00
3.142731e+02 0.000000e+00 0.000000e+00 0.000000e+00 0.000000e+00
3.143127e+02 0.000000e+00 0.000000e+00 0.000000e+00 0.000000e+00
3.143523e+02 0.000000e+00 0.000000e+00 0.000000e+00 0.000000e+00
3.143919e+02 0.000000e+00 0.000000e+00 0.000000e+00 0.000000e+00
3.144315e+02 0.000000e+00 0.000000e+00 0.000000e+00 0.000000e+00
3.144712e+02 0.000000e+00 0.000000e+00 0.000000e+00 0.000000e+00
3.145108e+02 0.000000e+00 0.000000e+00 0.000000e+00 0.000000e+00
3.145504e+02 0.000000e+00 0.000000e+00 0.000000e+00 0.000000e+00
3.145900e+02 0.000000e+00 0.000000e+00 0.000000e+00 0.000000e+00
3.146296e+02 0.000000e+00 0.000000e+00 0.000000e+00 0.000000e+00
3.146692e+02 0.000000e+00 0.000000e+00 0.000000e+00 0.000000e+00
3.147088e+02 0.000000e+00 0.000000e+00 0.000000e+00 0.000000e+00
3.147484e+02 0.000000e+00 0.000000e+00 0.000000e+00 0.000000e+00
3.147881e+02 0.000000e+00 0.000000e+00 0.000000e+00 0.000000e+00
3.148277e+02 0.000000e+00 0.000000e+00 0.000000e+00 0.000000e+00
3.148673e+02 0.000000e+00 0.000000e+00 0.000000e+00 0.000000e+00
3.149069e+02 0.000000e+00 0.000000e+00 0.000000e+00 0.000000e+00
3.149465e+02 0.000000e+00 0.000000e+00 0.000000e+00 0.000000e+00
3.149861e+02 0.000000e+00 0.000000e+00 0.000000e+00 0.000000e+00
3.150257e+02 0.000000e+00 0.000000e+00 0.000000e+00 0.000000e+00
3.150654e+02 0.000000e+00 0.000000e+00 0.000000e+00 0.000000e+00
3.151050e+02 0.000000e+00 0.000000e+00 0.000000e+00 0.000000e+00
3.151446e+02 0.000000e+00 0.000000e+00 0.000000e+00 0.000000e+00
3.151842e+02 0.000000e+00 0.000000e+00 0.000000e+00 0.000000e+00
3.152238e+02 0.000000e+00 0.000000e+00 0.000000e+00 0.000000e+00
3.152634e+02 0.000000e+00 0.000000e+00 0.000000e+00 0.000000e+00
3.153030e+02 0.000000e+00 0.000000e+00 0.000000e+00 0.000000e+00
3.153427e+02 0.000000e+00 0.000000e+00 0.000000e+00 0.000000e+00
3.153823e+02 0.000000e+00 0.000000e+00 0.000000e+00 0.000000e+00
3.154219e+02 0.000000e+00 0.000000e+00 0.000000e+00 0.000000e+00
3.154615e+02 0.000000e+00 0.000000e+00 0.000000e+00 0.000000e+00
3.155011e+02 0.000000e+00 0.000000e+00 0.000000e+00 0.000000e+00
3.155407e+02 0.000000e+00 0.000000e+00 0.000000e+00 0.000000e+00
3.155803e+02 0.000000e+00 0.000000e+00 0.000000e+00 0.000000e+00
3.156200e+02 0.000000e+00 0.000000e+00 0.000000e+00 0.000000e+00
3.156596e+02 0.000000e+00 0.000000e+00 0.000000e+00 0.000000e+00
3.156992e+02 0.000000e+00 0.000000e+00 0.000000e+00 0.000000e+00
3.157388e+02 0.000000e+00 0.000000e+00 0.000000e+00 0.000000e+00
3.157784e+02 0.000000e+00 0.000000e+00 0.000000e+00 0.000000e+00
3.158180e+02 0.000000e+00 0.000000e+00 0.000000e+00 0.000000e+00
3.158576e+02 0.000000e+00 0.000000e+00 0.000000e+00 0.000000e+00
3.158973e+02 0.000000e+00 0.000000e+00 0.000000e+00 0.000000e+00
3.159369e+02 0.000000e+00 0.000000e+00 0.000000e+00 0.000000e+00
3.159765e+02 0.000000e+00 0.000000e+00 0.000000e+00 0.000000e+00
3.160161e+02 0.000000e+00 0.000000e+00 0.000000e+00 0.000000e+00
3.160557e+02 0.000000e+00 0.000000e+00 0.000000e+00 0.000000e+00
3.160953e+02 0.000000e+00 0.000000e+00 0.000000e+00 0.000000e+00
3.161349e+02 0.000000e+00 0.000000e+00 0.000000e+00 0.000000e+00
3.161746e+02 0.000000e+00 0.000000e+00 0.000000e+00 0.000000e+00
3.162142e+02 0.000000e+00 0.000000e+00 0.000000e+00 0.000000e+00
3.162538e+02 0.000000e+00 0.000000e+00 0.000000e+00 0.000000e+00
3.162934e+02 0.000000e+00 0.000000e+00 0.000000e+00 0.000000e+00
3.163330e+02 0.000000e+00 0.000000e+00 0.000000e+00 0.000000e+00
3.163726e+02 0.000000e+00 0.000000e+00 0.000000e+00 0.000000e+00
3.164122e+02 0.000000e+00 0.000000e+00 0.000000e+00 0.000000e+00
3.164519e+02 0.000000e+00 0.000000e+00 0.000000e+00 0.000000e+00
3.164915e+02 0.000000e+00 0.000000e+00 0.000000e+00 0.000000e+00
3.165311e+02 0.000000e+00 0.000000e+00 0.000000e+00 0.000000e+00
3.165707e+02 0.000000e+00 0.000000e+00 0.000000e+00 0.000000e+00
3.166103e+02 0.000000e+00 0.000000e+00 0.000000e+00 0.000000e+00
3.166499e+02 0.000000e+00 0.000000e+00 0.000000e+00 0.000000e+00
3.166895e+02 0.000000e+00 0.000000e+00 0.000000e+00 0.000000e+00
3.167291e+02 0.000000e+00 0.000000e+00 0.000000e+00 0.000000e+00
3.167688e+02 0.000000e+00 0.000000e+00 0.000000e+00 0.000000e+00
3.168084e+02 0.000000e+00 0.000000e+00 0.000000e+00 0.000000e+00
3.168480e+02 0.000000e+00 0.000000e+00 0.000000e+00 0.000000e+00
3.168876e+02 0.000000e+00 0.000000e+00 0.000000e+00 0.000000e+00
3.169272e+02 0.000000e+00 0.000000e+00 0.000000e+00 0.000000e+00
3.169668e+02 0.000000e+00 0.000000e+00 0.000000e+00 0.000000e+00
3.170064e+02 0.000000e+00 0.000000e+00 0.000000e+00 0.000000e+00
3.170461e+02 0.000000e+00 0.000000e+00 0.000000e+00 0.000000e+00
3.170857e+02 0.000000e+00 0.000000e+00 0.000000e+00 0.000000e+00
3.171253e+02 0.000000e+00 0.000000e+00 0.000000e+00 0.000000e+00
3.171649e+02 0.000000e+00 0.000000e+00 0.000000e+00 0.000000e+00
3.172045e+02 0.000000e+00 0.000000e+00 0.000000e+00 0.000000e+00
3.172441e+02 0.000000e+00 0.000000e+00 0.000000e+00 0.000000e+00
3.172837e+02 0.000000e+00 0.000000e+00 0.000000e+00 0.000000e+00
3.173234e+02 0.000000e+00 0.000000e+00 0.000000e+00 0.000000e+00
3.173630e+02 0.000000e+00 0.000000e+00 0.000000e+00 0.000000e+00
3.174026e+02 0.000000e+00 0.000000e+00 0.000000e+00 0.000000e+00
3.174422e+02 0.000000e+00 0.000000e+00 0.000000e+00 0.000000e+00
3.174818e+02 0.000000e+00 0.000000e+00 0.000000e+00 0.000000e+00
3.175214e+02 0.000000e+00 0.000000e+00 0.000000e+00 0.000000e+00
3.175610e+02 0.000000e+00 0.000000e+00 0.000000e+00 0.000000e+00
3.176007e+02 0.000000e+00 0.000000e+00 0.000000e+00 0.000000e+00
3.176403e+02 0.000000e+00 0.000000e+00 0.000000e+00 0.000000e+00
3.176799e+02 0.000000e+00 0.000000e+00 0.000000e+00 0.000000e+00
3.177195e+02 0.000000e+00 0.000000e+00 0.000000e+00 0.000000e+00
3.177591e+02 0.000000e+00 0.000000e+00 0.000000e+00 0.000000e+00
3.177987e+02 0.000000e+00 0.000000e+00 0.000000e+00 0.000000e+00
3.178383e+02 0.000000e+00 0.000000e+00 0.000000e+00 0.000000e+00
3.178780e+02 0.000000e+00 0.000000e+00 0.000000e+00 0.000000e+00
3.179176e+02 0.000000e+00 0.000000e+00 0.000000e+00 0.000000e+00
3.179572e+02 0.000000e+00 0.000000e+00 0.000000e+00 0.000000e+00
3.179968e+02 0.000000e+00 0.000000e+00 0.000000e+00 0.000000e+00
3.180364e+02 0.000000e+00 0.000000e+00 0.000000e+00 0.000000e+00
3.180760e+02 0.000000e+00 0.000000e+00 0.000000e+00 0.000000e+00
3.181156e+02 0.000000e+00 0.000000e+00 0.000000e+00 0.000000e+00
3.181553e+02 0.000000e+00 0.000000e+00 0.000000e+00 0.000000e+00
3.181949e+02 0.000000e+00 0.000000e+00 0.000000e+00 0.000000e+00
3.182345e+02 0.000000e+00 0.000000e+00 0.000000e+00 0.000000e+00
3.182741e+02 0.000000e+00 0.000000e+00 0.000000e+00 0.000000e+00
3.183137e+02 0.000000e+00 0.000000e+00 0.000000e+00 0.000000e+00
3.183533e+02 0.000000e+00 0.000000e+00 0.000000e+00 0.000000e+00
3.183929e+02 0.000000e+00 0.000000e+00 0.000000e+00 0.000000e+00
3.184326e+02 0.000000e+00 0.000000e+00 0.000000e+00 0.000000e+00
3.184722e+02 0.000000e+00 0.000000e+00 0.000000e+00 0.000000e+00
3.185118e+02 0.000000e+00 0.000000e+00 0.000000e+00 0.000000e+00
3.185514e+02 0.000000e+00 0.000000e+00 0.000000e+00 0.000000e+00
3.185910e+02 0.000000e+00 0.000000e+00 0.000000e+00 0.000000e+00
3.186306e+02 0.000000e+00 0.000000e+00 0.000000e+00 0.000000e+00
3.186702e+02 0.000000e+00 0.000000e+00 0.000000e+00 0.000000e+00
3.187098e+02 0.000000e+00 0.000000e+00 0.000000e+00 0.000000e+00
3.187495e+02 0.000000e+00 0.000000e+00 0.000000e+00 0.000000e+00
3.187891e+02 0.000000e+00 0.000000e+00 0.000000e+00 0.000000e+00
3.188287e+02 0.000000e+00 0.000000e+00 0.000000e+00 0.000000e+00
3.188683e+02 0.000000e+00 0.000000e+00 0.000000e+00 0.000000e+00
3.189079e+02 0.000000e+00 0.000000e+00 0.000000e+00 0.000000e+00
3.189475e+02 0.000000e+00 0.000000e+00 0.000000e+00 0.000000e+00
3.189871e+02 0.000000e+00 0.000000e+00 0.000000e+00 0.000000e+00
3.190268e+02 0.000000e+00 0.000000e+00 0.000000e+00 0.000000e+00
3.190664e+02 0.000000e+00 0.000000e+00 0.000000e+00 0.000000e+00
3.191060e+02 0.000000e+00 0.000000e+00 0.000000e+00 0.000000e+00
3.191456e+02 0.000000e+00 0.000000e+00 0.000000e+00 0.000000e+00
3.191852e+02 0.000000e+00 0.000000e+00 0.000000e+00 0.000000e+00
3.192248e+02 0.000000e+00 0.000000e+00 0.000000e+00 0.000000e+00
3.192644e+02 0.000000e+00 0.000000e+00 0.000000e+00 0.000000e+00
3.193041e+02 0.000000e+00 0.000000e+00 0.000000e+00 0.000000e+00
3.193437e+02 0.000000e+00 0.000000e+00 0.000000e+00 0.000000e+00
3.193833e+02 0.000000e+00 0.000000e+00 0.000000e+00 0.000000e+00
3.194229e+02 0.000000e+00 0.000000e+00 0.000000e+00 0.000000e+00
3.194625e+02 0.000000e+00 0.000000e+00 0.000000e+00 0.000000e+00
3.195021e+02 0.000000e+00 0.000000e+00 0.000000e+00 0.000000e+00
3.195417e+02 0.000000e+00 0.000000e+00 0.000000e+00 0.000000e+00
3.195814e+02 0.000000e+00 0.000000e+00 0.000000e+00 0.000000e+00
3.196210e+02 0.000000e+00 0.000000e+00 0.000000e+00 0.000000e+00
3.196606e+02 0.000000e+00 0.000000e+00 0.000000e+00 0.000000e+00
3.197002e+02 0.000000e+00 0.000000e+00 0.000000e+00 0.000000e+00
3.197398e+02 0.000000e+00 0.000000e+00 0.000000e+00 0.000000e+00
3.197794e+02 0.000000e+00 0.000000e+00 0.000000e+00 0.000000e+00
3.198190e+02 0.000000e+00 0.000000e+00 0.000000e+00 0.000000e+00
