-5.004249999999999865e+00 0.000000000000000000e+00
-4.977199999999999847e+00 0.000000000000000000e+00
-4.950149999999999828e+00 0.000000000000000000e+00
-4.923099999999999810e+00 0.000000000000000000e+00
-4.896049999999999791e+00 0.000000000000000000e+00
-4.868999999999999773e+00 0.000000000000000000e+00
-4.841949999999999754e+00 0.000000000000000000e+00
-4.814899999999999736e+00 0.000000000000000000e+00
-4.787849999999999717e+00 0.000000000000000000e+00
-4.760799999999999699e+00 0.000000000000000000e+00
-4.733749999999999680e+00 0.000000000000000000e+00
-4.706699999999999662e+00 0.000000000000000000e+00
-4.679649999999999643e+00 0.000000000000000000e+00
-4.652599999999999625e+00 0.000000000000000000e+00
-4.625549999999999606e+00 0.000000000000000000e+00
-4.598499999999999588e+00 0.000000000000000000e+00
-4.571449999999999569e+00 0.000000000000000000e+00
-4.544400000000000439e+00 0.000000000000000000e+00
-4.517350000000000421e+00 0.000000000000000000e+00
-4.490300000000000402e+00 0.000000000000000000e+00
-4.463250000000000384e+00 0.000000000000000000e+00
-4.436200000000000365e+00 0.000000000000000000e+00
-4.409150000000000347e+00 0.000000000000000000e+00
-4.382100000000000328e+00 0.000000000000000000e+00
-4.355050000000000310e+00 0.000000000000000000e+00
-4.328000000000000291e+00 0.000000000000000000e+00
-4.300950000000000273e+00 0.000000000000000000e+00
-4.273900000000000254e+00 0.000000000000000000e+00
-4.246850000000000236e+00 0.000000000000000000e+00
-4.219800000000000217e+00 0.000000000000000000e+00
-4.192750000000000199e+00 0.000000000000000000e+00
-4.165700000000000180e+00 0.000000000000000000e+00
-4.138650000000000162e+00 0.000000000000000000e+00
-4.111600000000000144e+00 0.000000000000000000e+00
-4.084550000000000125e+00 0.000000000000000000e+00
-4.057500000000000107e+00 0.000000000000000000e+00
-4.030450000000000088e+00 0.000000000000000000e+00
-4.003400000000000070e+00 0.000000000000000000e+00
-3.976350000000000051e+00 0.000000000000000000e+00
-3.949300000000000033e+00 0.000000000000000000e+00
-3.922250000000000014e+00 0.000000000000000000e+00
-3.895199999999999996e+00 0.000000000000000000e+00
-3.868149999999999977e+00 0.000000000000000000e+00
-3.841099999999999959e+00 0.000000000000000000e+00
-3.814049999999999940e+00 0.000000000000000000e+00
-3.786999999999999922e+00 0.000000000000000000e+00
-3.759949999999999903e+00 0.000000000000000000e+00
-3.732899999999999885e+00 0.000000000000000000e+00
-3.705849999999999866e+00 0.000000000000000000e+00
-3.678799999999999848e+00 0.000000000000000000e+00
-3.651749999999999829e+00 0.000000000000000000e+00
-3.624699999999999811e+00 1.303926000000000032e-08
-3.597649999999999793e+00 1.710387000000000041e-08
-3.570600000000000218e+00 2.238994000000000137e-08
-3.543550000000000200e+00 2.925020000000000142e-08
-3.516500000000000181e+00 3.813485000000000216e-08
-3.489450000000000163e+00 4.961723000000000072e-08
-3.462400000000000144e+00 6.442587999999999880e-08
-3.435350000000000126e+00 8.348441999999999655e-08
-3.408300000000000107e+00 1.079611999999999940e-07
-3.381250000000000089e+00 1.393308999999999999e-07
-3.354200000000000070e+00 1.794504000000000039e-07
-3.327150000000000052e+00 2.306528000000000098e-07
-3.300100000000000033e+00 2.958627000000000040e-07
-3.273050000000000015e+00 3.787381999999999973e-07
-3.245999999999999996e+00 4.838439000000000356e-07
-3.218949999999999978e+00 6.168628999999999643e-07
-3.191899999999999959e+00 7.848548999999999773e-07
-3.164849999999999941e+00 9.965691000000000534e-07
-3.137799999999999923e+00 1.262824000000000032e-06
-3.110749999999999904e+00 1.596965000000000007e-06
-3.083699999999999886e+00 2.015417999999999869e-06
-3.056649999999999867e+00 2.538354999999999941e-06
-3.029599999999999849e+00 3.190487000000000053e-06
-3.002549999999999830e+00 4.002015000000000172e-06
-2.975499999999999812e+00 5.009770000000000317e-06
-2.948449999999999793e+00 6.258556000000000155e-06
-2.921400000000000219e+00 7.802751999999999591e-06
-2.894350000000000200e+00 9.708201000000000734e-06
-2.867300000000000182e+00 1.205444000000000041e-05
-2.840250000000000163e+00 1.493731999999999982e-05
-2.813200000000000145e+00 1.847205999999999946e-05
-2.786150000000000126e+00 2.279688000000000051e-05
-2.759100000000000108e+00 2.807713999999999864e-05
-2.732050000000000090e+00 3.451021000000000107e-05
-2.705000000000000071e+00 4.233110999999999932e-05
-2.677950000000000053e+00 5.181898999999999902e-05
-2.650900000000000034e+00 6.330464000000000653e-05
-2.623850000000000016e+00 7.717905000000000436e-05
-2.596799999999999997e+00 9.390325000000000256e-05
-2.569749999999999979e+00 1.140195000000000016e-04
-2.542699999999999960e+00 1.381640000000000006e-04
-2.515649999999999942e+00 1.670812999999999888e-04
-2.488599999999999923e+00 2.016406999999999954e-04
-2.461549999999999905e+00 2.428544000000000037e-04
-2.434499999999999886e+00 2.918978000000000024e-04
-2.407449999999999868e+00 3.501331000000000105e-04
-2.380399999999999849e+00 4.191337999999999748e-04
-2.353349999999999831e+00 5.007136999999999829e-04
-2.326299999999999812e+00 5.969576999999999783e-04
-2.299249999999999794e+00 7.102560999999999640e-04
-2.272200000000000220e+00 8.433419000000000375e-04
-2.245150000000000201e+00 9.993318000000000600e-04
-2.218100000000000183e+00 1.181769999999999956e-03
-2.191050000000000164e+00 1.394676999999999983e-03
-2.164000000000000146e+00 1.642599000000000012e-03
-2.136950000000000127e+00 1.930663999999999905e-03
-2.109900000000000109e+00 2.264639000000000148e-03
-2.082850000000000090e+00 2.650995000000000174e-03
-2.055800000000000072e+00 3.096961999999999979e-03
-2.028750000000000053e+00 3.610607000000000052e-03
-2.001700000000000035e+00 4.200894999999999629e-03
-1.974650000000000016e+00 4.877763999999999711e-03
-1.947599999999999998e+00 5.652194000000000142e-03
-1.920549999999999979e+00 6.536278000000000400e-03
-1.893499999999999961e+00 7.543300000000000179e-03
-1.866449999999999942e+00 8.687792999999999211e-03
-1.839399999999999924e+00 9.985615999999999243e-03
-1.812349999999999905e+00 1.145401000000000058e-02
-1.785300000000000109e+00 1.311166000000000068e-02
-1.758250000000000091e+00 1.497871999999999919e-02
-1.731200000000000072e+00 1.707691000000000070e-02
-1.704150000000000054e+00 1.942947999999999897e-02
-1.677100000000000035e+00 2.206127000000000088e-02
-1.650050000000000017e+00 2.499867000000000061e-02
-1.622999999999999998e+00 2.826965999999999854e-02
-1.595949999999999980e+00 3.190373999999999988e-02
-1.568899999999999961e+00 3.593187999999999938e-02
-1.541849999999999943e+00 4.038644000000000261e-02
-1.514799999999999924e+00 4.530108000000000051e-02
-1.487749999999999906e+00 5.071060000000000151e-02
-1.460700000000000109e+00 5.665082999999999924e-02
-1.433650000000000091e+00 6.315838999999999481e-02
-1.406600000000000072e+00 7.027052000000000298e-02
-1.379550000000000054e+00 7.802478000000000191e-02
-1.352500000000000036e+00 8.645880000000000232e-02
-1.325450000000000017e+00 9.560997000000000245e-02
-1.298399999999999999e+00 1.055151000000000006e-01
-1.271349999999999980e+00 1.162099000000000049e-01
-1.244299999999999962e+00 1.277288000000000034e-01
-1.217249999999999943e+00 1.401044999999999929e-01
-1.190199999999999925e+00 1.533672000000000091e-01
-1.163149999999999906e+00 1.675445000000000129e-01
-1.136100000000000110e+00 1.826607000000000092e-01
-1.109050000000000091e+00 1.987365000000000104e-01
-1.082000000000000073e+00 2.157879000000000047e-01
-1.054950000000000054e+00 2.338266999999999984e-01
-1.027900000000000036e+00 2.528588999999999976e-01
-1.000850000000000017e+00 2.728850999999999916e-01
-9.737999999999999989e-01 2.938992999999999745e-01
-9.467499999999999805e-01 3.158890999999999782e-01
-9.196999999999999620e-01 3.388347999999999915e-01
-8.926500000000000545e-01 3.627093000000000123e-01
-8.656000000000000361e-01 3.874775999999999776e-01
-8.385500000000000176e-01 4.130968999999999891e-01
-8.114999999999999991e-01 4.395158000000000120e-01
-7.844499999999999806e-01 4.666746999999999979e-01
-7.573999999999999622e-01 4.945058999999999982e-01
-7.303500000000000547e-01 5.229327999999999754e-01
-7.033000000000000362e-01 5.518710000000000004e-01
-6.762500000000000178e-01 5.812281000000000253e-01
-6.491999999999999993e-01 6.109039000000000552e-01
-6.221499999999999808e-01 6.407912000000000052e-01
-5.950999999999999623e-01 6.707758000000000331e-01
-5.680500000000000549e-01 7.007379000000000246e-01
-5.410000000000000364e-01 7.305519000000000318e-01
-5.139500000000000179e-01 7.600879999999999859e-01
-4.868999999999999995e-01 7.892124999999999835e-01
-4.598499999999999810e-01 8.177891000000000465e-01
-4.328000000000000180e-01 8.456797999999999815e-01
-4.057499999999999996e-01 8.727460999999999691e-01
-3.786999999999999811e-01 8.988498999999999794e-01
-3.516500000000000181e-01 9.238547999999999760e-01
-3.245999999999999996e-01 9.476272000000000029e-01
-2.975499999999999812e-01 9.700377999999999501e-01
-2.705000000000000182e-01 9.909622000000000153e-01
-2.434499999999999997e-01 1.010281999999999902e+00
-2.164000000000000090e-01 1.027887999999999913e+00
-1.893499999999999905e-01 1.043676999999999966e+00
-1.622999999999999998e-01 1.057557000000000080e+00
-1.352500000000000091e-01 1.069444999999999979e+00
-1.082000000000000045e-01 1.079272000000000009e+00
-8.114999999999999991e-02 1.086977000000000082e+00
-5.410000000000000225e-02 1.092513999999999985e+00
-2.705000000000000113e-02 1.095849999999999991e+00
0.000000000000000000e+00 1.096964000000000050e+00
2.705000000000000113e-02 1.095849999999999991e+00
5.410000000000000225e-02 1.092513999999999985e+00
8.114999999999999991e-02 1.086977000000000082e+00
1.082000000000000045e-01 1.079272000000000009e+00
1.352500000000000091e-01 1.069444999999999979e+00
1.622999999999999998e-01 1.057557000000000080e+00
1.893499999999999905e-01 1.043676999999999966e+00
2.164000000000000090e-01 1.027887999999999913e+00
2.434499999999999997e-01 1.010281999999999902e+00
2.705000000000000182e-01 9.909622000000000153e-01
2.975499999999999812e-01 9.700377999999999501e-01
3.245999999999999996e-01 9.476272000000000029e-01
3.516500000000000181e-01 9.238547999999999760e-01
3.786999999999999811e-01 8.988498999999999794e-01
4.057499999999999996e-01 8.727460999999999691e-01
4.328000000000000180e-01 8.456797999999999815e-01
4.598499999999999810e-01 8.177891000000000465e-01
4.868999999999999995e-01 7.892124999999999835e-01
5.139500000000000179e-01 7.600879999999999859e-01
5.410000000000000364e-01 7.305519000000000318e-01
5.680500000000000549e-01 7.007379000000000246e-01
5.950999999999999623e-01 6.707758000000000331e-01
6.221499999999999808e-01 6.407912000000000052e-01
6.491999999999999993e-01 6.109039000000000552e-01
6.762500000000000178e-01 5.812281000000000253e-01
7.033000000000000362e-01 5.518710000000000004e-01
7.303500000000000547e-01 5.229327999999999754e-01
7.573999999999999622e-01 4.945058999999999982e-01
7.844499999999999806e-01 4.666746999999999979e-01
8.114999999999999991e-01 4.395158000000000120e-01
8.385500000000000176e-01 4.130968999999999891e-01
8.656000000000000361e-01 3.874775999999999776e-01
8.926500000000000545e-01 3.627093000000000123e-01
9.196999999999999620e-01 3.388347999999999915e-01
9.467499999999999805e-01 3.158890999999999782e-01
9.737999999999999989e-01 2.938992999999999745e-01
1.000850000000000017e+00 2.728850999999999916e-01
1.027900000000000036e+00 2.528588999999999976e-01
1.054950000000000054e+00 2.338266999999999984e-01
1.082000000000000073e+00 2.157879000000000047e-01
1.109050000000000091e+00 1.987365000000000104e-01
1.136100000000000110e+00 1.826607000000000092e-01
1.163149999999999906e+00 1.675445000000000129e-01
1.190199999999999925e+00 1.533672000000000091e-01
1.217249999999999943e+00 1.401044999999999929e-01
1.244299999999999962e+00 1.277288000000000034e-01
1.271349999999999980e+00 1.162099000000000049e-01
1.298399999999999999e+00 1.055151000000000006e-01
1.325450000000000017e+00 9.560997000000000245e-02
1.352500000000000036e+00 8.645880000000000232e-02
1.379550000000000054e+00 7.802478000000000191e-02
1.406600000000000072e+00 7.027052000000000298e-02
1.433650000000000091e+00 6.315838999999999481e-02
1.460700000000000109e+00 5.665082999999999924e-02
1.487749999999999906e+00 5.071060000000000151e-02
1.514799999999999924e+00 4.530108000000000051e-02
1.541849999999999943e+00 4.038644000000000261e-02
1.568899999999999961e+00 3.593187999999999938e-02
1.595949999999999980e+00 3.190373999999999988e-02
1.622999999999999998e+00 2.826965999999999854e-02
1.650050000000000017e+00 2.499867000000000061e-02
1.677100000000000035e+00 2.206127000000000088e-02
1.704150000000000054e+00 1.942947999999999897e-02
1.731200000000000072e+00 1.707691000000000070e-02
1.758250000000000091e+00 1.497871999999999919e-02
1.785300000000000109e+00 1.311166000000000068e-02
1.812349999999999905e+00 1.145401000000000058e-02
1.839399999999999924e+00 9.985615999999999243e-03
1.866449999999999942e+00 8.687792999999999211e-03
1.893499999999999961e+00 7.543300000000000179e-03
1.920549999999999979e+00 6.536278000000000400e-03
1.947599999999999998e+00 5.652194000000000142e-03
1.974650000000000016e+00 4.877763999999999711e-03
2.001700000000000035e+00 4.200894999999999629e-03
2.028750000000000053e+00 3.610607000000000052e-03
2.055800000000000072e+00 3.096961999999999979e-03
2.082850000000000090e+00 2.650995000000000174e-03
2.109900000000000109e+00 2.264639000000000148e-03
2.136950000000000127e+00 1.930663999999999905e-03
2.164000000000000146e+00 1.642599000000000012e-03
2.191050000000000164e+00 1.394676999999999983e-03
2.218100000000000183e+00 1.181769999999999956e-03
2.245150000000000201e+00 9.993318000000000600e-04
2.272200000000000220e+00 8.433419000000000375e-04
2.299249999999999794e+00 7.102560999999999640e-04
2.326299999999999812e+00 5.969576999999999783e-04
2.353349999999999831e+00 5.007136999999999829e-04
2.380399999999999849e+00 4.191337999999999748e-04
2.407449999999999868e+00 3.501331000000000105e-04
2.434499999999999886e+00 2.918978000000000024e-04
2.461549999999999905e+00 2.428544000000000037e-04
2.488599999999999923e+00 2.016406999999999954e-04
2.515649999999999942e+00 1.670812999999999888e-04
2.542699999999999960e+00 1.381640000000000006e-04
2.569749999999999979e+00 1.140195000000000016e-04
2.596799999999999997e+00 9.390325000000000256e-05
2.623850000000000016e+00 7.717905000000000436e-05
2.650900000000000034e+00 6.330464000000000653e-05
2.677950000000000053e+00 5.181898999999999902e-05
2.705000000000000071e+00 4.233110999999999932e-05
2.732050000000000090e+00 3.451021000000000107e-05
2.759100000000000108e+00 2.807713999999999864e-05
2.786150000000000126e+00 2.279688000000000051e-05
2.813200000000000145e+00 1.847205999999999946e-05
2.840250000000000163e+00 1.493731999999999982e-05
2.867300000000000182e+00 1.205444000000000041e-05
2.894350000000000200e+00 9.708201000000000734e-06
2.921400000000000219e+00 7.802751999999999591e-06
2.948449999999999793e+00 6.258556000000000155e-06
2.975499999999999812e+00 5.009770000000000317e-06
3.002549999999999830e+00 4.002015000000000172e-06
3.029599999999999849e+00 3.190487000000000053e-06
3.056649999999999867e+00 2.538354999999999941e-06
3.083699999999999886e+00 2.015417999999999869e-06
3.110749999999999904e+00 1.596965000000000007e-06
3.137799999999999923e+00 1.262824000000000032e-06
3.164849999999999941e+00 9.965691000000000534e-07
3.191899999999999959e+00 7.848548999999999773e-07
3.218949999999999978e+00 6.168628999999999643e-07
3.245999999999999996e+00 4.838439000000000356e-07
3.273050000000000015e+00 3.787381999999999973e-07
3.300100000000000033e+00 2.958627000000000040e-07
3.327150000000000052e+00 2.306528000000000098e-07
3.354200000000000070e+00 1.794504000000000039e-07
3.381250000000000089e+00 1.393308999999999999e-07
3.408300000000000107e+00 1.079611999999999940e-07
3.435350000000000126e+00 8.348441999999999655e-08
3.462400000000000144e+00 6.442587999999999880e-08
3.489450000000000163e+00 4.961723000000000072e-08
3.516500000000000181e+00 3.813485000000000216e-08
3.543550000000000200e+00 2.925020000000000142e-08
3.570600000000000218e+00 2.238994000000000137e-08
3.597649999999999793e+00 1.710387000000000041e-08
3.624699999999999811e+00 1.303926000000000032e-08
3.651749999999999829e+00 0.000000000000000000e+00
3.678799999999999848e+00 0.000000000000000000e+00
3.705849999999999866e+00 0.000000000000000000e+00
3.732899999999999885e+00 0.000000000000000000e+00
3.759949999999999903e+00 0.000000000000000000e+00
3.786999999999999922e+00 0.000000000000000000e+00
3.814049999999999940e+00 0.000000000000000000e+00
3.841099999999999959e+00 0.000000000000000000e+00
3.868149999999999977e+00 0.000000000000000000e+00
3.895199999999999996e+00 0.000000000000000000e+00
3.922250000000000014e+00 0.000000000000000000e+00
3.949300000000000033e+00 0.000000000000000000e+00
3.976350000000000051e+00 0.000000000000000000e+00
4.003400000000000070e+00 0.000000000000000000e+00
4.030450000000000088e+00 0.000000000000000000e+00
4.057500000000000107e+00 0.000000000000000000e+00
4.084550000000000125e+00 0.000000000000000000e+00
4.111600000000000144e+00 0.000000000000000000e+00
4.138650000000000162e+00 0.000000000000000000e+00
4.165700000000000180e+00 0.000000000000000000e+00
4.192750000000000199e+00 0.000000000000000000e+00
4.219800000000000217e+00 0.000000000000000000e+00
4.246850000000000236e+00 0.000000000000000000e+00
4.273900000000000254e+00 0.000000000000000000e+00
4.300950000000000273e+00 0.000000000000000000e+00
4.328000000000000291e+00 0.000000000000000000e+00
4.355050000000000310e+00 0.000000000000000000e+00
4.382100000000000328e+00 0.000000000000000000e+00
4.409150000000000347e+00 0.000000000000000000e+00
4.436200000000000365e+00 0.000000000000000000e+00
4.463250000000000384e+00 0.000000000000000000e+00
4.490300000000000402e+00 0.000000000000000000e+00
4.517350000000000421e+00 0.000000000000000000e+00
4.544400000000000439e+00 0.000000000000000000e+00
4.571449999999999569e+00 0.000000000000000000e+00
4.598499999999999588e+00 0.000000000000000000e+00
4.625549999999999606e+00 0.000000000000000000e+00
4.652599999999999625e+00 0.000000000000000000e+00
4.679649999999999643e+00 0.000000000000000000e+00
4.706699999999999662e+00 0.000000000000000000e+00
4.733749999999999680e+00 0.000000000000000000e+00
4.760799999999999699e+00 0.000000000000000000e+00
4.787849999999999717e+00 0.000000000000000000e+00
4.814899999999999736e+00 0.000000000000000000e+00
4.841949999999999754e+00 0.000000000000000000e+00
4.868999999999999773e+00 0.000000000000000000e+00
4.896049999999999791e+00 0.000000000000000000e+00
4.923099999999999810e+00 0.000000000000000000e+00
4.950149999999999828e+00 0.000000000000000000e+00
4.977199999999999847e+00 0.000000000000000000e+00
5.004249999999999865e+00 0.000000000000000000e+00
5.031299999999999883e+00 0.000000000000000000e+00
5.058349999999999902e+00 0.000000000000000000e+00
5.085399999999999920e+00 0.000000000000000000e+00
5.112449999999999939e+00 0.000000000000000000e+00
5.139499999999999957e+00 0.000000000000000000e+00
5.166549999999999976e+00 0.000000000000000000e+00
5.193599999999999994e+00 0.000000000000000000e+00
5.220650000000000013e+00 0.000000000000000000e+00
5.247700000000000031e+00 0.000000000000000000e+00
5.274750000000000050e+00 0.000000000000000000e+00
5.301800000000000068e+00 0.000000000000000000e+00
5.328850000000000087e+00 0.000000000000000000e+00
5.355900000000000105e+00 0.000000000000000000e+00
5.382950000000000124e+00 0.000000000000000000e+00
5.410000000000000142e+00 0.000000000000000000e+00
5.437050000000000161e+00 0.000000000000000000e+00
5.464100000000000179e+00 0.000000000000000000e+00
5.491150000000000198e+00 0.000000000000000000e+00
5.518200000000000216e+00 0.000000000000000000e+00
5.545250000000000234e+00 0.000000000000000000e+00
5.572300000000000253e+00 0.000000000000000000e+00
5.599350000000000271e+00 0.000000000000000000e+00
5.626400000000000290e+00 0.000000000000000000e+00
5.653450000000000308e+00 0.000000000000000000e+00
5.680500000000000327e+00 0.000000000000000000e+00
5.707550000000000345e+00 0.000000000000000000e+00
5.734600000000000364e+00 0.000000000000000000e+00
5.761650000000000382e+00 0.000000000000000000e+00
5.788700000000000401e+00 0.000000000000000000e+00
5.815750000000000419e+00 0.000000000000000000e+00
5.842800000000000438e+00 0.000000000000000000e+00
5.869849999999999568e+00 0.000000000000000000e+00
5.896899999999999586e+00 0.000000000000000000e+00
5.923949999999999605e+00 0.000000000000000000e+00
5.950999999999999623e+00 0.000000000000000000e+00
5.978049999999999642e+00 0.000000000000000000e+00
6.005099999999999660e+00 0.000000000000000000e+00
6.032149999999999679e+00 0.000000000000000000e+00
6.059199999999999697e+00 0.000000000000000000e+00
6.086249999999999716e+00 0.000000000000000000e+00
6.113299999999999734e+00 0.000000000000000000e+00
6.140349999999999753e+00 0.000000000000000000e+00
6.167399999999999771e+00 0.000000000000000000e+00
6.194449999999999790e+00 0.000000000000000000e+00
6.221499999999999808e+00 0.000000000000000000e+00
6.248549999999999827e+00 0.000000000000000000e+00
6.275599999999999845e+00 0.000000000000000000e+00
6.302649999999999864e+00 0.000000000000000000e+00
6.329699999999999882e+00 0.000000000000000000e+00
6.356749999999999901e+00 0.000000000000000000e+00
6.383799999999999919e+00 0.000000000000000000e+00
6.410849999999999937e+00 0.000000000000000000e+00
6.437899999999999956e+00 0.000000000000000000e+00
6.464949999999999974e+00 0.000000000000000000e+00
6.491999999999999993e+00 0.000000000000000000e+00
6.519050000000000011e+00 0.000000000000000000e+00
6.546100000000000030e+00 0.000000000000000000e+00
6.573150000000000048e+00 0.000000000000000000e+00
6.600200000000000067e+00 0.000000000000000000e+00
6.627250000000000085e+00 0.000000000000000000e+00
6.654300000000000104e+00 0.000000000000000000e+00
6.681350000000000122e+00 0.000000000000000000e+00
6.708400000000000141e+00 0.000000000000000000e+00
6.735450000000000159e+00 0.000000000000000000e+00
6.762500000000000178e+00 0.000000000000000000e+00
6.789550000000000196e+00 0.000000000000000000e+00
6.816600000000000215e+00 0.000000000000000000e+00
6.843650000000000233e+00 0.000000000000000000e+00
6.870700000000000252e+00 0.000000000000000000e+00
6.897750000000000270e+00 0.000000000000000000e+00
6.924800000000000288e+00 0.000000000000000000e+00
6.951850000000000307e+00 0.000000000000000000e+00
6.978900000000000325e+00 0.000000000000000000e+00
7.005950000000000344e+00 0.000000000000000000e+00
7.033000000000000362e+00 0.000000000000000000e+00
7.060050000000000381e+00 0.000000000000000000e+00
7.087100000000000399e+00 0.000000000000000000e+00
7.114150000000000418e+00 0.000000000000000000e+00
7.141200000000000436e+00 0.000000000000000000e+00
7.168249999999999567e+00 0.000000000000000000e+00
7.195299999999999585e+00 0.000000000000000000e+00
7.222349999999999604e+00 0.000000000000000000e+00
7.249399999999999622e+00 0.000000000000000000e+00
7.276449999999999640e+00 0.000000000000000000e+00
7.303499999999999659e+00 0.000000000000000000e+00
7.330549999999999677e+00 0.000000000000000000e+00
7.357599999999999696e+00 0.000000000000000000e+00
7.384649999999999714e+00 0.000000000000000000e+00
7.411699999999999733e+00 0.000000000000000000e+00
7.438749999999999751e+00 0.000000000000000000e+00
7.465799999999999770e+00 0.000000000000000000e+00
7.492849999999999788e+00 0.000000000000000000e+00
7.519899999999999807e+00 0.000000000000000000e+00
7.546949999999999825e+00 0.000000000000000000e+00
7.573999999999999844e+00 0.000000000000000000e+00
7.601049999999999862e+00 0.000000000000000000e+00
7.628099999999999881e+00 0.000000000000000000e+00
7.655149999999999899e+00 0.000000000000000000e+00
7.682199999999999918e+00 0.000000000000000000e+00
7.709249999999999936e+00 0.000000000000000000e+00
7.736299999999999955e+00 0.000000000000000000e+00
7.763349999999999973e+00 0.000000000000000000e+00
7.790399999999999991e+00 0.000000000000000000e+00
7.817450000000000010e+00 0.000000000000000000e+00
7.844500000000000028e+00 0.000000000000000000e+00
7.871550000000000047e+00 0.000000000000000000e+00
7.898600000000000065e+00 0.000000000000000000e+00
7.925650000000000084e+00 0.000000000000000000e+00
7.952700000000000102e+00 0.000000000000000000e+00
7.979750000000000121e+00 0.000000000000000000e+00
8.006800000000000139e+00 0.000000000000000000e+00
8.033849999999999270e+00 0.000000000000000000e+00
8.060900000000000176e+00 0.000000000000000000e+00
8.087949999999999307e+00 0.000000000000000000e+00
8.115000000000000213e+00 0.000000000000000000e+00
8.142049999999999343e+00 0.000000000000000000e+00
8.169100000000000250e+00 0.000000000000000000e+00
8.196149999999999380e+00 0.000000000000000000e+00
8.223200000000000287e+00 0.000000000000000000e+00
8.250249999999999417e+00 0.000000000000000000e+00
8.277300000000000324e+00 0.000000000000000000e+00
8.304349999999999454e+00 0.000000000000000000e+00
8.331400000000000361e+00 0.000000000000000000e+00
8.358449999999999491e+00 0.000000000000000000e+00
8.385500000000000398e+00 0.000000000000000000e+00
8.412549999999999528e+00 0.000000000000000000e+00
8.439600000000000435e+00 0.000000000000000000e+00
8.466649999999999565e+00 0.000000000000000000e+00
8.493700000000000472e+00 0.000000000000000000e+00
8.520749999999999602e+00 0.000000000000000000e+00
8.547800000000000509e+00 0.000000000000000000e+00
8.574849999999999639e+00 0.000000000000000000e+00
8.601900000000000546e+00 0.000000000000000000e+00
8.628949999999999676e+00 0.000000000000000000e+00
8.656000000000000583e+00 0.000000000000000000e+00
8.683049999999999713e+00 0.000000000000000000e+00
8.710100000000000620e+00 0.000000000000000000e+00
8.737149999999999750e+00 0.000000000000000000e+00
8.764200000000000657e+00 0.000000000000000000e+00
8.791249999999999787e+00 0.000000000000000000e+00
8.818300000000000693e+00 0.000000000000000000e+00
8.845349999999999824e+00 0.000000000000000000e+00
8.872400000000000730e+00 0.000000000000000000e+00
8.899449999999999861e+00 0.000000000000000000e+00
8.926500000000000767e+00 0.000000000000000000e+00
8.953549999999999898e+00 0.000000000000000000e+00
8.980600000000000804e+00 0.000000000000000000e+00
9.007649999999999935e+00 0.000000000000000000e+00
9.034700000000000841e+00 0.000000000000000000e+00
9.061749999999999972e+00 0.000000000000000000e+00
9.088800000000000878e+00 0.000000000000000000e+00
9.115850000000000009e+00 0.000000000000000000e+00
9.142899999999999139e+00 0.000000000000000000e+00
9.169950000000000045e+00 0.000000000000000000e+00
9.196999999999999176e+00 0.000000000000000000e+00
9.224050000000000082e+00 0.000000000000000000e+00
9.251099999999999213e+00 0.000000000000000000e+00
9.278150000000000119e+00 0.000000000000000000e+00
9.305199999999999250e+00 0.000000000000000000e+00
9.332250000000000156e+00 0.000000000000000000e+00
9.359299999999999287e+00 0.000000000000000000e+00
9.386350000000000193e+00 0.000000000000000000e+00
9.413399999999999324e+00 0.000000000000000000e+00
9.440450000000000230e+00 0.000000000000000000e+00
9.467499999999999361e+00 0.000000000000000000e+00
9.494550000000000267e+00 0.000000000000000000e+00
9.521599999999999397e+00 0.000000000000000000e+00
9.548650000000000304e+00 0.000000000000000000e+00
9.575699999999999434e+00 0.000000000000000000e+00
9.602750000000000341e+00 0.000000000000000000e+00
9.629799999999999471e+00 0.000000000000000000e+00
9.656850000000000378e+00 0.000000000000000000e+00
9.683899999999999508e+00 0.000000000000000000e+00
9.710950000000000415e+00 0.000000000000000000e+00
9.737999999999999545e+00 0.000000000000000000e+00
9.765050000000000452e+00 0.000000000000000000e+00
9.792099999999999582e+00 0.000000000000000000e+00
9.819150000000000489e+00 0.000000000000000000e+00
9.846199999999999619e+00 0.000000000000000000e+00
9.873250000000000526e+00 0.000000000000000000e+00
9.900299999999999656e+00 0.000000000000000000e+00
9.927350000000000563e+00 0.000000000000000000e+00
9.954399999999999693e+00 0.000000000000000000e+00
9.981450000000000600e+00 0.000000000000000000e+00
1.000849999999999973e+01 0.000000000000000000e+00
1.003555000000000064e+01 0.000000000000000000e+00
1.006259999999999977e+01 0.000000000000000000e+00
1.008965000000000067e+01 0.000000000000000000e+00
1.011669999999999980e+01 0.000000000000000000e+00
1.014375000000000071e+01 0.000000000000000000e+00
1.017079999999999984e+01 0.000000000000000000e+00
1.019785000000000075e+01 0.000000000000000000e+00
1.022489999999999988e+01 0.000000000000000000e+00
1.025195000000000078e+01 0.000000000000000000e+00
1.027899999999999991e+01 0.000000000000000000e+00
1.030605000000000082e+01 0.000000000000000000e+00
1.033309999999999995e+01 0.000000000000000000e+00
1.036015000000000086e+01 0.000000000000000000e+00
1.038719999999999999e+01 0.000000000000000000e+00
1.041424999999999912e+01 0.000000000000000000e+00
1.044130000000000003e+01 0.000000000000000000e+00
1.046834999999999916e+01 0.000000000000000000e+00
1.049540000000000006e+01 0.000000000000000000e+00
1.052244999999999919e+01 0.000000000000000000e+00
1.054950000000000010e+01 0.000000000000000000e+00
1.057654999999999923e+01 0.000000000000000000e+00
1.060360000000000014e+01 0.000000000000000000e+00
1.063064999999999927e+01 0.000000000000000000e+00
1.065770000000000017e+01 0.000000000000000000e+00
1.068474999999999930e+01 0.000000000000000000e+00
1.071180000000000021e+01 0.000000000000000000e+00
1.073884999999999934e+01 0.000000000000000000e+00
1.076590000000000025e+01 0.000000000000000000e+00
1.079294999999999938e+01 0.000000000000000000e+00
1.082000000000000028e+01 0.000000000000000000e+00
1.084704999999999941e+01 0.000000000000000000e+00
1.087410000000000032e+01 0.000000000000000000e+00
1.090114999999999945e+01 0.000000000000000000e+00
1.092820000000000036e+01 0.000000000000000000e+00
1.095524999999999949e+01 0.000000000000000000e+00
1.098230000000000040e+01 0.000000000000000000e+00
1.100934999999999953e+01 0.000000000000000000e+00
1.103640000000000043e+01 0.000000000000000000e+00
1.106344999999999956e+01 0.000000000000000000e+00
1.109050000000000047e+01 0.000000000000000000e+00
1.111754999999999960e+01 0.000000000000000000e+00
1.114460000000000051e+01 0.000000000000000000e+00
1.117164999999999964e+01 0.000000000000000000e+00
1.119870000000000054e+01 0.000000000000000000e+00
1.122574999999999967e+01 0.000000000000000000e+00
1.125280000000000058e+01 0.000000000000000000e+00
1.127984999999999971e+01 0.000000000000000000e+00
1.130690000000000062e+01 0.000000000000000000e+00
1.133394999999999975e+01 0.000000000000000000e+00
1.136100000000000065e+01 0.000000000000000000e+00
1.138804999999999978e+01 0.000000000000000000e+00
1.141510000000000069e+01 0.000000000000000000e+00
1.144214999999999982e+01 0.000000000000000000e+00
1.146920000000000073e+01 0.000000000000000000e+00
1.149624999999999986e+01 0.000000000000000000e+00
1.152330000000000076e+01 0.000000000000000000e+00
1.155034999999999989e+01 0.000000000000000000e+00
1.157740000000000080e+01 0.000000000000000000e+00
1.160444999999999993e+01 0.000000000000000000e+00
1.163150000000000084e+01 0.000000000000000000e+00
1.165854999999999997e+01 0.000000000000000000e+00
1.168560000000000088e+01 0.000000000000000000e+00
1.171265000000000001e+01 0.000000000000000000e+00
1.173969999999999914e+01 0.000000000000000000e+00
1.176675000000000004e+01 0.000000000000000000e+00
1.179379999999999917e+01 0.000000000000000000e+00
1.182085000000000008e+01 0.000000000000000000e+00
1.184789999999999921e+01 0.000000000000000000e+00
1.187495000000000012e+01 0.000000000000000000e+00
1.190199999999999925e+01 0.000000000000000000e+00
1.192905000000000015e+01 0.000000000000000000e+00
1.195609999999999928e+01 0.000000000000000000e+00
1.198315000000000019e+01 0.000000000000000000e+00
1.201019999999999932e+01 0.000000000000000000e+00
1.203725000000000023e+01 0.000000000000000000e+00
1.206429999999999936e+01 0.000000000000000000e+00
1.209135000000000026e+01 0.000000000000000000e+00
1.211839999999999939e+01 0.000000000000000000e+00
1.214545000000000030e+01 0.000000000000000000e+00
1.217249999999999943e+01 0.000000000000000000e+00
1.219955000000000034e+01 0.000000000000000000e+00
1.222659999999999947e+01 0.000000000000000000e+00
1.225365000000000038e+01 0.000000000000000000e+00
1.228069999999999951e+01 0.000000000000000000e+00
1.230775000000000041e+01 0.000000000000000000e+00
1.233479999999999954e+01 0.000000000000000000e+00
1.236185000000000045e+01 0.000000000000000000e+00
1.238889999999999958e+01 0.000000000000000000e+00
1.241595000000000049e+01 0.000000000000000000e+00
1.244299999999999962e+01 0.000000000000000000e+00
1.247005000000000052e+01 0.000000000000000000e+00
1.249709999999999965e+01 0.000000000000000000e+00
1.252415000000000056e+01 0.000000000000000000e+00
1.255119999999999969e+01 0.000000000000000000e+00
1.257825000000000060e+01 0.000000000000000000e+00
1.260529999999999973e+01 0.000000000000000000e+00
1.263235000000000063e+01 0.000000000000000000e+00
1.265939999999999976e+01 0.000000000000000000e+00
1.268645000000000067e+01 0.000000000000000000e+00
1.271349999999999980e+01 0.000000000000000000e+00
1.274055000000000071e+01 0.000000000000000000e+00
1.276759999999999984e+01 0.000000000000000000e+00
1.279465000000000074e+01 0.000000000000000000e+00
1.282169999999999987e+01 0.000000000000000000e+00
1.284875000000000078e+01 0.000000000000000000e+00
1.287579999999999991e+01 0.000000000000000000e+00
1.290285000000000082e+01 0.000000000000000000e+00
1.292989999999999995e+01 0.000000000000000000e+00
1.295695000000000086e+01 0.000000000000000000e+00
1.298399999999999999e+01 0.000000000000000000e+00
1.301104999999999912e+01 0.000000000000000000e+00
1.303810000000000002e+01 0.000000000000000000e+00
1.306514999999999915e+01 0.000000000000000000e+00
1.309220000000000006e+01 0.000000000000000000e+00
1.311924999999999919e+01 0.000000000000000000e+00
1.314630000000000010e+01 0.000000000000000000e+00
1.317334999999999923e+01 0.000000000000000000e+00
1.320040000000000013e+01 0.000000000000000000e+00
1.322744999999999926e+01 0.000000000000000000e+00
1.325450000000000017e+01 0.000000000000000000e+00
1.328154999999999930e+01 0.000000000000000000e+00
1.330860000000000021e+01 0.000000000000000000e+00
1.333564999999999934e+01 0.000000000000000000e+00
1.336270000000000024e+01 0.000000000000000000e+00
1.338974999999999937e+01 0.000000000000000000e+00
1.341680000000000028e+01 0.000000000000000000e+00
1.344384999999999941e+01 0.000000000000000000e+00
1.347090000000000032e+01 0.000000000000000000e+00
1.349794999999999945e+01 0.000000000000000000e+00
1.352500000000000036e+01 0.000000000000000000e+00
1.355204999999999949e+01 0.000000000000000000e+00
1.357910000000000039e+01 0.000000000000000000e+00
1.360614999999999952e+01 0.000000000000000000e+00
1.363320000000000043e+01 0.000000000000000000e+00
1.366024999999999956e+01 0.000000000000000000e+00
1.368730000000000047e+01 0.000000000000000000e+00
1.371434999999999960e+01 0.000000000000000000e+00
1.374140000000000050e+01 0.000000000000000000e+00
1.376844999999999963e+01 0.000000000000000000e+00
1.379550000000000054e+01 0.000000000000000000e+00
1.382254999999999967e+01 0.000000000000000000e+00
1.384960000000000058e+01 0.000000000000000000e+00
1.387664999999999971e+01 0.000000000000000000e+00
1.390370000000000061e+01 0.000000000000000000e+00
1.393074999999999974e+01 0.000000000000000000e+00
1.395780000000000065e+01 0.000000000000000000e+00
1.398484999999999978e+01 0.000000000000000000e+00
1.401190000000000069e+01 0.000000000000000000e+00
1.403894999999999982e+01 0.000000000000000000e+00
1.406600000000000072e+01 0.000000000000000000e+00
1.409304999999999986e+01 0.000000000000000000e+00
1.412010000000000076e+01 0.000000000000000000e+00
1.414714999999999989e+01 0.000000000000000000e+00
1.417420000000000080e+01 0.000000000000000000e+00
1.420124999999999993e+01 0.000000000000000000e+00
1.422830000000000084e+01 0.000000000000000000e+00
1.425534999999999997e+01 0.000000000000000000e+00
1.428240000000000087e+01 0.000000000000000000e+00
1.430945000000000000e+01 0.000000000000000000e+00
1.433649999999999913e+01 0.000000000000000000e+00
1.436355000000000004e+01 0.000000000000000000e+00
1.439059999999999917e+01 0.000000000000000000e+00
1.441765000000000008e+01 0.000000000000000000e+00
1.444469999999999921e+01 0.000000000000000000e+00
1.447175000000000011e+01 0.000000000000000000e+00
1.449879999999999924e+01 0.000000000000000000e+00
1.452585000000000015e+01 0.000000000000000000e+00
1.455289999999999928e+01 0.000000000000000000e+00
1.457995000000000019e+01 0.000000000000000000e+00
1.460699999999999932e+01 0.000000000000000000e+00
1.463405000000000022e+01 0.000000000000000000e+00
1.466109999999999935e+01 0.000000000000000000e+00
1.468815000000000026e+01 0.000000000000000000e+00
1.471519999999999939e+01 0.000000000000000000e+00
1.474225000000000030e+01 0.000000000000000000e+00
1.476929999999999943e+01 0.000000000000000000e+00
1.479635000000000034e+01 0.000000000000000000e+00
1.482339999999999947e+01 0.000000000000000000e+00
1.485045000000000037e+01 0.000000000000000000e+00
1.487749999999999950e+01 0.000000000000000000e+00
1.490455000000000041e+01 0.000000000000000000e+00
1.493159999999999954e+01 0.000000000000000000e+00
1.495865000000000045e+01 0.000000000000000000e+00
1.498569999999999958e+01 0.000000000000000000e+00
1.501275000000000048e+01 0.000000000000000000e+00
1.503979999999999961e+01 0.000000000000000000e+00
1.506685000000000052e+01 0.000000000000000000e+00
1.509389999999999965e+01 0.000000000000000000e+00
1.512095000000000056e+01 0.000000000000000000e+00
1.514799999999999969e+01 0.000000000000000000e+00
1.517505000000000059e+01 0.000000000000000000e+00
1.520209999999999972e+01 0.000000000000000000e+00
1.522915000000000063e+01 0.000000000000000000e+00
1.525619999999999976e+01 0.000000000000000000e+00
1.528325000000000067e+01 0.000000000000000000e+00
1.531029999999999980e+01 0.000000000000000000e+00
1.533735000000000070e+01 0.000000000000000000e+00
1.536439999999999984e+01 0.000000000000000000e+00
1.539145000000000074e+01 0.000000000000000000e+00
1.541849999999999987e+01 0.000000000000000000e+00
1.544555000000000078e+01 0.000000000000000000e+00
1.547259999999999991e+01 0.000000000000000000e+00
1.549965000000000082e+01 0.000000000000000000e+00
1.552669999999999995e+01 0.000000000000000000e+00
1.555375000000000085e+01 0.000000000000000000e+00
1.558079999999999998e+01 0.000000000000000000e+00
1.560784999999999911e+01 0.000000000000000000e+00
1.563490000000000002e+01 0.000000000000000000e+00
1.566194999999999915e+01 0.000000000000000000e+00
1.568900000000000006e+01 0.000000000000000000e+00
1.571604999999999919e+01 0.000000000000000000e+00
1.574310000000000009e+01 0.000000000000000000e+00
1.577014999999999922e+01 0.000000000000000000e+00
1.579720000000000013e+01 0.000000000000000000e+00
1.582424999999999926e+01 0.000000000000000000e+00
1.585130000000000017e+01 0.000000000000000000e+00
1.587834999999999930e+01 0.000000000000000000e+00
1.590540000000000020e+01 0.000000000000000000e+00
1.593244999999999933e+01 0.000000000000000000e+00
1.595950000000000024e+01 0.000000000000000000e+00
1.598654999999999937e+01 0.000000000000000000e+00
1.601360000000000028e+01 0.000000000000000000e+00
1.604064999999999941e+01 0.000000000000000000e+00
1.606769999999999854e+01 0.000000000000000000e+00
1.609475000000000122e+01 0.000000000000000000e+00
1.612180000000000035e+01 0.000000000000000000e+00
1.614884999999999948e+01 0.000000000000000000e+00
1.617589999999999861e+01 0.000000000000000000e+00
1.620295000000000130e+01 0.000000000000000000e+00
1.623000000000000043e+01 0.000000000000000000e+00
1.625704999999999956e+01 0.000000000000000000e+00
1.628409999999999869e+01 0.000000000000000000e+00
1.631115000000000137e+01 0.000000000000000000e+00
1.633820000000000050e+01 0.000000000000000000e+00
1.636524999999999963e+01 0.000000000000000000e+00
1.639229999999999876e+01 0.000000000000000000e+00
1.641935000000000144e+01 0.000000000000000000e+00
1.644640000000000057e+01 0.000000000000000000e+00
1.647344999999999970e+01 0.000000000000000000e+00
1.650049999999999883e+01 0.000000000000000000e+00
1.652755000000000152e+01 0.000000000000000000e+00
1.655460000000000065e+01 0.000000000000000000e+00
1.658164999999999978e+01 0.000000000000000000e+00
1.660869999999999891e+01 0.000000000000000000e+00
1.663575000000000159e+01 0.000000000000000000e+00
1.666280000000000072e+01 0.000000000000000000e+00
1.668984999999999985e+01 0.000000000000000000e+00
1.671689999999999898e+01 0.000000000000000000e+00
1.674395000000000167e+01 0.000000000000000000e+00
1.677100000000000080e+01 0.000000000000000000e+00
1.679804999999999993e+01 0.000000000000000000e+00
1.682509999999999906e+01 0.000000000000000000e+00
1.685215000000000174e+01 0.000000000000000000e+00
1.687920000000000087e+01 0.000000000000000000e+00
1.690625000000000000e+01 0.000000000000000000e+00
1.693329999999999913e+01 0.000000000000000000e+00
1.696034999999999826e+01 0.000000000000000000e+00
1.698740000000000094e+01 0.000000000000000000e+00
1.701445000000000007e+01 0.000000000000000000e+00
1.704149999999999920e+01 0.000000000000000000e+00
1.706854999999999833e+01 0.000000000000000000e+00
1.709560000000000102e+01 0.000000000000000000e+00
1.712265000000000015e+01 0.000000000000000000e+00
1.714969999999999928e+01 0.000000000000000000e+00
1.717674999999999841e+01 0.000000000000000000e+00
1.720380000000000109e+01 0.000000000000000000e+00
1.723085000000000022e+01 0.000000000000000000e+00
1.725789999999999935e+01 0.000000000000000000e+00
1.728494999999999848e+01 0.000000000000000000e+00
1.731200000000000117e+01 0.000000000000000000e+00
1.733905000000000030e+01 0.000000000000000000e+00
1.736609999999999943e+01 0.000000000000000000e+00
1.739314999999999856e+01 0.000000000000000000e+00
1.742020000000000124e+01 0.000000000000000000e+00
1.744725000000000037e+01 0.000000000000000000e+00
1.747429999999999950e+01 0.000000000000000000e+00
1.750134999999999863e+01 0.000000000000000000e+00
1.752840000000000131e+01 0.000000000000000000e+00
1.755545000000000044e+01 0.000000000000000000e+00
1.758249999999999957e+01 0.000000000000000000e+00
1.760954999999999870e+01 0.000000000000000000e+00
1.763660000000000139e+01 0.000000000000000000e+00
1.766365000000000052e+01 0.000000000000000000e+00
1.769069999999999965e+01 0.000000000000000000e+00
1.771774999999999878e+01 0.000000000000000000e+00
1.774480000000000146e+01 0.000000000000000000e+00
1.777185000000000059e+01 0.000000000000000000e+00
1.779889999999999972e+01 0.000000000000000000e+00
1.782594999999999885e+01 0.000000000000000000e+00
1.785300000000000153e+01 0.000000000000000000e+00
1.788005000000000067e+01 0.000000000000000000e+00
1.790709999999999980e+01 0.000000000000000000e+00
1.793414999999999893e+01 0.000000000000000000e+00
1.796120000000000161e+01 0.000000000000000000e+00
1.798825000000000074e+01 0.000000000000000000e+00
1.801529999999999987e+01 0.000000000000000000e+00
1.804234999999999900e+01 0.000000000000000000e+00
1.806940000000000168e+01 0.000000000000000000e+00
1.809645000000000081e+01 0.000000000000000000e+00
1.812349999999999994e+01 0.000000000000000000e+00
1.815054999999999907e+01 0.000000000000000000e+00
1.817760000000000176e+01 0.000000000000000000e+00
1.820465000000000089e+01 0.000000000000000000e+00
1.823170000000000002e+01 0.000000000000000000e+00
1.825874999999999915e+01 0.000000000000000000e+00
1.828579999999999828e+01 0.000000000000000000e+00
1.831285000000000096e+01 0.000000000000000000e+00
1.833990000000000009e+01 0.000000000000000000e+00
1.836694999999999922e+01 0.000000000000000000e+00
1.839399999999999835e+01 0.000000000000000000e+00
1.842105000000000103e+01 0.000000000000000000e+00
1.844810000000000016e+01 0.000000000000000000e+00
1.847514999999999930e+01 0.000000000000000000e+00
1.850219999999999843e+01 0.000000000000000000e+00
1.852925000000000111e+01 0.000000000000000000e+00
1.855630000000000024e+01 0.000000000000000000e+00
1.858334999999999937e+01 0.000000000000000000e+00
1.861039999999999850e+01 0.000000000000000000e+00
1.863745000000000118e+01 0.000000000000000000e+00
1.866450000000000031e+01 0.000000000000000000e+00
1.869154999999999944e+01 0.000000000000000000e+00
1.871859999999999857e+01 0.000000000000000000e+00
1.874565000000000126e+01 0.000000000000000000e+00
1.877270000000000039e+01 0.000000000000000000e+00
1.879974999999999952e+01 0.000000000000000000e+00
1.882679999999999865e+01 0.000000000000000000e+00
1.885385000000000133e+01 0.000000000000000000e+00
1.888090000000000046e+01 0.000000000000000000e+00
1.890794999999999959e+01 0.000000000000000000e+00
1.893499999999999872e+01 0.000000000000000000e+00
1.896205000000000140e+01 0.000000000000000000e+00
1.898910000000000053e+01 0.000000000000000000e+00
1.901614999999999966e+01 0.000000000000000000e+00
1.904319999999999879e+01 0.000000000000000000e+00
1.907025000000000148e+01 0.000000000000000000e+00
1.909730000000000061e+01 0.000000000000000000e+00
1.912434999999999974e+01 0.000000000000000000e+00
1.915139999999999887e+01 0.000000000000000000e+00
1.917845000000000155e+01 0.000000000000000000e+00
1.920550000000000068e+01 0.000000000000000000e+00
1.923254999999999981e+01 0.000000000000000000e+00
1.925959999999999894e+01 0.000000000000000000e+00
1.928665000000000163e+01 0.000000000000000000e+00
1.931370000000000076e+01 0.000000000000000000e+00
1.934074999999999989e+01 0.000000000000000000e+00
1.936779999999999902e+01 0.000000000000000000e+00
1.939485000000000170e+01 0.000000000000000000e+00
1.942190000000000083e+01 0.000000000000000000e+00
1.944894999999999996e+01 0.000000000000000000e+00
1.947599999999999909e+01 0.000000000000000000e+00
1.950305000000000177e+01 0.000000000000000000e+00
1.953010000000000090e+01 0.000000000000000000e+00
1.955715000000000003e+01 0.000000000000000000e+00
1.958419999999999916e+01 0.000000000000000000e+00
1.961124999999999829e+01 0.000000000000000000e+00
1.963830000000000098e+01 0.000000000000000000e+00
1.966535000000000011e+01 0.000000000000000000e+00
1.969239999999999924e+01 0.000000000000000000e+00
1.971944999999999837e+01 0.000000000000000000e+00
1.974650000000000105e+01 0.000000000000000000e+00
1.977355000000000018e+01 0.000000000000000000e+00
1.980059999999999931e+01 0.000000000000000000e+00
1.982764999999999844e+01 0.000000000000000000e+00
1.985470000000000113e+01 0.000000000000000000e+00
1.988175000000000026e+01 0.000000000000000000e+00
1.990879999999999939e+01 0.000000000000000000e+00
1.993584999999999852e+01 0.000000000000000000e+00
1.996290000000000120e+01 0.000000000000000000e+00
1.998995000000000033e+01 0.000000000000000000e+00
2.001699999999999946e+01 0.000000000000000000e+00
2.004404999999999859e+01 0.000000000000000000e+00
2.007110000000000127e+01 0.000000000000000000e+00
2.009815000000000040e+01 0.000000000000000000e+00
2.012519999999999953e+01 0.000000000000000000e+00
2.015224999999999866e+01 0.000000000000000000e+00
2.017930000000000135e+01 0.000000000000000000e+00
2.020635000000000048e+01 0.000000000000000000e+00
2.023339999999999961e+01 0.000000000000000000e+00
2.026044999999999874e+01 0.000000000000000000e+00
2.028750000000000142e+01 0.000000000000000000e+00
2.031455000000000055e+01 0.000000000000000000e+00
2.034159999999999968e+01 0.000000000000000000e+00
2.036864999999999881e+01 0.000000000000000000e+00
2.039570000000000149e+01 0.000000000000000000e+00
2.042275000000000063e+01 0.000000000000000000e+00
2.044979999999999976e+01 0.000000000000000000e+00
2.047684999999999889e+01 0.000000000000000000e+00
2.050390000000000157e+01 0.000000000000000000e+00
2.053095000000000070e+01 0.000000000000000000e+00
2.055799999999999983e+01 0.000000000000000000e+00
2.058504999999999896e+01 0.000000000000000000e+00
2.061210000000000164e+01 0.000000000000000000e+00
2.063915000000000077e+01 0.000000000000000000e+00
2.066619999999999990e+01 0.000000000000000000e+00
2.069324999999999903e+01 0.000000000000000000e+00
2.072030000000000172e+01 0.000000000000000000e+00
2.074735000000000085e+01 0.000000000000000000e+00
2.077439999999999998e+01 0.000000000000000000e+00
2.080144999999999911e+01 0.000000000000000000e+00
2.082849999999999824e+01 0.000000000000000000e+00
2.085555000000000092e+01 0.000000000000000000e+00
2.088260000000000005e+01 0.000000000000000000e+00
2.090964999999999918e+01 0.000000000000000000e+00
2.093669999999999831e+01 0.000000000000000000e+00
2.096375000000000099e+01 0.000000000000000000e+00
2.099080000000000013e+01 0.000000000000000000e+00
2.101784999999999926e+01 0.000000000000000000e+00
2.104489999999999839e+01 0.000000000000000000e+00
2.107195000000000107e+01 0.000000000000000000e+00
2.109900000000000020e+01 0.000000000000000000e+00
2.112604999999999933e+01 0.000000000000000000e+00
2.115309999999999846e+01 0.000000000000000000e+00
2.118015000000000114e+01 0.000000000000000000e+00
2.120720000000000027e+01 0.000000000000000000e+00
2.123424999999999940e+01 0.000000000000000000e+00
2.126129999999999853e+01 0.000000000000000000e+00
2.128835000000000122e+01 0.000000000000000000e+00
2.131540000000000035e+01 0.000000000000000000e+00
2.134244999999999948e+01 0.000000000000000000e+00
2.136949999999999861e+01 0.000000000000000000e+00
2.139655000000000129e+01 0.000000000000000000e+00
2.142360000000000042e+01 0.000000000000000000e+00
2.145064999999999955e+01 0.000000000000000000e+00
2.147769999999999868e+01 0.000000000000000000e+00
2.150475000000000136e+01 0.000000000000000000e+00
2.153180000000000049e+01 0.000000000000000000e+00
2.155884999999999962e+01 0.000000000000000000e+00
2.158589999999999876e+01 0.000000000000000000e+00
2.161295000000000144e+01 0.000000000000000000e+00
2.164000000000000057e+01 0.000000000000000000e+00
2.166704999999999970e+01 0.000000000000000000e+00
2.169409999999999883e+01 0.000000000000000000e+00
2.172115000000000151e+01 0.000000000000000000e+00
2.174820000000000064e+01 0.000000000000000000e+00
2.177524999999999977e+01 0.000000000000000000e+00
2.180229999999999890e+01 0.000000000000000000e+00
2.182935000000000159e+01 0.000000000000000000e+00
2.185640000000000072e+01 0.000000000000000000e+00
2.188344999999999985e+01 0.000000000000000000e+00
2.191049999999999898e+01 0.000000000000000000e+00
2.193755000000000166e+01 0.000000000000000000e+00
2.196460000000000079e+01 0.000000000000000000e+00
2.199164999999999992e+01 0.000000000000000000e+00
2.201869999999999905e+01 0.000000000000000000e+00
2.204575000000000173e+01 0.000000000000000000e+00
2.207280000000000086e+01 0.000000000000000000e+00
