-5.016408e+00 0.000000e+00
-4.990944e+00 0.000000e+00
-4.965480e+00 0.000000e+00
-4.940016e+00 0.000000e+00
-4.914552e+00 0.000000e+00
-4.889088e+00 0.000000e+00
-4.863624e+00 0.000000e+00
-4.838160e+00 0.000000e+00
-4.812696e+00 0.000000e+00
-4.787232e+00 0.000000e+00
-4.761768e+00 0.000000e+00
-4.736304e+00 0.000000e+00
-4.710840e+00 0.000000e+00
-4.685376e+00 0.000000e+00
-4.659912e+00 0.000000e+00
-4.634448e+00 0.000000e+00
-4.608984e+00 0.000000e+00
-4.583520e+00 0.000000e+00
-4.558056e+00 0.000000e+00
-4.532592e+00 0.000000e+00
-4.507128e+00 0.000000e+00
-4.481664e+00 0.000000e+00
-4.456200e+00 0.000000e+00
-4.430736e+00 0.000000e+00
-4.405272e+00 0.000000e+00
-4.379808e+00 0.000000e+00
-4.354344e+00 0.000000e+00
-4.328880e+00 0.000000e+00
-4.303416e+00 0.000000e+00
-4.277952e+00 0.000000e+00
-4.252488e+00 0.000000e+00
-4.227024e+00 0.000000e+00
-4.201560e+00 0.000000e+00
-4.176096e+00 0.000000e+00
-4.150632e+00 0.000000e+00
-4.125168e+00 0.000000e+00
-4.099704e+00 0.000000e+00
-4.074240e+00 0.000000e+00
-4.048776e+00 0.000000e+00
-4.023312e+00 0.000000e+00
-3.997848e+00 0.000000e+00
-3.972384e+00 0.000000e+00
-3.946920e+00 0.000000e+00
-3.921456e+00 0.000000e+00
-3.895992e+00 0.000000e+00
-3.870528e+00 0.000000e+00
-3.845064e+00 0.000000e+00
-3.819600e+00 0.000000e+00
-3.794136e+00 0.000000e+00
-3.768672e+00 0.000000e+00
-3.743208e+00 0.000000e+00
-3.717744e+00 0.000000e+00
-3.692280e+00 0.000000e+00
-3.666816e+00 0.000000e+00
-3.641352e+00 0.000000e+00
-3.615888e+00 0.000000e+00
-3.590424e+00 0.000000e+00
-3.564960e+00 0.000000e+00
-3.539496e+00 0.000000e+00
-3.514032e+00 0.000000e+00
-3.488568e+00 0.000000e+00
-3.463104e+00 0.000000e+00
-3.437640e+00 0.000000e+00
-3.412176e+00 0.000000e+00
-3.386712e+00 0.000000e+00
-3.361248e+00 0.000000e+00
-3.335784e+00 0.000000e+00
-3.310320e+00 0.000000e+00
-3.284856e+00 0.000000e+00
-3.259392e+00 0.000000e+00
-3.233928e+00 0.000000e+00
-3.208464e+00 0.000000e+00
-3.183000e+00 0.000000e+00
-3.157536e+00 0.000000e+00
-3.132072e+00 0.000000e+00
-3.106608e+00 0.000000e+00
-3.081144e+00 0.000000e+00
-3.055680e+00 0.000000e+00
-3.030216e+00 0.000000e+00
-3.004752e+00 0.000000e+00
-2.979288e+00 0.000000e+00
-2.953824e+00 0.000000e+00
-2.928360e+00 0.000000e+00
-2.902896e+00 0.000000e+00
-2.877432e+00 0.000000e+00
-2.851968e+00 0.000000e+00
-2.826504e+00 0.000000e+00
-2.801040e+00 0.000000e+00
-2.775576e+00 0.000000e+00
-2.750112e+00 0.000000e+00
-2.724648e+00 0.000000e+00
-2.699184e+00 0.000000e+00
-2.673720e+00 0.000000e+00
-2.648256e+00 0.000000e+00
-2.622792e+00 0.000000e+00
-2.597328e+00 0.000000e+00
-2.571864e+00 0.000000e+00
-2.546400e+00 0.000000e+00
-2.520936e+00 0.000000e+00
-2.495472e+00 0.000000e+00
-2.470008e+00 0.000000e+00
-2.444544e+00 0.000000e+00
-2.419080e+00 1.435180e-08
-2.393616e+00 2.104885e-08
-2.368152e+00 3.074611e-08
-2.342688e+00 4.472929e-08
-2.317224e+00 6.480878e-08
-2.291760e+00 9.352240e-08
-2.266296e+00 1.344118e-07
-2.240832e+00 1.923974e-07
-2.215368e+00 2.742843e-07
-2.189904e+00 3.894419e-07
-2.164440e+00 5.507117e-07
-2.138976e+00 7.756147e-07
-2.113512e+00 1.087947e-06
-2.088048e+00 1.519880e-06
-2.062584e+00 2.114711e-06
-2.037120e+00 2.930438e-06
-2.011656e+00 4.044400e-06
-1.986192e+00 5.559243e-06
-1.960728e+00 7.610571e-06
-1.935264e+00 1.037669e-05
-1.909800e+00 1.409095e-05
-1.884336e+00 1.905732e-05
-1.858872e+00 2.566984e-05
-1.833408e+00 3.443695e-05
-1.807944e+00 4.601147e-05
-1.782480e+00 6.122763e-05
-1.757016e+00 8.114633e-05
-1.731552e+00 1.071100e-04
-1.706088e+00 1.408094e-04
-1.680624e+00 1.843626e-04
-1.655160e+00 2.404109e-04
-1.629696e+00 3.122306e-04
-1.604232e+00 4.038655e-04
-1.578768e+00 5.202810e-04
-1.553304e+00 6.675429e-04
-1.527840e+00 8.530224e-04
-1.502376e+00 1.085629e-03
-1.476912e+00 1.376077e-03
-1.451448e+00 1.737176e-03
-1.425984e+00 2.184163e-03
-1.400520e+00 2.735055e-03
-1.375056e+00 3.411043e-03
-1.349592e+00 4.236901e-03
-1.324128e+00 5.241424e-03
-1.298664e+00 6.457886e-03
-1.273200e+00 7.924491e-03
-1.247736e+00 9.684838e-03
-1.222272e+00 1.178836e-02
-1.196808e+00 1.429072e-02
-1.171344e+00 1.725421e-02
-1.145880e+00 2.074799e-02
-1.120416e+00 2.484832e-02
-1.094952e+00 2.963861e-02
-1.069488e+00 3.520941e-02
-1.044024e+00 4.165811e-02
-1.018560e+00 4.908856e-02
-9.930960e-01 5.761043e-02
-9.676320e-01 6.733826e-02
-9.421680e-01 7.839035e-02
-9.167040e-01 9.088733e-02
-8.912400e-01 1.049504e-01
-8.657760e-01 1.206993e-01
-8.403120e-01 1.382501e-01
-8.148480e-01 1.577125e-01
-7.893840e-01 1.791871e-01
-7.639200e-01 2.027623e-01
-7.384560e-01 2.285114e-01
-7.129920e-01 2.564888e-01
-6.875280e-01 2.867273e-01
-6.620640e-01 3.192343e-01
-6.366000e-01 3.539892e-01
-6.111360e-01 3.909404e-01
-5.856720e-01 4.300025e-01
-5.602080e-01 4.710548e-01
-5.347440e-01 5.139393e-01
-5.092800e-01 5.584602e-01
-4.838160e-01 6.043836e-01
-4.583520e-01 6.514379e-01
-4.328880e-01 6.993158e-01
-4.074240e-01 7.476764e-01
-3.819600e-01 7.961484e-01
-3.564960e-01 8.443340e-01
-3.310320e-01 8.918146e-01
-3.055680e-01 9.381555e-01
-2.801040e-01 9.829129e-01
-2.546400e-01 1.025641e+00
-2.291760e-01 1.065897e+00
-2.037120e-01 1.103254e+00
-1.782480e-01 1.137302e+00
-1.527840e-01 1.167659e+00
-1.273200e-01 1.193977e+00
-1.018560e-01 1.215951e+00
-7.639200e-02 1.233321e+00
-5.092800e-02 1.245880e+00
-2.546400e-02 1.253477e+00
0.000000e+00 1.256019e+00
2.546400e-02 1.253477e+00
5.092800e-02 1.245880e+00
7.639200e-02 1.233321e+00
1.018560e-01 1.215951e+00
1.273200e-01 1.193977e+00
1.527840e-01 1.167659e+00
1.782480e-01 1.137302e+00
2.037120e-01 1.103254e+00
2.291760e-01 1.065897e+00
2.546400e-01 1.025641e+00
2.801040e-01 9.829129e-01
3.055680e-01 9.381555e-01
3.310320e-01 8.918146e-01
3.564960e-01 8.443340e-01
3.819600e-01 7.961484e-01
4.074240e-01 7.476764e-01
4.328880e-01 6.993158e-01
4.583520e-01 6.514379e-01
4.838160e-01 6.043836e-01
5.092800e-01 5.584602e-01
5.347440e-01 5.139393e-01
5.602080e-01 4.710548e-01
5.856720e-01 4.300025e-01
6.111360e-01 3.909404e-01
6.366000e-01 3.539892e-01
6.620640e-01 3.192343e-01
6.875280e-01 2.867273e-01
7.129920e-01 2.564888e-01
7.384560e-01 2.285114e-01
7.639200e-01 2.027623e-01
7.893840e-01 1.791871e-01
8.148480e-01 1.577125e-01
8.403120e-01 1.382501e-01
8.657760e-01 1.206993e-01
8.912400e-01 1.049504e-01
9.167040e-01 9.088733e-02
9.421680e-01 7.839035e-02
9.676320e-01 6.733826e-02
9.930960e-01 5.761043e-02
1.018560e+00 4.908856e-02
1.044024e+00 4.165811e-02
1.069488e+00 3.520941e-02
1.094952e+00 2.963861e-02
1.120416e+00 2.484832e-02
1.145880e+00 2.074799e-02
1.171344e+00 1.725421e-02
1.196808e+00 1.429072e-02
1.222272e+00 1.178836e-02
1.247736e+00 9.684838e-03
1.273200e+00 7.924491e-03
1.298664e+00 6.457886e-03
1.324128e+00 5.241424e-03
1.349592e+00 4.236901e-03
1.375056e+00 3.411043e-03
1.400520e+00 2.735055e-03
1.425984e+00 2.184163e-03
1.451448e+00 1.737176e-03
1.476912e+00 1.376077e-03
1.502376e+00 1.085629e-03
1.527840e+00 8.530224e-04
1.553304e+00 6.675429e-04
1.578768e+00 5.202810e-04
1.604232e+00 4.038655e-04
1.629696e+00 3.122306e-04
1.655160e+00 2.404109e-04
1.680624e+00 1.843626e-04
1.706088e+00 1.408094e-04
1.731552e+00 1.071100e-04
1.757016e+00 8.114633e-05
1.782480e+00 6.122763e-05
1.807944e+00 4.601147e-05
1.833408e+00 3.443695e-05
1.858872e+00 2.566984e-05
1.884336e+00 1.905732e-05
1.909800e+00 1.409095e-05
1.935264e+00 1.037669e-05
1.960728e+00 7.610571e-06
1.986192e+00 5.559243e-06
2.011656e+00 4.044400e-06
2.037120e+00 2.930438e-06
2.062584e+00 2.114711e-06
2.088048e+00 1.519880e-06
2.113512e+00 1.087947e-06
2.138976e+00 7.756147e-07
2.164440e+00 5.507117e-07
2.189904e+00 3.894419e-07
2.215368e+00 2.742843e-07
2.240832e+00 1.923974e-07
2.266296e+00 1.344118e-07
2.291760e+00 9.352240e-08
2.317224e+00 6.480878e-08
2.342688e+00 4.472929e-08
2.368152e+00 3.074611e-08
2.393616e+00 2.104885e-08
2.419080e+00 1.435180e-08
2.444544e+00 0.000000e+00
2.470008e+00 0.000000e+00
2.495472e+00 0.000000e+00
2.520936e+00 0.000000e+00
2.546400e+00 0.000000e+00
2.571864e+00 0.000000e+00
2.597328e+00 0.000000e+00
2.622792e+00 0.000000e+00
2.648256e+00 0.000000e+00
2.673720e+00 0.000000e+00
2.699184e+00 0.000000e+00
2.724648e+00 0.000000e+00
2.750112e+00 0.000000e+00
2.775576e+00 0.000000e+00
2.801040e+00 0.000000e+00
2.826504e+00 0.000000e+00
2.851968e+00 0.000000e+00
2.877432e+00 0.000000e+00
2.902896e+00 0.000000e+00
2.928360e+00 0.000000e+00
2.953824e+00 0.000000e+00
2.979288e+00 0.000000e+00
3.004752e+00 0.000000e+00
3.030216e+00 0.000000e+00
3.055680e+00 0.000000e+00
3.081144e+00 0.000000e+00
3.106608e+00 0.000000e+00
3.132072e+00 0.000000e+00
3.157536e+00 0.000000e+00
3.183000e+00 0.000000e+00
3.208464e+00 0.000000e+00
3.233928e+00 0.000000e+00
3.259392e+00 0.000000e+00
3.284856e+00 0.000000e+00
3.310320e+00 0.000000e+00
3.335784e+00 0.000000e+00
3.361248e+00 0.000000e+00
3.386712e+00 0.000000e+00
3.412176e+00 0.000000e+00
3.437640e+00 0.000000e+00
3.463104e+00 0.000000e+00
3.488568e+00 0.000000e+00
3.514032e+00 0.000000e+00
3.539496e+00 0.000000e+00
3.564960e+00 0.000000e+00
3.590424e+00 0.000000e+00
3.615888e+00 0.000000e+00
3.641352e+00 0.000000e+00
3.666816e+00 0.000000e+00
3.692280e+00 0.000000e+00
3.717744e+00 0.000000e+00
3.743208e+00 0.000000e+00
3.768672e+00 0.000000e+00
3.794136e+00 0.000000e+00
3.819600e+00 0.000000e+00
3.845064e+00 0.000000e+00
3.870528e+00 0.000000e+00
3.895992e+00 0.000000e+00
3.921456e+00 0.000000e+00
3.946920e+00 0.000000e+00
3.972384e+00 0.000000e+00
3.997848e+00 0.000000e+00
4.023312e+00 0.000000e+00
4.048776e+00 0.000000e+00
4.074240e+00 0.000000e+00
4.099704e+00 0.000000e+00
4.125168e+00 0.000000e+00
4.150632e+00 0.000000e+00
4.176096e+00 0.000000e+00
4.201560e+00 0.000000e+00
4.227024e+00 0.000000e+00
4.252488e+00 0.000000e+00
4.277952e+00 0.000000e+00
4.303416e+00 0.000000e+00
4.328880e+00 0.000000e+00
4.354344e+00 0.000000e+00
4.379808e+00 0.000000e+00
4.405272e+00 0.000000e+00
4.430736e+00 0.000000e+00
4.456200e+00 0.000000e+00
4.481664e+00 0.000000e+00
4.507128e+00 0.000000e+00
4.532592e+00 0.000000e+00
4.558056e+00 0.000000e+00
4.583520e+00 0.000000e+00
4.608984e+00 0.000000e+00
4.634448e+00 0.000000e+00
4.659912e+00 0.000000e+00
4.685376e+00 0.000000e+00
4.710840e+00 0.000000e+00
4.736304e+00 0.000000e+00
4.761768e+00 0.000000e+00
4.787232e+00 0.000000e+00
4.812696e+00 0.000000e+00
4.838160e+00 0.000000e+00
4.863624e+00 0.000000e+00
4.889088e+00 0.000000e+00
4.914552e+00 0.000000e+00
4.940016e+00 0.000000e+00
4.965480e+00 0.000000e+00
4.990944e+00 0.000000e+00
5.016408e+00 0.000000e+00
5.041872e+00 0.000000e+00
5.067336e+00 0.000000e+00
5.092800e+00 0.000000e+00
5.118264e+00 0.000000e+00
5.143728e+00 0.000000e+00
5.169192e+00 0.000000e+00
5.194656e+00 0.000000e+00
5.220120e+00 0.000000e+00
5.245584e+00 0.000000e+00
5.271048e+00 0.000000e+00
5.296512e+00 0.000000e+00
5.321976e+00 0.000000e+00
5.347440e+00 0.000000e+00
5.372904e+00 0.000000e+00
5.398368e+00 0.000000e+00
5.423832e+00 0.000000e+00
5.449296e+00 0.000000e+00
5.474760e+00 0.000000e+00
5.500224e+00 0.000000e+00
5.525688e+00 0.000000e+00
5.551152e+00 0.000000e+00
5.576616e+00 0.000000e+00
5.602080e+00 0.000000e+00
5.627544e+00 0.000000e+00
5.653008e+00 0.000000e+00
5.678472e+00 0.000000e+00
5.703936e+00 0.000000e+00
5.729400e+00 0.000000e+00
5.754864e+00 0.000000e+00
5.780328e+00 0.000000e+00
5.805792e+00 0.000000e+00
5.831256e+00 0.000000e+00
5.856720e+00 0.000000e+00
5.882184e+00 0.000000e+00
5.907648e+00 0.000000e+00
5.933112e+00 0.000000e+00
5.958576e+00 0.000000e+00
5.984040e+00 0.000000e+00
6.009504e+00 0.000000e+00
6.034968e+00 0.000000e+00
6.060432e+00 0.000000e+00
6.085896e+00 0.000000e+00
6.111360e+00 0.000000e+00
6.136824e+00 0.000000e+00
6.162288e+00 0.000000e+00
6.187752e+00 0.000000e+00
6.213216e+00 0.000000e+00
6.238680e+00 0.000000e+00
6.264144e+00 0.000000e+00
6.289608e+00 0.000000e+00
6.315072e+00 0.000000e+00
6.340536e+00 0.000000e+00
6.366000e+00 0.000000e+00
6.391464e+00 0.000000e+00
6.416928e+00 0.000000e+00
6.442392e+00 0.000000e+00
6.467856e+00 0.000000e+00
6.493320e+00 0.000000e+00
6.518784e+00 0.000000e+00
6.544248e+00 0.000000e+00
6.569712e+00 0.000000e+00
6.595176e+00 0.000000e+00
6.620640e+00 0.000000e+00
6.646104e+00 0.000000e+00
6.671568e+00 0.000000e+00
6.697032e+00 0.000000e+00
6.722496e+00 0.000000e+00
6.747960e+00 0.000000e+00
6.773424e+00 0.000000e+00
6.798888e+00 0.000000e+00
6.824352e+00 0.000000e+00
6.849816e+00 0.000000e+00
6.875280e+00 0.000000e+00
6.900744e+00 0.000000e+00
6.926208e+00 0.000000e+00
6.951672e+00 0.000000e+00
6.977136e+00 0.000000e+00
7.002600e+00 0.000000e+00
7.028064e+00 0.000000e+00
7.053528e+00 0.000000e+00
7.078992e+00 0.000000e+00
7.104456e+00 0.000000e+00
7.129920e+00 0.000000e+00
7.155384e+00 0.000000e+00
7.180848e+00 0.000000e+00
7.206312e+00 0.000000e+00
7.231776e+00 0.000000e+00
7.257240e+00 0.000000e+00
7.282704e+00 0.000000e+00
7.308168e+00 0.000000e+00
7.333632e+00 0.000000e+00
7.359096e+00 0.000000e+00
7.384560e+00 0.000000e+00
7.410024e+00 0.000000e+00
7.435488e+00 0.000000e+00
7.460952e+00 0.000000e+00
7.486416e+00 0.000000e+00
7.511880e+00 0.000000e+00
7.537344e+00 0.000000e+00
7.562808e+00 0.000000e+00
7.588272e+00 0.000000e+00
7.613736e+00 0.000000e+00
7.639200e+00 0.000000e+00
7.664664e+00 0.000000e+00
7.690128e+00 0.000000e+00
7.715592e+00 0.000000e+00
7.741056e+00 0.000000e+00
7.766520e+00 0.000000e+00
7.791984e+00 0.000000e+00
7.817448e+00 0.000000e+00
7.842912e+00 0.000000e+00
7.868376e+00 0.000000e+00
7.893840e+00 0.000000e+00
7.919304e+00 0.000000e+00
7.944768e+00 0.000000e+00
7.970232e+00 0.000000e+00
7.995696e+00 0.000000e+00
8.021160e+00 0.000000e+00
8.046624e+00 0.000000e+00
8.072088e+00 0.000000e+00
8.097552e+00 0.000000e+00
8.123016e+00 0.000000e+00
8.148480e+00 0.000000e+00
8.173944e+00 0.000000e+00
8.199408e+00 0.000000e+00
8.224872e+00 0.000000e+00
8.250336e+00 0.000000e+00
8.275800e+00 0.000000e+00
8.301264e+00 0.000000e+00
8.326728e+00 0.000000e+00
8.352192e+00 0.000000e+00
8.377656e+00 0.000000e+00
8.403120e+00 0.000000e+00
8.428584e+00 0.000000e+00
8.454048e+00 0.000000e+00
8.479512e+00 0.000000e+00
8.504976e+00 0.000000e+00
8.530440e+00 0.000000e+00
8.555904e+00 0.000000e+00
8.581368e+00 0.000000e+00
8.606832e+00 0.000000e+00
8.632296e+00 0.000000e+00
8.657760e+00 0.000000e+00
8.683224e+00 0.000000e+00
8.708688e+00 0.000000e+00
8.734152e+00 0.000000e+00
8.759616e+00 0.000000e+00
8.785080e+00 0.000000e+00
8.810544e+00 0.000000e+00
8.836008e+00 0.000000e+00
8.861472e+00 0.000000e+00
8.886936e+00 0.000000e+00
8.912400e+00 0.000000e+00
8.937864e+00 0.000000e+00
8.963328e+00 0.000000e+00
8.988792e+00 0.000000e+00
9.014256e+00 0.000000e+00
9.039720e+00 0.000000e+00
9.065184e+00 0.000000e+00
9.090648e+00 0.000000e+00
9.116112e+00 0.000000e+00
9.141576e+00 0.000000e+00
9.167040e+00 0.000000e+00
9.192504e+00 0.000000e+00
9.217968e+00 0.000000e+00
9.243432e+00 0.000000e+00
9.268896e+00 0.000000e+00
9.294360e+00 0.000000e+00
9.319824e+00 0.000000e+00
9.345288e+00 0.000000e+00
9.370752e+00 0.000000e+00
9.396216e+00 0.000000e+00
9.421680e+00 0.000000e+00
9.447144e+00 0.000000e+00
9.472608e+00 0.000000e+00
9.498072e+00 0.000000e+00
9.523536e+00 0.000000e+00
9.549000e+00 0.000000e+00
9.574464e+00 0.000000e+00
9.599928e+00 0.000000e+00
9.625392e+00 0.000000e+00
9.650856e+00 0.000000e+00
9.676320e+00 0.000000e+00
9.701784e+00 0.000000e+00
9.727248e+00 0.000000e+00
9.752712e+00 0.000000e+00
9.778176e+00 0.000000e+00
9.803640e+00 0.000000e+00
9.829104e+00 0.000000e+00
9.854568e+00 0.000000e+00
9.880032e+00 0.000000e+00
9.905496e+00 0.000000e+00
9.930960e+00 0.000000e+00
9.956424e+00 0.000000e+00
9.981888e+00 0.000000e+00
1.000735e+01 0.000000e+00
1.003282e+01 0.000000e+00
1.005828e+01 0.000000e+00
1.008374e+01 0.000000e+00
1.010921e+01 0.000000e+00
1.013467e+01 0.000000e+00
1.016014e+01 0.000000e+00
1.018560e+01 0.000000e+00
1.021106e+01 0.000000e+00
1.023653e+01 0.000000e+00
1.026199e+01 0.000000e+00
1.028746e+01 0.000000e+00
1.031292e+01 0.000000e+00
1.033838e+01 0.000000e+00
1.036385e+01 0.000000e+00
1.038931e+01 0.000000e+00
1.041478e+01 0.000000e+00
1.044024e+01 0.000000e+00
1.046570e+01 0.000000e+00
1.049117e+01 0.000000e+00
1.051663e+01 0.000000e+00
1.054210e+01 0.000000e+00
1.056756e+01 0.000000e+00
1.059302e+01 0.000000e+00
1.061849e+01 0.000000e+00
1.064395e+01 0.000000e+00
1.066942e+01 0.000000e+00
1.069488e+01 0.000000e+00
1.072034e+01 0.000000e+00
1.074581e+01 0.000000e+00
1.077127e+01 0.000000e+00
1.079674e+01 0.000000e+00
1.082220e+01 0.000000e+00
1.084766e+01 0.000000e+00
1.087313e+01 0.000000e+00
1.089859e+01 0.000000e+00
1.092406e+01 0.000000e+00
1.094952e+01 0.000000e+00
1.097498e+01 0.000000e+00
1.100045e+01 0.000000e+00
1.102591e+01 0.000000e+00
1.105138e+01 0.000000e+00
1.107684e+01 0.000000e+00
1.110230e+01 0.000000e+00
1.112777e+01 0.000000e+00
1.115323e+01 0.000000e+00
1.117870e+01 0.000000e+00
1.120416e+01 0.000000e+00
1.122962e+01 0.000000e+00
1.125509e+01 0.000000e+00
1.128055e+01 0.000000e+00
1.130602e+01 0.000000e+00
1.133148e+01 0.000000e+00
1.135694e+01 0.000000e+00
1.138241e+01 0.000000e+00
1.140787e+01 0.000000e+00
1.143334e+01 0.000000e+00
1.145880e+01 0.000000e+00
1.148426e+01 0.000000e+00
1.150973e+01 0.000000e+00
1.153519e+01 0.000000e+00
1.156066e+01 0.000000e+00
1.158612e+01 0.000000e+00
1.161158e+01 0.000000e+00
1.163705e+01 0.000000e+00
1.166251e+01 0.000000e+00
1.168798e+01 0.000000e+00
1.171344e+01 0.000000e+00
1.173890e+01 0.000000e+00
1.176437e+01 0.000000e+00
1.178983e+01 0.000000e+00
1.181530e+01 0.000000e+00
1.184076e+01 0.000000e+00
1.186622e+01 0.000000e+00
1.189169e+01 0.000000e+00
1.191715e+01 0.000000e+00
1.194262e+01 0.000000e+00
1.196808e+01 0.000000e+00
1.199354e+01 0.000000e+00
1.201901e+01 0.000000e+00
1.204447e+01 0.000000e+00
1.206994e+01 0.000000e+00
1.209540e+01 0.000000e+00
1.212086e+01 0.000000e+00
1.214633e+01 0.000000e+00
1.217179e+01 0.000000e+00
1.219726e+01 0.000000e+00
1.222272e+01 0.000000e+00
1.224818e+01 0.000000e+00
1.227365e+01 0.000000e+00
1.229911e+01 0.000000e+00
1.232458e+01 0.000000e+00
1.235004e+01 0.000000e+00
1.237550e+01 0.000000e+00
1.240097e+01 0.000000e+00
1.242643e+01 0.000000e+00
1.245190e+01 0.000000e+00
1.247736e+01 0.000000e+00
1.250282e+01 0.000000e+00
1.252829e+01 0.000000e+00
1.255375e+01 0.000000e+00
1.257922e+01 0.000000e+00
1.260468e+01 0.000000e+00
1.263014e+01 0.000000e+00
1.265561e+01 0.000000e+00
1.268107e+01 0.000000e+00
1.270654e+01 0.000000e+00
1.273200e+01 0.000000e+00
1.275746e+01 0.000000e+00
1.278293e+01 0.000000e+00
1.280839e+01 0.000000e+00
1.283386e+01 0.000000e+00
1.285932e+01 0.000000e+00
1.288478e+01 0.000000e+00
1.291025e+01 0.000000e+00
1.293571e+01 0.000000e+00
1.296118e+01 0.000000e+00
1.298664e+01 0.000000e+00
1.301210e+01 0.000000e+00
1.303757e+01 0.000000e+00
1.306303e+01 0.000000e+00
1.308850e+01 0.000000e+00
1.311396e+01 0.000000e+00
1.313942e+01 0.000000e+00
1.316489e+01 0.000000e+00
1.319035e+01 0.000000e+00
1.321582e+01 0.000000e+00
1.324128e+01 0.000000e+00
1.326674e+01 0.000000e+00
1.329221e+01 0.000000e+00
1.331767e+01 0.000000e+00
1.334314e+01 0.000000e+00
1.336860e+01 0.000000e+00
1.339406e+01 0.000000e+00
1.341953e+01 0.000000e+00
1.344499e+01 0.000000e+00
1.347046e+01 0.000000e+00
1.349592e+01 0.000000e+00
1.352138e+01 0.000000e+00
1.354685e+01 0.000000e+00
1.357231e+01 0.000000e+00
1.359778e+01 0.000000e+00
1.362324e+01 0.000000e+00
1.364870e+01 0.000000e+00
1.367417e+01 0.000000e+00
1.369963e+01 0.000000e+00
1.372510e+01 0.000000e+00
1.375056e+01 0.000000e+00
1.377602e+01 0.000000e+00
1.380149e+01 0.000000e+00
1.382695e+01 0.000000e+00
1.385242e+01 0.000000e+00
1.387788e+01 0.000000e+00
1.390334e+01 0.000000e+00
1.392881e+01 0.000000e+00
1.395427e+01 0.000000e+00
1.397974e+01 0.000000e+00
1.400520e+01 0.000000e+00
1.403066e+01 0.000000e+00
1.405613e+01 0.000000e+00
1.408159e+01 0.000000e+00
1.410706e+01 0.000000e+00
1.413252e+01 0.000000e+00
1.415798e+01 0.000000e+00
1.418345e+01 0.000000e+00
1.420891e+01 0.000000e+00
1.423438e+01 0.000000e+00
1.425984e+01 0.000000e+00
1.428530e+01 0.000000e+00
1.431077e+01 0.000000e+00
1.433623e+01 0.000000e+00
1.436170e+01 0.000000e+00
1.438716e+01 0.000000e+00
1.441262e+01 0.000000e+00
1.443809e+01 0.000000e+00
1.446355e+01 0.000000e+00
1.448902e+01 0.000000e+00
1.451448e+01 0.000000e+00
1.453994e+01 0.000000e+00
1.456541e+01 0.000000e+00
1.459087e+01 0.000000e+00
1.461634e+01 0.000000e+00
1.464180e+01 0.000000e+00
1.466726e+01 0.000000e+00
1.469273e+01 0.000000e+00
1.471819e+01 0.000000e+00
1.474366e+01 0.000000e+00
1.476912e+01 0.000000e+00
1.479458e+01 0.000000e+00
1.482005e+01 0.000000e+00
1.484551e+01 0.000000e+00
1.487098e+01 0.000000e+00
1.489644e+01 0.000000e+00
1.492190e+01 0.000000e+00
1.494737e+01 0.000000e+00
1.497283e+01 0.000000e+00
1.499830e+01 0.000000e+00
1.502376e+01 0.000000e+00
1.504922e+01 0.000000e+00
1.507469e+01 0.000000e+00
1.510015e+01 0.000000e+00
1.512562e+01 0.000000e+00
1.515108e+01 0.000000e+00
1.517654e+01 0.000000e+00
1.520201e+01 0.000000e+00
1.522747e+01 0.000000e+00
1.525294e+01 0.000000e+00
1.527840e+01 0.000000e+00
1.530386e+01 0.000000e+00
1.532933e+01 0.000000e+00
1.535479e+01 0.000000e+00
1.538026e+01 0.000000e+00
1.540572e+01 0.000000e+00
1.543118e+01 0.000000e+00
1.545665e+01 0.000000e+00
1.548211e+01 0.000000e+00
1.550758e+01 0.000000e+00
1.553304e+01 0.000000e+00
1.555850e+01 0.000000e+00
1.558397e+01 0.000000e+00
1.560943e+01 0.000000e+00
1.563490e+01 0.000000e+00
1.566036e+01 0.000000e+00
1.568582e+01 0.000000e+00
1.571129e+01 0.000000e+00
1.573675e+01 0.000000e+00
1.576222e+01 0.000000e+00
1.578768e+01 0.000000e+00
1.581314e+01 0.000000e+00
1.583861e+01 0.000000e+00
1.586407e+01 0.000000e+00
1.588954e+01 0.000000e+00
1.591500e+01 0.000000e+00
1.594046e+01 0.000000e+00
1.596593e+01 0.000000e+00
1.599139e+01 0.000000e+00
1.601686e+01 0.000000e+00
1.604232e+01 0.000000e+00
1.606778e+01 0.000000e+00
1.609325e+01 0.000000e+00
1.611871e+01 0.000000e+00
1.614418e+01 0.000000e+00
1.616964e+01 0.000000e+00
1.619510e+01 0.000000e+00
1.622057e+01 0.000000e+00
1.624603e+01 0.000000e+00
1.627150e+01 0.000000e+00
1.629696e+01 0.000000e+00
1.632242e+01 0.000000e+00
1.634789e+01 0.000000e+00
1.637335e+01 0.000000e+00
1.639882e+01 0.000000e+00
1.642428e+01 0.000000e+00
1.644974e+01 0.000000e+00
1.647521e+01 0.000000e+00
1.650067e+01 0.000000e+00
1.652614e+01 0.000000e+00
1.655160e+01 0.000000e+00
1.657706e+01 0.000000e+00
1.660253e+01 0.000000e+00
1.662799e+01 0.000000e+00
1.665346e+01 0.000000e+00
1.667892e+01 0.000000e+00
1.670438e+01 0.000000e+00
1.672985e+01 0.000000e+00
1.675531e+01 0.000000e+00
1.678078e+01 0.000000e+00
1.680624e+01 0.000000e+00
1.683170e+01 0.000000e+00
1.685717e+01 0.000000e+00
1.688263e+01 0.000000e+00
1.690810e+01 0.000000e+00
1.693356e+01 0.000000e+00
1.695902e+01 0.000000e+00
1.698449e+01 0.000000e+00
1.700995e+01 0.000000e+00
1.703542e+01 0.000000e+00
1.706088e+01 0.000000e+00
1.708634e+01 0.000000e+00
1.711181e+01 0.000000e+00
1.713727e+01 0.000000e+00
1.716274e+01 0.000000e+00
1.718820e+01 0.000000e+00
1.721366e+01 0.000000e+00
1.723913e+01 0.000000e+00
1.726459e+01 0.000000e+00
1.729006e+01 0.000000e+00
1.731552e+01 0.000000e+00
1.734098e+01 0.000000e+00
1.736645e+01 0.000000e+00
1.739191e+01 0.000000e+00
1.741738e+01 0.000000e+00
1.744284e+01 0.000000e+00
1.746830e+01 0.000000e+00
1.749377e+01 0.000000e+00
1.751923e+01 0.000000e+00
1.754470e+01 0.000000e+00
1.757016e+01 0.000000e+00
1.759562e+01 0.000000e+00
1.762109e+01 0.000000e+00
1.764655e+01 0.000000e+00
1.767202e+01 0.000000e+00
1.769748e+01 0.000000e+00
1.772294e+01 0.000000e+00
1.774841e+01 0.000000e+00
1.777387e+01 0.000000e+00
1.779934e+01 0.000000e+00
1.782480e+01 0.000000e+00
1.785026e+01 0.000000e+00
1.787573e+01 0.000000e+00
1.790119e+01 0.000000e+00
1.792666e+01 0.000000e+00
1.795212e+01 0.000000e+00
1.797758e+01 0.000000e+00
1.800305e+01 0.000000e+00
1.802851e+01 0.000000e+00
1.805398e+01 0.000000e+00
1.807944e+01 0.000000e+00
1.810490e+01 0.000000e+00
1.813037e+01 0.000000e+00
1.815583e+01 0.000000e+00
1.818130e+01 0.000000e+00
1.820676e+01 0.000000e+00
1.823222e+01 0.000000e+00
1.825769e+01 0.000000e+00
1.828315e+01 0.000000e+00
1.830862e+01 0.000000e+00
1.833408e+01 0.000000e+00
1.835954e+01 0.000000e+00
1.838501e+01 0.000000e+00
1.841047e+01 0.000000e+00
1.843594e+01 0.000000e+00
1.846140e+01 0.000000e+00
1.848686e+01 0.000000e+00
1.851233e+01 0.000000e+00
1.853779e+01 0.000000e+00
1.856326e+01 0.000000e+00
1.858872e+01 0.000000e+00
1.861418e+01 0.000000e+00
1.863965e+01 0.000000e+00
1.866511e+01 0.000000e+00
1.869058e+01 0.000000e+00
1.871604e+01 0.000000e+00
1.874150e+01 0.000000e+00
1.876697e+01 0.000000e+00
1.879243e+01 0.000000e+00
1.881790e+01 0.000000e+00
1.884336e+01 0.000000e+00
1.886882e+01 0.000000e+00
1.889429e+01 0.000000e+00
1.891975e+01 0.000000e+00
1.894522e+01 0.000000e+00
1.897068e+01 0.000000e+00
1.899614e+01 0.000000e+00
1.902161e+01 0.000000e+00
1.904707e+01 0.000000e+00
1.907254e+01 0.000000e+00
1.909800e+01 0.000000e+00
1.912346e+01 0.000000e+00
1.914893e+01 0.000000e+00
1.917439e+01 0.000000e+00
1.919986e+01 0.000000e+00
1.922532e+01 0.000000e+00
1.925078e+01 0.000000e+00
1.927625e+01 0.000000e+00
1.930171e+01 0.000000e+00
1.932718e+01 0.000000e+00
1.935264e+01 0.000000e+00
1.937810e+01 0.000000e+00
1.940357e+01 0.000000e+00
1.942903e+01 0.000000e+00
1.945450e+01 0.000000e+00
1.947996e+01 0.000000e+00
1.950542e+01 0.000000e+00
1.953089e+01 0.000000e+00
1.955635e+01 0.000000e+00
1.958182e+01 0.000000e+00
1.960728e+01 0.000000e+00
1.963274e+01 0.000000e+00
1.965821e+01 0.000000e+00
1.968367e+01 0.000000e+00
1.970914e+01 0.000000e+00
1.973460e+01 0.000000e+00
1.976006e+01 0.000000e+00
1.978553e+01 0.000000e+00
1.981099e+01 0.000000e+00
1.983646e+01 0.000000e+00
1.986192e+01 0.000000e+00
1.988738e+01 0.000000e+00
1.991285e+01 0.000000e+00
1.993831e+01 0.000000e+00
1.996378e+01 0.000000e+00
1.998924e+01 0.000000e+00
2.001470e+01 0.000000e+00
2.004017e+01 0.000000e+00
2.006563e+01 0.000000e+00
2.009110e+01 0.000000e+00
2.011656e+01 0.000000e+00
2.014202e+01 0.000000e+00
2.016749e+01 0.000000e+00
2.019295e+01 0.000000e+00
2.021842e+01 0.000000e+00
2.024388e+01 0.000000e+00
2.026934e+01 0.000000e+00
2.029481e+01 0.000000e+00
2.032027e+01 0.000000e+00
2.034574e+01 0.000000e+00
2.037120e+01 0.000000e+00
2.039666e+01 0.000000e+00
2.042213e+01 0.000000e+00
2.044759e+01 0.000000e+00
2.047306e+01 0.000000e+00
