-5.043999999999999595e+00 0.000000000000000000e+00
-4.980949999999999989e+00 0.000000000000000000e+00
-4.917900000000000382e+00 0.000000000000000000e+00
-4.854849999999999888e+00 0.000000000000000000e+00
-4.791800000000000281e+00 0.000000000000000000e+00
-4.728749999999999787e+00 0.000000000000000000e+00
-4.665700000000000180e+00 0.000000000000000000e+00
-4.602649999999999686e+00 0.000000000000000000e+00
-4.539600000000000080e+00 0.000000000000000000e+00
-4.476549999999999585e+00 0.000000000000000000e+00
-4.413499999999999979e+00 0.000000000000000000e+00
-4.350450000000000372e+00 0.000000000000000000e+00
-4.287399999999999878e+00 0.000000000000000000e+00
-4.224350000000000271e+00 0.000000000000000000e+00
-4.161299999999999777e+00 0.000000000000000000e+00
-4.098250000000000171e+00 0.000000000000000000e+00
-4.035199999999999676e+00 0.000000000000000000e+00
-3.972150000000000070e+00 0.000000000000000000e+00
-3.909100000000000019e+00 0.000000000000000000e+00
-3.846049999999999969e+00 0.000000000000000000e+00
-3.782999999999999918e+00 0.000000000000000000e+00
-3.719949999999999868e+00 0.000000000000000000e+00
-3.656899999999999817e+00 0.000000000000000000e+00
-3.593850000000000211e+00 1.465479000000000043e-08
-3.530800000000000161e+00 2.734869999999999925e-08
-3.467750000000000110e+00 5.047752999999999950e-08
-3.404700000000000060e+00 9.214328999999999976e-08
-3.341650000000000009e+00 1.663541999999999928e-07
-3.278599999999999959e+00 2.970352000000000233e-07
-3.215549999999999908e+00 5.245493999999999629e-07
-3.152499999999999858e+00 9.161557000000000382e-07
-3.089449999999999807e+00 1.582546000000000094e-06
-3.026400000000000201e+00 2.703633999999999922e-06
-2.963350000000000151e+00 4.568184000000000137e-06
-2.900300000000000100e+00 7.633849999999999764e-06
-2.837250000000000050e+00 1.261675999999999980e-05
-2.774199999999999999e+00 2.062323000000000143e-05
-2.711149999999999949e+00 3.334030000000000332e-05
-2.648099999999999898e+00 5.330730999999999767e-05
-2.585049999999999848e+00 8.429626999999999921e-05
-2.521999999999999797e+00 1.318361000000000099e-04
-2.458950000000000191e+00 2.039220999999999970e-04
-2.395900000000000141e+00 3.119598999999999810e-04
-2.332850000000000090e+00 4.719950999999999899e-04
-2.269800000000000040e+00 7.062859000000000541e-04
-2.206749999999999989e+00 1.045268999999999929e-03
-2.143699999999999939e+00 1.529958000000000099e-03
-2.080649999999999888e+00 2.214804999999999812e-03
-2.017599999999999838e+00 3.170996000000000144e-03
-1.954550000000000010e+00 4.490143999999999733e-03
-1.891499999999999959e+00 6.288239999999999628e-03
-1.828449999999999909e+00 8.709681999999999841e-03
-1.765400000000000080e+00 1.193108000000000016e-02
-1.702350000000000030e+00 1.616447000000000023e-02
-1.639299999999999979e+00 2.165945000000000023e-02
-1.576249999999999929e+00 2.870369999999999866e-02
-1.513200000000000101e+00 3.762118999999999880e-02
-1.450150000000000050e+00 4.876761000000000290e-02
-1.387100000000000000e+00 6.252225999999999617e-02
-1.324049999999999949e+00 7.927608999999999351e-02
-1.260999999999999899e+00 9.941550000000000387e-02
-1.197950000000000070e+00 1.233019999999999949e-01
-1.134900000000000020e+00 1.512484000000000051e-01
-1.071849999999999969e+00 1.834912999999999961e-01
-1.008799999999999919e+00 2.201631000000000005e-01
-9.457499999999999796e-01 2.612630000000000230e-01
-8.827000000000000401e-01 3.066305999999999754e-01
-8.196499999999999897e-01 3.559241000000000210e-01
-7.566000000000000503e-01 4.086049999999999960e-01
-6.935499999999999998e-01 4.639319000000000082e-01
-6.304999999999999494e-01 5.209656000000000287e-01
-5.674500000000000099e-01 5.785863999999999452e-01
-5.043999999999999595e-01 6.355235999999999663e-01
-4.413500000000000201e-01 6.903979000000000088e-01
-3.783000000000000251e-01 7.417738000000000387e-01
-3.152499999999999747e-01 7.882208000000000547e-01
-2.521999999999999797e-01 8.283779999999999477e-01
-1.891500000000000126e-01 8.610206000000000248e-01
-1.260999999999999899e-01 8.851215000000000055e-01
-6.304999999999999494e-02 8.999047000000000018e-01
0.000000000000000000e+00 9.048872999999999500e-01
6.304999999999999494e-02 8.999053999999999665e-01
1.260999999999999899e-01 8.851229999999999931e-01
1.891500000000000126e-01 8.610231000000000412e-01
2.521999999999999797e-01 8.283816999999999986e-01
3.152499999999999747e-01 7.882261999999999880e-01
3.783000000000000251e-01 7.417814000000000352e-01
4.413500000000000201e-01 6.904084000000000332e-01
5.043999999999999595e-01 6.355380000000000473e-01
5.674500000000000099e-01 5.786061000000000121e-01
6.304999999999999494e-01 5.209920999999999580e-01
6.935499999999999998e-01 4.639673000000000269e-01
7.566000000000000503e-01 4.086520000000000152e-01
8.196499999999999897e-01 3.559859000000000218e-01
8.827000000000000401e-01 3.067113000000000200e-01
9.457499999999999796e-01 2.613674999999999748e-01
1.008799999999999919e+00 2.202975000000000072e-01
1.071849999999999969e+00 1.836628999999999901e-01
1.134900000000000020e+00 1.514657000000000087e-01
1.197950000000000070e+00 1.235751999999999962e-01
1.260999999999999899e+00 9.975625999999999938e-02
1.324049999999999949e+00 7.969814999999999539e-02
1.387100000000000000e+00 6.304123999999999839e-02
1.450150000000000050e+00 4.940122999999999737e-02
1.513200000000000101e+00 3.838936999999999905e-02
1.576249999999999929e+00 2.962860999999999967e-02
1.639299999999999979e+00 2.276556000000000066e-02
1.702350000000000030e+00 1.747850999999999919e-02
1.765400000000000080e+00 1.348202000000000081e-02
1.828449999999999909e+00 1.052861000000000075e-02
1.891499999999999959e+00 8.408224000000000600e-03
1.954550000000000010e+00 6.946042000000000362e-03
2.017599999999999838e+00 5.999210999999999953e-03
2.080649999999999888e+00 5.452995000000000411e-03
2.143699999999999939e+00 5.216700000000000330e-03
2.206749999999999989e+00 5.219676999999999824e-03
2.269800000000000040e+00 5.407587000000000158e-03
2.332850000000000090e+00 5.739062999999999977e-03
2.395900000000000141e+00 6.182812999999999677e-03
2.458950000000000191e+00 6.715188999999999880e-03
2.521999999999999797e+00 7.318190999999999932e-03
2.585049999999999848e+00 7.977879999999999694e-03
2.648099999999999898e+00 8.683134000000000338e-03
2.711149999999999949e+00 9.424712000000000020e-03
2.774199999999999999e+00 1.019456000000000008e-02
2.837250000000000050e+00 1.098533999999999969e-02
2.900300000000000100e+00 1.179005999999999978e-02
2.963350000000000151e+00 1.260195000000000065e-02
3.026400000000000201e+00 1.341429000000000059e-02
3.089449999999999807e+00 1.422049000000000056e-02
3.152499999999999858e+00 1.501401999999999945e-02
3.215549999999999908e+00 1.578863000000000141e-02
3.278599999999999959e+00 1.653833000000000039e-02
3.341650000000000009e+00 1.725762999999999950e-02
3.404700000000000060e+00 1.794161000000000020e-02
3.467750000000000110e+00 1.858606000000000147e-02
3.530800000000000161e+00 1.918759000000000089e-02
3.593850000000000211e+00 1.974371000000000112e-02
3.656899999999999817e+00 2.025284999999999933e-02
3.719949999999999868e+00 2.071442999999999895e-02
3.782999999999999918e+00 2.112877999999999978e-02
3.846049999999999969e+00 2.149710000000000162e-02
3.909100000000000019e+00 2.182138999999999954e-02
3.972150000000000070e+00 2.210430999999999854e-02
4.035199999999999676e+00 2.234908000000000033e-02
4.098250000000000171e+00 2.255928000000000100e-02
4.161299999999999777e+00 2.273876000000000022e-02
4.224350000000000271e+00 2.289147000000000057e-02
4.287399999999999878e+00 2.302134999999999945e-02
4.350450000000000372e+00 2.313221000000000027e-02
4.413499999999999979e+00 2.322766999999999887e-02
4.476549999999999585e+00 2.331106000000000150e-02
4.539600000000000080e+00 2.338544999999999860e-02
4.602649999999999686e+00 2.345358999999999985e-02
4.665700000000000180e+00 2.351796000000000095e-02
4.728749999999999787e+00 2.358077000000000090e-02
4.791800000000000281e+00 2.364399999999999835e-02
4.854849999999999888e+00 2.370946999999999985e-02
4.917900000000000382e+00 2.377881999999999912e-02
4.980949999999999989e+00 2.385353999999999947e-02
5.043999999999999595e+00 2.393500999999999962e-02
5.107050000000000090e+00 2.402442999999999940e-02
5.170099999999999696e+00 2.412281999999999968e-02
5.233150000000000190e+00 2.423093999999999942e-02
5.296199999999999797e+00 2.434922999999999949e-02
5.359250000000000291e+00 2.447770000000000154e-02
5.422299999999999898e+00 2.461587999999999971e-02
5.485350000000000392e+00 2.476269000000000040e-02
5.548399999999999999e+00 2.491637999999999839e-02
5.611449999999999605e+00 2.507447000000000148e-02
5.674500000000000099e+00 2.523374000000000103e-02
5.737549999999999706e+00 2.539022999999999974e-02
5.800600000000000200e+00 2.553926999999999933e-02
5.863649999999999807e+00 2.567559999999999981e-02
5.926700000000000301e+00 2.579348000000000057e-02
5.989749999999999908e+00 2.588684000000000124e-02
6.052800000000000402e+00 2.594952999999999843e-02
6.115850000000000009e+00 2.597547999999999871e-02
6.178899999999999615e+00 2.595895999999999967e-02
6.241950000000000109e+00 2.589479000000000086e-02
6.304999999999999716e+00 2.577855999999999898e-02
6.368050000000000210e+00 2.560679999999999901e-02
6.431099999999999817e+00 2.537713999999999942e-02
6.494150000000000311e+00 2.508840000000000028e-02
6.557199999999999918e+00 2.474068999999999921e-02
6.620250000000000412e+00 2.433538000000000021e-02
6.683300000000000018e+00 2.387509000000000159e-02
6.746349999999999625e+00 2.336362000000000161e-02
6.809400000000000119e+00 2.280584999999999904e-02
6.872449999999999726e+00 2.220758999999999928e-02
6.935500000000000220e+00 2.157548999999999925e-02
6.998549999999999827e+00 2.091685999999999893e-02
7.061600000000000321e+00 2.023954999999999851e-02
7.124649999999999928e+00 1.955184000000000089e-02
7.187700000000000422e+00 1.886238999999999971e-02
7.250750000000000028e+00 1.818012000000000100e-02
7.313799999999999635e+00 1.751426000000000024e-02
7.376850000000000129e+00 1.687436000000000144e-02
7.439899999999999736e+00 1.627036000000000107e-02
7.502950000000000230e+00 1.571265000000000162e-02
7.565999999999999837e+00 1.521226000000000002e-02
7.629050000000000331e+00 1.478094999999999930e-02
7.692099999999999937e+00 1.443138000000000060e-02
7.755150000000000432e+00 1.417721000000000085e-02
7.818200000000000038e+00 1.403322000000000076e-02
7.881249999999999645e+00 1.401527999999999975e-02
7.944300000000000139e+00 1.414035999999999939e-02
8.007350000000000634e+00 1.442629999999999954e-02
8.070399999999999352e+00 1.489153000000000004e-02
8.133449999999999847e+00 1.555467999999999955e-02
8.196500000000000341e+00 1.643392000000000117e-02
8.259550000000000836e+00 1.754632000000000067e-02
8.322599999999999554e+00 1.890692999999999888e-02
8.385650000000000048e+00 2.052787999999999835e-02
8.448700000000000543e+00 2.241740000000000052e-02
8.511749999999999261e+00 2.457878000000000146e-02
8.574799999999999756e+00 2.700951000000000046e-02
8.637850000000000250e+00 2.970044999999999977e-02
8.700900000000000745e+00 3.263532999999999712e-02
8.763949999999999463e+00 3.579036000000000023e-02
8.826999999999999957e+00 3.913429999999999687e-02
8.890050000000000452e+00 4.262878999999999974e-02
8.953099999999999170e+00 4.622906000000000237e-02
9.016149999999999665e+00 4.988495999999999903e-02
9.079200000000000159e+00 5.354227000000000292e-02
9.142250000000000654e+00 5.714426999999999701e-02
9.205299999999999372e+00 6.063342000000000037e-02
9.268349999999999866e+00 6.395306000000000601e-02
9.331400000000000361e+00 6.704912999999999845e-02
9.394450000000000855e+00 6.987171000000000354e-02
9.457499999999999574e+00 7.237633999999999734e-02
9.520550000000000068e+00 7.452514999999999834e-02
9.583600000000000563e+00 7.628756000000000426e-02
9.646649999999999281e+00 7.764081000000000454e-02
9.709699999999999775e+00 7.857007000000000574e-02
9.772750000000000270e+00 7.906841000000000563e-02
9.835800000000000765e+00 7.913642999999999372e-02
9.898849999999999483e+00 7.878177999999999570e-02
9.961899999999999977e+00 7.801856999999999542e-02
1.002495000000000047e+01 7.686663999999999997e-02
1.008799999999999919e+01 7.535082999999999365e-02
1.015104999999999968e+01 7.350027000000000643e-02
1.021410000000000018e+01 7.134761000000000575e-02
1.027715000000000067e+01 6.892827999999999455e-02
1.034019999999999939e+01 6.627980999999999456e-02
1.040324999999999989e+01 6.344113999999999309e-02
1.046630000000000038e+01 6.045190000000000285e-02
1.052935000000000088e+01 5.735181999999999780e-02
1.059239999999999959e+01 5.418006000000000211e-02
1.065545000000000009e+01 5.097465999999999803e-02
1.071850000000000058e+01 4.777200000000000196e-02
1.078154999999999930e+01 4.460635999999999768e-02
1.084459999999999980e+01 4.150957000000000258e-02
1.090765000000000029e+01 3.851072999999999996e-02
1.097070000000000078e+01 3.563602999999999910e-02
1.103374999999999950e+01 3.290875000000000050e-02
1.109680000000000000e+01 3.034923999999999955e-02
1.115985000000000049e+01 2.797509000000000107e-02
1.122289999999999921e+01 2.580123999999999959e-02
1.128594999999999970e+01 2.384021999999999877e-02
1.134900000000000020e+01 2.210234999999999977e-02
1.141205000000000069e+01 2.059588999999999864e-02
1.147509999999999941e+01 1.932715000000000127e-02
1.153814999999999991e+01 1.830060000000000020e-02
1.160120000000000040e+01 1.751882000000000092e-02
1.166424999999999912e+01 1.698244000000000142e-02
1.172729999999999961e+01 1.668998999999999830e-02
1.179035000000000011e+01 1.663774999999999976e-02
1.185340000000000060e+01 1.681954000000000088e-02
1.191644999999999932e+01 1.722655000000000020e-02
1.197949999999999982e+01 1.784722999999999865e-02
1.204255000000000031e+01 1.866721000000000005e-02
1.210560000000000080e+01 1.966934999999999864e-02
1.216864999999999952e+01 2.083385000000000098e-02
1.223170000000000002e+01 2.213851000000000013e-02
1.229475000000000051e+01 2.355903999999999984e-02
1.235779999999999923e+01 2.506950000000000151e-02
1.242084999999999972e+01 2.664271000000000000e-02
1.248390000000000022e+01 2.825085000000000096e-02
1.254695000000000071e+01 2.986588000000000090e-02
1.260999999999999943e+01 3.146006999999999970e-02
1.267304999999999993e+01 3.300644999999999968e-02
1.273610000000000042e+01 3.447921999999999793e-02
1.279914999999999914e+01 3.585409999999999986e-02
1.286219999999999963e+01 3.710862999999999662e-02
1.292525000000000013e+01 3.822244999999999809e-02
1.298830000000000062e+01 3.917753999999999681e-02
1.305134999999999934e+01 3.995844999999999952e-02
1.311439999999999984e+01 4.055249999999999827e-02
1.317745000000000033e+01 4.095005000000000173e-02
1.324050000000000082e+01 4.114463000000000148e-02
1.330354999999999954e+01 4.113321999999999812e-02
1.336660000000000004e+01 4.091629000000000099e-02
1.342965000000000053e+01 4.049797000000000119e-02
1.349269999999999925e+01 3.988599000000000311e-02
1.355574999999999974e+01 3.909159000000000245e-02
1.361880000000000024e+01 3.812928000000000150e-02
1.368185000000000073e+01 3.701647000000000270e-02
1.374489999999999945e+01 3.577302000000000259e-02
1.380794999999999995e+01 3.442057999999999923e-02
1.387100000000000044e+01 3.298200999999999911e-02
1.393404999999999916e+01 3.148059999999999747e-02
1.399709999999999965e+01 2.993940999999999963e-02
1.406015000000000015e+01 2.838051999999999936e-02
1.412320000000000064e+01 2.682448000000000124e-02
1.418624999999999936e+01 2.528976999999999961e-02
1.424929999999999986e+01 2.379240999999999995e-02
1.431235000000000035e+01 2.234573000000000115e-02
1.437540000000000084e+01 2.096024999999999971e-02
1.443844999999999956e+01 1.964371000000000173e-02
1.450150000000000006e+01 1.840119999999999950e-02
1.456455000000000055e+01 1.723542000000000129e-02
1.462759999999999927e+01 1.614698999999999995e-02
1.469064999999999976e+01 1.513478000000000045e-02
1.475370000000000026e+01 1.419633000000000006e-02
1.481675000000000075e+01 1.332819000000000018e-02
1.487979999999999947e+01 1.252629000000000069e-02
1.494284999999999997e+01 1.178622000000000003e-02
1.500590000000000046e+01 1.110354000000000028e-02
1.506894999999999918e+01 1.047394999999999923e-02
1.513199999999999967e+01 9.893446000000000184e-03
1.519505000000000017e+01 9.358461000000000210e-03
1.525810000000000066e+01 8.865872999999999809e-03
1.532114999999999938e+01 8.413043000000000257e-03
1.538419999999999987e+01 7.997791000000000622e-03
1.544725000000000037e+01 7.618352999999999584e-03
1.551030000000000086e+01 7.273326000000000097e-03
1.557334999999999958e+01 6.961595000000000109e-03
1.563640000000000008e+01 6.682266000000000074e-03
1.569945000000000057e+01 6.434604000000000018e-03
1.576249999999999929e+01 6.217964000000000303e-03
1.582554999999999978e+01 6.031751999999999600e-03
1.588860000000000028e+01 5.875377999999999677e-03
1.595165000000000077e+01 5.748228999999999665e-03
1.601470000000000127e+01 5.649656000000000296e-03
1.607775000000000176e+01 5.578958999999999654e-03
1.614079999999999870e+01 5.535390000000000275e-03
1.620384999999999920e+01 5.518157999999999570e-03
1.626689999999999969e+01 5.526429000000000237e-03
1.632995000000000019e+01 5.559343999999999918e-03
1.639300000000000068e+01 5.616018999999999872e-03
1.645605000000000118e+01 5.695554000000000242e-03
1.651910000000000167e+01 5.797034000000000388e-03
1.658214999999999861e+01 5.919526999999999949e-03
1.664519999999999911e+01 6.062080000000000073e-03
1.670824999999999960e+01 6.223707999999999671e-03
1.677130000000000010e+01 6.403385000000000153e-03
1.683435000000000059e+01 6.600023000000000001e-03
1.689740000000000109e+01 6.812463999999999846e-03
1.696045000000000158e+01 7.039459999999999988e-03
1.702349999999999852e+01 7.279657999999999615e-03
1.708654999999999902e+01 7.531593999999999962e-03
1.714959999999999951e+01 7.793684000000000375e-03
1.721265000000000001e+01 8.064220999999999889e-03
1.727570000000000050e+01 8.341381000000000143e-03
1.733875000000000099e+01 8.623234000000000454e-03
1.740180000000000149e+01 8.907758999999999469e-03
1.746484999999999843e+01 9.192864999999999717e-03
1.752789999999999893e+01 9.476421999999999971e-03
1.759094999999999942e+01 9.756285999999999431e-03
1.765399999999999991e+01 1.003034000000000044e-02
1.771705000000000041e+01 1.029651999999999998e-02
1.778010000000000090e+01 1.055285000000000077e-02
1.784315000000000140e+01 1.079748999999999987e-02
1.790619999999999834e+01 1.102874000000000042e-02
1.796924999999999883e+01 1.124508999999999925e-02
1.803229999999999933e+01 1.144524000000000062e-02
1.809534999999999982e+01 1.162810000000000059e-02
1.815840000000000032e+01 1.179282000000000073e-02
1.822145000000000081e+01 1.193878999999999947e-02
1.828450000000000131e+01 1.206563000000000080e-02
1.834754999999999825e+01 1.217319000000000040e-02
1.841059999999999874e+01 1.226154999999999953e-02
1.847364999999999924e+01 1.233096000000000018e-02
1.853669999999999973e+01 1.238185999999999974e-02
1.859975000000000023e+01 1.241483999999999990e-02
1.866280000000000072e+01 1.243057000000000016e-02
1.872585000000000122e+01 1.242981999999999941e-02
1.878890000000000171e+01 1.241338999999999984e-02
1.885194999999999865e+01 1.238210999999999999e-02
1.891499999999999915e+01 1.233679000000000026e-02
1.897804999999999964e+01 1.227821999999999941e-02
1.904110000000000014e+01 1.220714999999999995e-02
1.910415000000000063e+01 1.212430999999999925e-02
1.916720000000000113e+01 1.203041000000000006e-02
1.923025000000000162e+01 1.192615999999999989e-02
1.929329999999999856e+01 1.181229999999999954e-02
1.935634999999999906e+01 1.168962999999999947e-02
1.941939999999999955e+01 1.155907999999999936e-02
1.948245000000000005e+01 1.142168999999999997e-02
1.954550000000000054e+01 1.127866999999999932e-02
1.960855000000000103e+01 1.113143999999999939e-02
1.967160000000000153e+01 1.098158999999999941e-02
1.973464999999999847e+01 1.083095000000000065e-02
1.979769999999999897e+01 1.068149000000000008e-02
1.986074999999999946e+01 1.053537000000000050e-02
1.992379999999999995e+01 1.039484000000000068e-02
1.998685000000000045e+01 1.026223000000000066e-02
2.004990000000000094e+01 1.013984000000000066e-02
2.011295000000000144e+01 1.002990999999999952e-02
2.017599999999999838e+01 9.934544000000000014e-03
2.023904999999999887e+01 9.855600000000000818e-03
2.030209999999999937e+01 9.794672000000000794e-03
2.036514999999999986e+01 9.753002000000000199e-03
2.042820000000000036e+01 9.731431999999999929e-03
2.049125000000000085e+01 9.730367000000000183e-03
2.055430000000000135e+01 9.749736999999999640e-03
2.061734999999999829e+01 9.788988999999999677e-03
2.068039999999999878e+01 9.847078999999999901e-03
2.074344999999999928e+01 9.922485999999999459e-03
2.080649999999999977e+01 1.001323999999999964e-02
2.086955000000000027e+01 1.011695999999999949e-02
2.093260000000000076e+01 1.023090999999999931e-02
2.099565000000000126e+01 1.035207999999999962e-02
2.105870000000000175e+01 1.047724000000000051e-02
2.112174999999999869e+01 1.060306999999999916e-02
2.118479999999999919e+01 1.072620999999999991e-02
2.124784999999999968e+01 1.084341999999999945e-02
2.131090000000000018e+01 1.095162000000000045e-02
2.137395000000000067e+01 1.104804000000000029e-02
2.143700000000000117e+01 1.113024999999999952e-02
2.150005000000000166e+01 1.119629999999999931e-02
2.156309999999999860e+01 1.124470999999999977e-02
2.162614999999999910e+01 1.127450999999999974e-02
2.168919999999999959e+01 1.128527999999999996e-02
2.175225000000000009e+01 1.127709999999999997e-02
2.181530000000000058e+01 1.125051999999999996e-02
2.187835000000000107e+01 1.120649999999999945e-02
2.194140000000000157e+01 1.114631999999999949e-02
2.200444999999999851e+01 1.107148999999999980e-02
2.206749999999999901e+01 1.098367999999999914e-02
2.213054999999999950e+01 1.088458999999999954e-02
2.219359999999999999e+01 1.077591999999999960e-02
2.225665000000000049e+01 1.065922000000000050e-02
2.231970000000000098e+01 1.053593000000000064e-02
2.238275000000000148e+01 1.040723999999999989e-02
2.244579999999999842e+01 1.027416999999999914e-02
2.250884999999999891e+01 1.013751000000000062e-02
2.257189999999999941e+01 9.997877000000000500e-03
2.263494999999999990e+01 9.855710999999999639e-03
2.269800000000000040e+01 9.711347999999999855e-03
2.276105000000000089e+01 9.565053000000000444e-03
2.282410000000000139e+01 9.417059000000000193e-03
2.288714999999999833e+01 9.267608999999999569e-03
2.295019999999999882e+01 9.116986000000000534e-03
2.301324999999999932e+01 8.965528999999999860e-03
2.307629999999999981e+01 8.813645000000000160e-03
2.313935000000000031e+01 8.661801999999999696e-03
2.320240000000000080e+01 8.510523000000000740e-03
2.326545000000000130e+01 8.360367999999999966e-03
2.332849999999999824e+01 8.211915000000000187e-03
2.339154999999999873e+01 8.065740000000000062e-03
2.345459999999999923e+01 7.922402000000000263e-03
2.351764999999999972e+01 7.782436000000000215e-03
2.358070000000000022e+01 7.646342999999999890e-03
2.364375000000000071e+01 7.514599000000000278e-03
2.370680000000000121e+01 7.387659999999999887e-03
2.376985000000000170e+01 7.265975000000000038e-03
2.383289999999999864e+01 7.150005000000000076e-03
2.389594999999999914e+01 7.040231000000000093e-03
2.395899999999999963e+01 6.937165000000000345e-03
2.402205000000000013e+01 6.841355000000000353e-03
2.408510000000000062e+01 6.753374999999999830e-03
2.414815000000000111e+01 6.673809999999999638e-03
2.421120000000000161e+01 6.603229000000000390e-03
2.427424999999999855e+01 6.542151999999999863e-03
2.433729999999999905e+01 6.491003999999999871e-03
2.440034999999999954e+01 6.450074000000000085e-03
2.446340000000000003e+01 6.419468000000000223e-03
2.452645000000000053e+01 6.399067999999999944e-03
2.458950000000000102e+01 6.388501999999999896e-03
2.465255000000000152e+01 6.387124000000000100e-03
2.471559999999999846e+01 6.394008999999999977e-03
2.477864999999999895e+01 6.407967999999999997e-03
2.484169999999999945e+01 6.427582000000000260e-03
2.490474999999999994e+01 6.451245000000000417e-03
2.496780000000000044e+01 6.477235999999999931e-03
2.503085000000000093e+01 6.503791000000000086e-03
2.509390000000000143e+01 6.529186999999999665e-03
2.515694999999999837e+01 6.551832999999999962e-03
2.521999999999999886e+01 6.570346999999999819e-03
2.528304999999999936e+01 6.583631999999999852e-03
2.534609999999999985e+01 6.590930000000000052e-03
2.540915000000000035e+01 6.591864000000000230e-03
2.547220000000000084e+01 6.586442999999999985e-03
2.553525000000000134e+01 6.575051999999999633e-03
2.559829999999999828e+01 6.558407999999999946e-03
2.566134999999999877e+01 6.537494999999999938e-03
2.572439999999999927e+01 6.513472000000000185e-03
2.578744999999999976e+01 6.487569000000000322e-03
2.585050000000000026e+01 6.460976000000000219e-03
2.591355000000000075e+01 6.434719999999999676e-03
2.597660000000000124e+01 6.409566999999999695e-03
2.603965000000000174e+01 6.385927999999999917e-03
2.610269999999999868e+01 6.363795999999999689e-03
2.616574999999999918e+01 6.342712000000000350e-03
2.622879999999999967e+01 6.321771000000000335e-03
2.629185000000000016e+01 6.299654000000000018e-03
2.635490000000000066e+01 6.274707000000000028e-03
2.641795000000000115e+01 6.245042999999999601e-03
2.648100000000000165e+01 6.208662999999999682e-03
2.654404999999999859e+01 6.163598000000000167e-03
2.660709999999999908e+01 6.108047000000000129e-03
2.667014999999999958e+01 6.040506000000000174e-03
2.673320000000000007e+01 5.959879999999999865e-03
2.679625000000000057e+01 5.865564999999999668e-03
2.685930000000000106e+01 5.757499000000000124e-03
2.692235000000000156e+01 5.636168999999999901e-03
2.698539999999999850e+01 5.502588000000000097e-03
2.704844999999999899e+01 5.358233999999999914e-03
2.711149999999999949e+01 5.204961999999999610e-03
2.717454999999999998e+01 5.044896999999999576e-03
2.723760000000000048e+01 4.880312999999999839e-03
2.730065000000000097e+01 4.713514000000000245e-03
2.736370000000000147e+01 4.546721999999999569e-03
2.742674999999999841e+01 4.381981000000000070e-03
2.748979999999999890e+01 4.221074000000000007e-03
2.755284999999999940e+01 4.065479999999999788e-03
2.761589999999999989e+01 3.916338999999999584e-03
2.767895000000000039e+01 3.774453000000000096e-03
2.774200000000000088e+01 3.640304000000000022e-03
2.780505000000000138e+01 3.514085000000000125e-03
2.786809999999999832e+01 3.395753000000000053e-03
2.793114999999999881e+01 3.285079000000000211e-03
2.799419999999999931e+01 3.181699999999999980e-03
2.805724999999999980e+01 3.085178999999999960e-03
2.812030000000000030e+01 2.995043000000000184e-03
2.818335000000000079e+01 2.910830000000000101e-03
2.824640000000000128e+01 2.832111999999999911e-03
2.830944999999999823e+01 2.758519000000000075e-03
2.837249999999999872e+01 2.689747000000000145e-03
2.843554999999999922e+01 2.625567999999999999e-03
2.849859999999999971e+01 2.565822000000000155e-03
2.856165000000000020e+01 2.510418999999999845e-03
2.862470000000000070e+01 2.459321999999999897e-03
2.868775000000000119e+01 2.412543999999999973e-03
2.875080000000000169e+01 2.370136000000000118e-03
2.881384999999999863e+01 2.332177999999999855e-03
2.887689999999999912e+01 2.298768999999999986e-03
2.893994999999999962e+01 2.270022999999999919e-03
2.900300000000000011e+01 2.246058999999999903e-03
2.906605000000000061e+01 2.226997000000000091e-03
2.912910000000000110e+01 2.212955999999999864e-03
2.919215000000000160e+01 2.204044000000000055e-03
2.925519999999999854e+01 2.200357000000000007e-03
2.931824999999999903e+01 2.201971999999999957e-03
2.938129999999999953e+01 2.208945999999999826e-03
2.944435000000000002e+01 2.221306000000000148e-03
2.950740000000000052e+01 2.239046000000000178e-03
2.957045000000000101e+01 2.262121000000000184e-03
2.963350000000000151e+01 2.290440999999999831e-03
2.969654999999999845e+01 2.323865999999999953e-03
2.975959999999999894e+01 2.362204000000000127e-03
2.982264999999999944e+01 2.405204000000000196e-03
2.988569999999999993e+01 2.452558999999999989e-03
2.994875000000000043e+01 2.503901000000000217e-03
3.001180000000000092e+01 2.558809999999999904e-03
3.007485000000000142e+01 2.616815000000000200e-03
3.013789999999999836e+01 2.677399999999999919e-03
3.020094999999999885e+01 2.740018999999999788e-03
3.026399999999999935e+01 2.804103000000000064e-03
3.032704999999999984e+01 2.869075000000000011e-03
3.039010000000000034e+01 2.934365999999999884e-03
3.045315000000000083e+01 2.999426999999999822e-03
3.051620000000000132e+01 3.063750000000000067e-03
3.057924999999999827e+01 3.126873000000000066e-03
3.064229999999999876e+01 3.188400999999999996e-03
3.070534999999999926e+01 3.248009000000000052e-03
3.076839999999999975e+01 3.305452999999999864e-03
3.083145000000000024e+01 3.360568999999999883e-03
3.089450000000000074e+01 3.413275999999999810e-03
3.095755000000000123e+01 3.463570000000000017e-03
3.102060000000000173e+01 3.511517000000000024e-03
3.108364999999999867e+01 3.557242999999999863e-03
3.114669999999999916e+01 3.600919000000000168e-03
3.120974999999999966e+01 3.642752999999999877e-03
3.127280000000000015e+01 3.682966000000000191e-03
3.133585000000000065e+01 3.721786999999999838e-03
3.139890000000000114e+01 3.759428999999999896e-03
3.146195000000000164e+01 3.796087000000000072e-03
3.152499999999999858e+01 3.831916999999999789e-03
3.158804999999999907e+01 3.867035999999999911e-03
3.165109999999999957e+01 3.901508000000000146e-03
3.171415000000000006e+01 3.935346000000000156e-03
3.177720000000000056e+01 3.968506999999999590e-03
3.184025000000000105e+01 4.000893000000000158e-03
3.190330000000000155e+01 4.032354000000000147e-03
3.196634999999999849e+01 4.062688000000000063e-03
3.202940000000000254e+01 4.091649999999999628e-03
3.209244999999999948e+01 4.118952999999999851e-03
3.215550000000000352e+01 4.144278999999999845e-03
3.221855000000000047e+01 4.167281000000000110e-03
3.228159999999999741e+01 4.187596000000000027e-03
3.234465000000000146e+01 4.204847999999999746e-03
3.240769999999999840e+01 4.218658000000000130e-03
3.247075000000000244e+01 4.228657000000000249e-03
3.253379999999999939e+01 4.234487999999999794e-03
3.259685000000000343e+01 4.235820000000000383e-03
3.265990000000000038e+01 4.232355999999999618e-03
3.272294999999999732e+01 4.223840999999999880e-03
3.278600000000000136e+01 4.210071999999999599e-03
3.284904999999999831e+01 4.190903000000000163e-03
3.291210000000000235e+01 4.166256999999999600e-03
3.297514999999999930e+01 4.136125000000000045e-03
3.303820000000000334e+01 4.100579000000000029e-03
3.310125000000000028e+01 4.059766999999999716e-03
3.316429999999999723e+01 4.013921999999999629e-03
3.322735000000000127e+01 3.963356999999999818e-03
3.329039999999999822e+01 3.908466000000000197e-03
3.335345000000000226e+01 3.849717999999999803e-03
3.341649999999999920e+01 3.787654000000000108e-03
3.347955000000000325e+01 3.722876999999999870e-03
3.354260000000000019e+01 3.656042999999999880e-03
3.360564999999999714e+01 3.587850000000000067e-03
3.366870000000000118e+01 3.519022000000000122e-03
3.373174999999999812e+01 3.450299999999999895e-03
3.379480000000000217e+01 3.382422999999999853e-03
3.385784999999999911e+01 3.316110000000000151e-03
3.392090000000000316e+01 3.252049999999999819e-03
3.398395000000000010e+01 3.190879000000000198e-03
3.404699999999999704e+01 3.133168999999999885e-03
3.411005000000000109e+01 3.079413000000000029e-03
3.417309999999999803e+01 3.030007999999999833e-03
3.423615000000000208e+01 2.985249000000000149e-03
3.429919999999999902e+01 2.945315999999999906e-03
3.436225000000000307e+01 2.910266999999999802e-03
3.442530000000000001e+01 2.880039000000000037e-03
3.448834999999999695e+01 2.854440000000000189e-03
3.455140000000000100e+01 2.833158000000000117e-03
3.461444999999999794e+01 2.815765000000000021e-03
3.467750000000000199e+01 2.801726999999999950e-03
3.474054999999999893e+01 2.790419000000000146e-03
3.480360000000000298e+01 2.781141999999999902e-03
3.486664999999999992e+01 2.773143000000000049e-03
3.492969999999999686e+01 2.765641000000000106e-03
3.499275000000000091e+01 2.757845999999999995e-03
3.505579999999999785e+01 2.748992000000000015e-03
3.511885000000000190e+01 2.738354000000000135e-03
3.518189999999999884e+01 2.725276999999999908e-03
3.524495000000000289e+01 2.709196000000000087e-03
3.530799999999999983e+01 2.689651999999999842e-03
3.537104999999999677e+01 2.666305999999999798e-03
3.543410000000000082e+01 2.638946999999999994e-03
3.549714999999999776e+01 2.607494000000000131e-03
3.556020000000000181e+01 2.571996000000000004e-03
3.562324999999999875e+01 2.532621999999999998e-03
3.568630000000000280e+01 2.489649999999999936e-03
3.574934999999999974e+01 2.443455000000000193e-03
3.581239999999999668e+01 2.394484000000000109e-03
3.587545000000000073e+01 2.343243999999999969e-03
3.593849999999999767e+01 2.290275000000000036e-03
3.600155000000000172e+01 2.236133999999999865e-03
3.606459999999999866e+01 2.181377999999999876e-03
3.612765000000000271e+01 2.126539000000000207e-03
3.619069999999999965e+01 2.072121000000000119e-03
3.625374999999999659e+01 2.018578999999999946e-03
3.631680000000000064e+01 1.966316000000000071e-03
3.637984999999999758e+01 1.915674000000000023e-03
3.644290000000000163e+01 1.866934999999999905e-03
3.650594999999999857e+01 1.820318000000000023e-03
3.656900000000000261e+01 1.775981000000000044e-03
3.663204999999999956e+01 1.734026999999999964e-03
3.669509999999999650e+01 1.694505999999999920e-03
3.675815000000000055e+01 1.657424000000000007e-03
3.682119999999999749e+01 1.622746999999999905e-03
3.688425000000000153e+01 1.590409000000000093e-03
3.694729999999999848e+01 1.560317999999999991e-03
3.701035000000000252e+01 1.532364000000000035e-03
3.707339999999999947e+01 1.506425000000000038e-03
3.713645000000000351e+01 1.482369999999999998e-03
3.719950000000000045e+01 1.460066000000000098e-03
3.726254999999999740e+01 1.439385999999999964e-03
3.732560000000000144e+01 1.420206000000000029e-03
3.738864999999999839e+01 1.402414000000000048e-03
3.745170000000000243e+01 1.385911000000000087e-03
3.751474999999999937e+01 1.370616999999999973e-03
3.757780000000000342e+01 1.356465999999999965e-03
3.764085000000000036e+01 1.343416000000000055e-03
3.770389999999999731e+01 1.331441999999999955e-03
3.776695000000000135e+01 1.320542999999999977e-03
3.782999999999999829e+01 1.310739000000000001e-03
3.789305000000000234e+01 1.302070000000000007e-03
3.795609999999999928e+01 1.294594999999999947e-03
3.801915000000000333e+01 1.288389000000000027e-03
3.808220000000000027e+01 1.283539999999999898e-03
3.814524999999999721e+01 1.280146000000000018e-03
3.820830000000000126e+01 1.278309000000000042e-03
3.827134999999999820e+01 1.278131000000000059e-03
3.833440000000000225e+01 1.279706999999999937e-03
3.839744999999999919e+01 1.283120000000000007e-03
3.846050000000000324e+01 1.288433999999999977e-03
3.852355000000000018e+01 1.295691000000000074e-03
3.858659999999999712e+01 1.304899999999999897e-03
3.864965000000000117e+01 1.316036999999999936e-03
3.871269999999999811e+01 1.329038000000000051e-03
3.877575000000000216e+01 1.343795999999999966e-03
3.883879999999999910e+01 1.360162000000000046e-03
3.890185000000000315e+01 1.377942999999999963e-03
3.896490000000000009e+01 1.396904000000000028e-03
3.902794999999999703e+01 1.416771999999999953e-03
3.909100000000000108e+01 1.437240999999999909e-03
3.915404999999999802e+01 1.457980999999999904e-03
3.921710000000000207e+01 1.478640999999999940e-03
3.928014999999999901e+01 1.498865999999999957e-03
3.934320000000000306e+01 1.518297999999999957e-03
3.940625000000000000e+01 1.536596000000000099e-03
3.946929999999999694e+01 1.553436000000000053e-03
3.953235000000000099e+01 1.568528999999999930e-03
3.959539999999999793e+01 1.581621000000000068e-03
3.965845000000000198e+01 1.592504999999999919e-03
3.972149999999999892e+01 1.601020999999999998e-03
3.978455000000000297e+01 1.607060999999999906e-03
3.984759999999999991e+01 1.610569000000000063e-03
3.991064999999999685e+01 1.611538000000000033e-03
3.997370000000000090e+01 1.610005999999999981e-03
4.003674999999999784e+01 1.606053000000000081e-03
4.009980000000000189e+01 1.599794000000000086e-03
4.016284999999999883e+01 1.591373000000000093e-03
4.022590000000000288e+01 1.580955999999999898e-03
4.028894999999999982e+01 1.568722999999999949e-03
4.035199999999999676e+01 1.554868000000000049e-03
4.041505000000000081e+01 1.539587999999999937e-03
4.047809999999999775e+01 1.523080000000000007e-03
4.054115000000000180e+01 1.505543999999999936e-03
4.060419999999999874e+01 1.487175999999999993e-03
4.066725000000000279e+01 1.468171000000000103e-03
4.073029999999999973e+01 1.448719999999999912e-03
4.079334999999999667e+01 1.429015999999999967e-03
4.085640000000000072e+01 1.409251000000000037e-03
4.091944999999999766e+01 1.389620000000000048e-03
4.098250000000000171e+01 1.370317999999999927e-03
4.104554999999999865e+01 1.351545999999999911e-03
4.110860000000000269e+01 1.333505000000000020e-03
4.117164999999999964e+01 1.316394999999999935e-03
4.123469999999999658e+01 1.300415000000000078e-03
4.129775000000000063e+01 1.285757999999999910e-03
4.136079999999999757e+01 1.272607999999999942e-03
4.142385000000000161e+01 1.261132000000000095e-03
4.148689999999999856e+01 1.251481999999999942e-03
4.154995000000000260e+01 1.243783000000000041e-03
4.161299999999999955e+01 1.238137000000000048e-03
4.167604999999999649e+01 1.234616000000000012e-03
4.173910000000000053e+01 1.233259999999999912e-03
4.180214999999999748e+01 1.234080000000000029e-03
4.186520000000000152e+01 1.237054999999999925e-03
4.192824999999999847e+01 1.242138000000000053e-03
4.199130000000000251e+01 1.249254999999999897e-03
4.205434999999999945e+01 1.258313000000000053e-03
4.211740000000000350e+01 1.269198000000000028e-03
4.218045000000000044e+01 1.281788000000000068e-03
4.224349999999999739e+01 1.295946999999999984e-03
4.230655000000000143e+01 1.311537999999999897e-03
4.236959999999999837e+01 1.328418000000000047e-03
4.243265000000000242e+01 1.346444999999999934e-03
4.249569999999999936e+01 1.365473999999999985e-03
4.255875000000000341e+01 1.385362000000000008e-03
4.262180000000000035e+01 1.405964999999999906e-03
4.268484999999999729e+01 1.427134999999999949e-03
4.274790000000000134e+01 1.448721999999999944e-03
4.281094999999999828e+01 1.470572000000000068e-03
4.287400000000000233e+01 1.492522999999999940e-03
4.293704999999999927e+01 1.514410000000000105e-03
4.300010000000000332e+01 1.536065000000000087e-03
4.306315000000000026e+01 1.557315999999999995e-03
4.312619999999999720e+01 1.577995999999999913e-03
4.318925000000000125e+01 1.597944999999999921e-03
4.325229999999999819e+01 1.617015999999999983e-03
4.331535000000000224e+01 1.635079000000000003e-03
4.337839999999999918e+01 1.652033000000000017e-03
4.344145000000000323e+01 1.667805999999999976e-03
4.350450000000000017e+01 1.682363999999999995e-03
4.356754999999999711e+01 1.695712999999999951e-03
4.363060000000000116e+01 1.707898999999999919e-03
4.369364999999999810e+01 1.719012000000000014e-03
4.375670000000000215e+01 1.729180000000000083e-03
4.381974999999999909e+01 1.738565000000000076e-03
4.388280000000000314e+01 1.747356000000000039e-03
4.394585000000000008e+01 1.755763000000000029e-03
4.400889999999999702e+01 1.763999999999999943e-03
4.407195000000000107e+01 1.772284000000000055e-03
4.413499999999999801e+01 1.780815000000000045e-03
4.419805000000000206e+01 1.789769999999999989e-03
4.426109999999999900e+01 1.799293999999999893e-03
4.432415000000000305e+01 1.809487999999999938e-03
4.438719999999999999e+01 1.820406000000000107e-03
4.445024999999999693e+01 1.832052999999999937e-03
4.451330000000000098e+01 1.844376999999999909e-03
4.457634999999999792e+01 1.857279000000000091e-03
4.463940000000000197e+01 1.870607000000000042e-03
4.470244999999999891e+01 1.884171000000000023e-03
4.476550000000000296e+01 1.897744999999999944e-03
4.482854999999999990e+01 1.911078000000000082e-03
4.489159999999999684e+01 1.923903000000000028e-03
4.495465000000000089e+01 1.935953000000000023e-03
4.501769999999999783e+01 1.946964999999999937e-03
4.508075000000000188e+01 1.956699000000000112e-03
4.514379999999999882e+01 1.964940999999999997e-03
4.520685000000000286e+01 1.971519000000000136e-03
4.526989999999999981e+01 1.976307999999999971e-03
4.533294999999999675e+01 1.979237999999999918e-03
4.539600000000000080e+01 1.980294999999999972e-03
4.545904999999999774e+01 1.979528999999999837e-03
4.552210000000000178e+01 1.977050000000000161e-03
4.558514999999999873e+01 1.973026000000000120e-03
4.564820000000000277e+01 1.967681000000000204e-03
4.571124999999999972e+01 1.961286000000000019e-03
4.577429999999999666e+01 1.954149999999999984e-03
4.583735000000000070e+01 1.946608000000000062e-03
4.590039999999999765e+01 1.939011999999999940e-03
4.596345000000000169e+01 1.931713000000000050e-03
4.602649999999999864e+01 1.925049999999999982e-03
4.608955000000000268e+01 1.919333000000000063e-03
4.615259999999999962e+01 1.914831000000000085e-03
4.621564999999999657e+01 1.911757999999999947e-03
4.627870000000000061e+01 1.910262999999999935e-03
4.634174999999999756e+01 1.910421999999999945e-03
4.640480000000000160e+01 1.912232000000000038e-03
4.646784999999999854e+01 1.915611000000000006e-03
4.653090000000000259e+01 1.920398000000000027e-03
4.659394999999999953e+01 1.926359000000000101e-03
4.665699999999999648e+01 1.933196999999999997e-03
4.672005000000000052e+01 1.940565999999999906e-03
4.678309999999999746e+01 1.948080000000000037e-03
4.684615000000000151e+01 1.955334999999999886e-03
4.690919999999999845e+01 1.961925000000000214e-03
4.697225000000000250e+01 1.967457000000000147e-03
4.703529999999999944e+01 1.971568999999999839e-03
4.709835000000000349e+01 1.973941999999999797e-03
4.716140000000000043e+01 1.974314000000000017e-03
4.722444999999999737e+01 1.972484000000000043e-03
4.728750000000000142e+01 1.968319999999999965e-03
4.735054999999999836e+01 1.961758999999999985e-03
4.741360000000000241e+01 1.952802000000000010e-03
4.747664999999999935e+01 1.941512000000000055e-03
4.753970000000000340e+01 1.928002999999999965e-03
4.760275000000000034e+01 1.912433000000000058e-03
4.766579999999999728e+01 1.894990999999999950e-03
4.772885000000000133e+01 1.875886999999999910e-03
4.779189999999999827e+01 1.855344000000000090e-03
4.785495000000000232e+01 1.833582999999999958e-03
4.791799999999999926e+01 1.810821000000000002e-03
4.798105000000000331e+01 1.787259999999999934e-03
4.804410000000000025e+01 1.763084999999999956e-03
4.810714999999999719e+01 1.738455999999999986e-03
4.817020000000000124e+01 1.713513999999999966e-03
4.823324999999999818e+01 1.688370999999999926e-03
4.829630000000000223e+01 1.663119999999999920e-03
4.835934999999999917e+01 1.637828000000000027e-03
4.842240000000000322e+01 1.612544000000000043e-03
4.848545000000000016e+01 1.587300000000000039e-03
4.854849999999999710e+01 1.562114000000000081e-03
4.861155000000000115e+01 1.536992000000000046e-03
4.867459999999999809e+01 1.511935999999999966e-03
4.873765000000000214e+01 1.486944000000000026e-03
4.880069999999999908e+01 1.462015000000000103e-03
4.886375000000000313e+01 1.437151000000000010e-03
4.892680000000000007e+01 1.412365999999999969e-03
4.898984999999999701e+01 1.387682000000000108e-03
4.905290000000000106e+01 1.363133000000000096e-03
4.911594999999999800e+01 1.338767999999999946e-03
4.917900000000000205e+01 1.314648999999999983e-03
4.924204999999999899e+01 1.290853000000000009e-03
4.930510000000000304e+01 1.267464000000000047e-03
4.936814999999999998e+01 1.244574999999999935e-03
4.943119999999999692e+01 1.222282000000000099e-03
4.949425000000000097e+01 1.200679000000000069e-03
4.955729999999999791e+01 1.179855999999999960e-03
4.962035000000000196e+01 1.159890999999999917e-03
4.968339999999999890e+01 1.140848000000000079e-03
4.974645000000000294e+01 1.122771999999999963e-03
4.980949999999999989e+01 1.105690000000000102e-03
4.987254999999999683e+01 1.089607999999999939e-03
4.993560000000000088e+01 1.074508999999999968e-03
4.999864999999999782e+01 1.060360999999999899e-03
5.006170000000000186e+01 1.047114000000000031e-03
5.012474999999999881e+01 1.034706000000000037e-03
5.018780000000000285e+01 1.023070000000000056e-03
5.025084999999999980e+01 1.012132000000000006e-03
5.031389999999999674e+01 1.001822000000000086e-03
5.037695000000000078e+01 9.920767999999999948e-04
5.043999999999999773e+01 9.828396999999999134e-04
5.050305000000000177e+01 9.740671000000000442e-04
5.056609999999999872e+01 9.657281000000000415e-04
5.062915000000000276e+01 9.578049000000000155e-04
5.069219999999999970e+01 9.502922000000000018e-04
5.075524999999999665e+01 9.431955999999999587e-04
5.081830000000000069e+01 9.365286999999999700e-04
5.088134999999999764e+01 9.303103999999999757e-04
5.094440000000000168e+01 9.245613999999999872e-04
5.100744999999999862e+01 9.193012000000000405e-04
5.107050000000000267e+01 9.145445000000000527e-04
5.113354999999999961e+01 9.102990999999999730e-04
5.119659999999999656e+01 9.065631000000000210e-04
5.125965000000000060e+01 9.033243000000000479e-04
5.132269999999999754e+01 9.005591000000000290e-04
5.138575000000000159e+01 8.982324000000000298e-04
5.144879999999999853e+01 8.962990000000000323e-04
5.151185000000000258e+01 8.947043999999999917e-04
5.157489999999999952e+01 8.933872000000000037e-04
5.163794999999999646e+01 8.922809999999999769e-04
5.170100000000000051e+01 8.913168000000000176e-04
5.176404999999999745e+01 8.904257000000000491e-04
5.182710000000000150e+01 8.895411000000000203e-04
5.189014999999999844e+01 8.886004000000000515e-04
5.195320000000000249e+01 8.875470000000000321e-04
5.201624999999999943e+01 8.863312000000000360e-04
5.207930000000000348e+01 8.849110999999999783e-04
5.214235000000000042e+01 8.832528000000000080e-04
5.220539999999999736e+01 8.813305000000000011e-04
5.226845000000000141e+01 8.791256000000000114e-04
5.233149999999999835e+01 8.766263999999999524e-04
5.239455000000000240e+01 8.738278000000000365e-04
5.245759999999999934e+01 8.707300000000000066e-04
5.252065000000000339e+01 8.673383999999999695e-04
5.258370000000000033e+01 8.636634000000000021e-04
5.264674999999999727e+01 8.597203000000000093e-04
5.270980000000000132e+01 8.555293000000000489e-04
5.277284999999999826e+01 8.511159999999999603e-04
5.283590000000000231e+01 8.465117000000000084e-04
5.289894999999999925e+01 8.417538999999999707e-04
5.296200000000000330e+01 8.368864999999999638e-04
5.302505000000000024e+01 8.319599000000000438e-04
5.308809999999999718e+01 8.270308000000000303e-04
5.315115000000000123e+01 8.221616999999999858e-04
5.321419999999999817e+01 8.174198999999999831e-04
5.327725000000000222e+01 8.128767999999999758e-04
5.334029999999999916e+01 8.086058999999999825e-04
5.340335000000000321e+01 8.046817999999999636e-04
5.346640000000000015e+01 8.011780000000000464e-04
5.352944999999999709e+01 7.981657000000000075e-04
5.359250000000000114e+01 7.957115000000000065e-04
5.365554999999999808e+01 7.938761000000000342e-04
5.371860000000000213e+01 7.927124999999999493e-04
5.378164999999999907e+01 7.922647000000000109e-04
5.384470000000000312e+01 7.925662999999999675e-04
5.390775000000000006e+01 7.936389000000000291e-04
5.397079999999999700e+01 7.954913999999999779e-04
5.403385000000000105e+01 7.981187999999999521e-04
5.409689999999999799e+01 8.015010999999999620e-04
5.415995000000000203e+01 8.056032999999999987e-04
5.422299999999999898e+01 8.103747000000000120e-04
5.428605000000000302e+01 8.157493000000000469e-04
5.434909999999999997e+01 8.216462999999999805e-04
5.441214999999999691e+01 8.279717999999999930e-04
5.447520000000000095e+01 8.346200000000000016e-04
5.453824999999999790e+01 8.414765000000000265e-04
5.460130000000000194e+01 8.484205999999999996e-04
5.466434999999999889e+01 8.553293999999999698e-04
5.472740000000000293e+01 8.620817000000000237e-04
5.479044999999999987e+01 8.685614999999999612e-04
5.485349999999999682e+01 8.746621000000000430e-04
5.491655000000000086e+01 8.802897999999999756e-04
5.497959999999999781e+01 8.853659999999999525e-04
5.504265000000000185e+01 8.898302000000000512e-04
5.510569999999999879e+01 8.936400000000000159e-04
5.516875000000000284e+01 8.967715000000000452e-04
5.523179999999999978e+01 8.992175999999999945e-04
5.529484999999999673e+01 9.009861999999999559e-04
5.535790000000000077e+01 9.020966000000000054e-04
5.542094999999999771e+01 9.025755000000000323e-04
5.548400000000000176e+01 9.024528999999999667e-04
5.554704999999999870e+01 9.017578000000000486e-04
5.561010000000000275e+01 9.005140999999999710e-04
5.567314999999999969e+01 8.987370000000000385e-04
5.573619999999999663e+01 8.964303999999999545e-04
5.579925000000000068e+01 8.935856000000000051e-04
5.586229999999999762e+01 8.901806999999999862e-04
5.592535000000000167e+01 8.861814000000000193e-04
5.598839999999999861e+01 8.815429000000000060e-04
5.605145000000000266e+01 8.762123000000000134e-04
5.611449999999999960e+01 8.701327000000000454e-04
5.617754999999999654e+01 8.632464000000000500e-04
5.624060000000000059e+01 8.554991000000000505e-04
5.630364999999999753e+01 8.468433000000000037e-04
5.636670000000000158e+01 8.372416999999999837e-04
5.642974999999999852e+01 8.266699000000000182e-04
5.649280000000000257e+01 8.151175999999999561e-04
5.655584999999999951e+01 8.025896999999999502e-04
5.661889999999999645e+01 7.891063999999999501e-04
5.668195000000000050e+01 7.747022000000000110e-04
5.674499999999999744e+01 7.594242000000000397e-04
5.680805000000000149e+01 7.433309000000000357e-04
5.687109999999999843e+01 7.264891000000000100e-04
5.693415000000000248e+01 7.089721000000000217e-04
5.699719999999999942e+01 6.908571000000000503e-04
5.706025000000000347e+01 6.722234999999999582e-04
5.712330000000000041e+01 6.531510000000000354e-04
5.718634999999999735e+01 6.337181000000000541e-04
5.724940000000000140e+01 6.140017000000000001e-04
5.731244999999999834e+01 5.940763000000000163e-04
5.737550000000000239e+01 5.740142000000000378e-04
5.743854999999999933e+01 5.538856000000000421e-04
5.750160000000000338e+01 5.337595999999999574e-04
5.756465000000000032e+01 5.137043999999999465e-04
5.762769999999999726e+01 4.937881999999999558e-04
5.769075000000000131e+01 4.740799000000000076e-04
5.775379999999999825e+01 4.546492000000000176e-04
5.781685000000000230e+01 4.355669000000000055e-04
5.787989999999999924e+01 4.169045000000000129e-04
5.794295000000000329e+01 3.987336000000000070e-04
5.800600000000000023e+01 3.811247000000000137e-04
5.806904999999999717e+01 2.877019999999999773e-04
