-5.013189999999999813e+00 0.000000000000000000e+00
-4.985644999999999882e+00 0.000000000000000000e+00
-4.958099999999999952e+00 0.000000000000000000e+00
-4.930555000000000021e+00 0.000000000000000000e+00
-4.903010000000000090e+00 0.000000000000000000e+00
-4.875465000000000160e+00 0.000000000000000000e+00
-4.847920000000000229e+00 0.000000000000000000e+00
-4.820375000000000298e+00 0.000000000000000000e+00
-4.792830000000000368e+00 0.000000000000000000e+00
-4.765285000000000437e+00 0.000000000000000000e+00
-4.737739999999999618e+00 0.000000000000000000e+00
-4.710194999999999688e+00 0.000000000000000000e+00
-4.682649999999999757e+00 0.000000000000000000e+00
-4.655104999999999826e+00 0.000000000000000000e+00
-4.627559999999999896e+00 0.000000000000000000e+00
-4.600014999999999965e+00 0.000000000000000000e+00
-4.572470000000000034e+00 0.000000000000000000e+00
-4.544925000000000104e+00 0.000000000000000000e+00
-4.517380000000000173e+00 0.000000000000000000e+00
-4.489835000000000242e+00 0.000000000000000000e+00
-4.462290000000000312e+00 0.000000000000000000e+00
-4.434745000000000381e+00 0.000000000000000000e+00
-4.407199999999999562e+00 0.000000000000000000e+00
-4.379654999999999632e+00 0.000000000000000000e+00
-4.352109999999999701e+00 0.000000000000000000e+00
-4.324564999999999770e+00 0.000000000000000000e+00
-4.297019999999999840e+00 0.000000000000000000e+00
-4.269474999999999909e+00 0.000000000000000000e+00
-4.241929999999999978e+00 0.000000000000000000e+00
-4.214385000000000048e+00 0.000000000000000000e+00
-4.186840000000000117e+00 0.000000000000000000e+00
-4.159295000000000186e+00 0.000000000000000000e+00
-4.131750000000000256e+00 0.000000000000000000e+00
-4.104205000000000325e+00 0.000000000000000000e+00
-4.076660000000000394e+00 0.000000000000000000e+00
-4.049114999999999576e+00 0.000000000000000000e+00
-4.021569999999999645e+00 0.000000000000000000e+00
-3.994025000000000158e+00 0.000000000000000000e+00
-3.966479999999999784e+00 0.000000000000000000e+00
-3.938934999999999853e+00 0.000000000000000000e+00
-3.911389999999999922e+00 0.000000000000000000e+00
-3.883844999999999992e+00 0.000000000000000000e+00
-3.856300000000000061e+00 0.000000000000000000e+00
-3.828755000000000130e+00 0.000000000000000000e+00
-3.801210000000000200e+00 0.000000000000000000e+00
-3.773664999999999825e+00 0.000000000000000000e+00
-3.746119999999999894e+00 0.000000000000000000e+00
-3.718574999999999964e+00 0.000000000000000000e+00
-3.691030000000000033e+00 0.000000000000000000e+00
-3.663485000000000102e+00 0.000000000000000000e+00
-3.635940000000000172e+00 0.000000000000000000e+00
-3.608394999999999797e+00 0.000000000000000000e+00
-3.580849999999999866e+00 0.000000000000000000e+00
-3.553304999999999936e+00 0.000000000000000000e+00
-3.525760000000000005e+00 0.000000000000000000e+00
-3.498215000000000074e+00 0.000000000000000000e+00
-3.470670000000000144e+00 0.000000000000000000e+00
-3.443125000000000213e+00 0.000000000000000000e+00
-3.415579999999999838e+00 0.000000000000000000e+00
-3.388034999999999908e+00 0.000000000000000000e+00
-3.360489999999999977e+00 0.000000000000000000e+00
-3.332945000000000046e+00 0.000000000000000000e+00
-3.305400000000000116e+00 0.000000000000000000e+00
-3.277855000000000185e+00 0.000000000000000000e+00
-3.250309999999999810e+00 0.000000000000000000e+00
-3.222764999999999880e+00 0.000000000000000000e+00
-3.195219999999999949e+00 0.000000000000000000e+00
-3.167675000000000018e+00 0.000000000000000000e+00
-3.140130000000000088e+00 0.000000000000000000e+00
-3.112585000000000157e+00 0.000000000000000000e+00
-3.085039999999999782e+00 0.000000000000000000e+00
-3.057494999999999852e+00 0.000000000000000000e+00
-3.029949999999999921e+00 5.316374000000000361e-09
-3.002404999999999990e+00 7.847269000000000439e-09
-2.974860000000000060e+00 1.164938999999999920e-08
-2.947315000000000129e+00 1.634426000000000080e-08
-2.919770000000000199e+00 2.287256000000000110e-08
-2.892224999999999824e+00 3.179870999999999927e-08
-2.864679999999999893e+00 4.384893999999999851e-08
-2.837134999999999962e+00 6.015591000000000387e-08
-2.809590000000000032e+00 8.246782000000000319e-08
-2.782045000000000101e+00 1.125322999999999945e-07
-2.754500000000000171e+00 1.529087999999999987e-07
-2.726954999999999796e+00 2.072203000000000017e-07
-2.699409999999999865e+00 2.798252999999999825e-07
-2.671864999999999934e+00 3.767465999999999836e-07
-2.644320000000000004e+00 5.055710999999999603e-07
-2.616775000000000073e+00 6.763775999999999487e-07
-2.589230000000000143e+00 9.021460999999999496e-07
-2.561685000000000212e+00 1.199635000000000035e-06
-2.534139999999999837e+00 1.590389999999999989e-06
-2.506594999999999906e+00 2.102038999999999967e-06
-2.479049999999999976e+00 2.769932999999999793e-06
-2.451505000000000045e+00 3.638996000000000116e-06
-2.423960000000000115e+00 4.766296000000000317e-06
-2.396415000000000184e+00 6.224005000000000390e-06
-2.368869999999999809e+00 8.103022000000000360e-06
-2.341324999999999878e+00 1.051753999999999993e-05
-2.313779999999999948e+00 1.361037000000000061e-05
-2.286235000000000017e+00 1.755961999999999841e-05
-2.258690000000000087e+00 2.258655999999999877e-05
-2.231145000000000156e+00 2.896509000000000087e-05
-2.203599999999999781e+00 3.703310000000000293e-05
-2.176054999999999851e+00 4.720582000000000266e-05
-2.148509999999999920e+00 5.999175000000000037e-05
-2.120964999999999989e+00 7.601131999999999648e-05
-2.093420000000000059e+00 9.601871999999999740e-05
-2.065875000000000128e+00 1.209274000000000037e-04
-2.038330000000000197e+00 1.518395000000000020e-04
-2.010784999999999823e+00 1.900801000000000031e-04
-1.983239999999999892e+00 2.372358000000000030e-04
-1.955694999999999961e+00 2.951995999999999917e-04
-1.928150000000000031e+00 3.662213999999999899e-04
-1.900605000000000100e+00 4.529642999999999755e-04
-1.873059999999999947e+00 5.585692000000000391e-04
-1.845515000000000017e+00 6.867253000000000029e-04
-1.817970000000000086e+00 8.417484000000000468e-04
-1.790424999999999933e+00 1.028667999999999944e-03
-1.762880000000000003e+00 1.253318999999999918e-03
-1.735335000000000072e+00 1.522446999999999906e-03
-1.707789999999999919e+00 1.843814999999999951e-03
-1.680244999999999989e+00 2.226316999999999793e-03
-1.652700000000000058e+00 2.680103999999999993e-03
-1.625154999999999905e+00 3.216707999999999981e-03
-1.597609999999999975e+00 3.849172000000000097e-03
-1.570065000000000044e+00 4.592180999999999867e-03
-1.542519999999999891e+00 5.462192999999999736e-03
-1.514974999999999961e+00 6.477565999999999706e-03
-1.487430000000000030e+00 7.658675999999999678e-03
-1.459885000000000099e+00 9.028032000000000071e-03
-1.432339999999999947e+00 1.061036999999999918e-02
-1.404795000000000016e+00 1.243271999999999954e-02
-1.377250000000000085e+00 1.452447999999999934e-02
-1.349704999999999933e+00 1.691743000000000066e-02
-1.322160000000000002e+00 1.964571999999999846e-02
-1.294615000000000071e+00 2.274581999999999993e-02
-1.267069999999999919e+00 2.625645999999999883e-02
-1.239524999999999988e+00 3.021843000000000098e-02
-1.211980000000000057e+00 3.467444000000000082e-02
-1.184434999999999905e+00 3.966883999999999688e-02
-1.156889999999999974e+00 4.524729000000000251e-02
-1.129345000000000043e+00 5.145638000000000295e-02
-1.101799999999999891e+00 5.834318000000000143e-02
-1.074254999999999960e+00 6.595473999999999781e-02
-1.046710000000000029e+00 7.433742999999999601e-02
-1.019165000000000099e+00 8.353634000000000059e-02
-9.916199999999999459e-01 9.359454000000000384e-02
-9.640750000000000153e-01 1.045523000000000008e-01
-9.365299999999999736e-01 1.164461999999999997e-01
-9.089850000000000430e-01 1.293083999999999900e-01
-8.814400000000000013e-01 1.431655000000000011e-01
-8.538949999999999596e-01 1.580380999999999869e-01
-8.263500000000000290e-01 1.739392999999999911e-01
-7.988049999999999873e-01 1.908740999999999910e-01
-7.712599999999999456e-01 2.088386000000000131e-01
-7.437150000000000150e-01 2.278191999999999995e-01
-7.161699999999999733e-01 2.477916000000000007e-01
-6.886250000000000426e-01 2.687206999999999790e-01
-6.610800000000000010e-01 2.905594000000000232e-01
-6.335349999999999593e-01 3.132489999999999997e-01
-6.059900000000000286e-01 3.367181000000000202e-01
-5.784449999999999870e-01 3.608835000000000237e-01
-5.508999999999999453e-01 3.856495999999999813e-01
-5.233550000000000146e-01 4.109090000000000242e-01
-4.958099999999999730e-01 4.365432000000000201e-01
-4.682649999999999868e-01 4.624229000000000256e-01
-4.407200000000000006e-01 4.884092999999999907e-01
-4.131750000000000145e-01 5.143552000000000124e-01
-3.856299999999999728e-01 5.401061000000000334e-01
-3.580849999999999866e-01 5.655019000000000018e-01
-3.305400000000000005e-01 5.903787000000000340e-01
-3.029950000000000143e-01 6.145699999999999497e-01
-2.754499999999999726e-01 6.379091999999999540e-01
-2.479049999999999865e-01 6.602312999999999654e-01
-2.203600000000000003e-01 6.813751999999999587e-01
-1.928149999999999864e-01 7.011849999999999472e-01
-1.652700000000000002e-01 7.195129999999999582e-01
-1.377249999999999863e-01 7.362208000000000085e-01
-1.101800000000000002e-01 7.511816000000000049e-01
-8.263500000000000012e-02 7.642818000000000112e-01
-5.509000000000000008e-02 7.754223000000000088e-01
-2.754500000000000004e-02 7.845204999999999540e-01
0.000000000000000000e+00 7.915103999999999473e-01
2.754500000000000004e-02 7.963447000000000164e-01
5.509000000000000008e-02 7.989941999999999878e-01
8.263500000000000012e-02 7.994489999999999652e-01
1.101800000000000002e-01 7.977184999999999970e-01
1.377249999999999863e-01 7.938304999999999945e-01
1.652700000000000002e-01 7.878317000000000236e-01
1.928149999999999864e-01 7.797861999999999849e-01
2.203600000000000003e-01 7.697747999999999813e-01
2.479049999999999865e-01 7.578939000000000092e-01
2.754499999999999726e-01 7.442539999999999711e-01
3.029950000000000143e-01 7.289778000000000091e-01
3.305400000000000005e-01 7.121992000000000322e-01
3.580849999999999866e-01 6.940608000000000333e-01
3.856299999999999728e-01 6.747121999999999842e-01
4.131750000000000145e-01 6.543084999999999596e-01
4.407200000000000006e-01 6.330076000000000036e-01
4.682649999999999868e-01 6.109689000000000370e-01
4.958099999999999730e-01 5.883513000000000215e-01
5.233550000000000146e-01 5.653114000000000194e-01
5.508999999999999453e-01 5.420019000000000364e-01
5.784449999999999870e-01 5.185701999999999812e-01
6.059900000000000286e-01 4.951567000000000052e-01
6.335349999999999593e-01 4.718942999999999888e-01
6.610800000000000010e-01 4.489067999999999947e-01
6.886250000000000426e-01 4.263082999999999734e-01
7.161699999999999733e-01 4.042027000000000259e-01
7.437150000000000150e-01 3.826828999999999925e-01
7.712599999999999456e-01 3.618313000000000224e-01
7.988049999999999873e-01 3.417185999999999835e-01
8.263500000000000290e-01 3.224048999999999943e-01
8.538949999999999596e-01 3.039392000000000205e-01
8.814400000000000013e-01 2.863602000000000092e-01
9.089850000000000430e-01 2.696962999999999999e-01
9.365299999999999736e-01 2.539665999999999868e-01
9.640750000000000153e-01 2.391810000000000047e-01
9.916199999999999459e-01 2.253413999999999973e-01
1.019165000000000099e+00 2.124419999999999920e-01
1.046710000000000029e+00 2.004701000000000122e-01
1.074254999999999960e+00 1.894071999999999978e-01
1.101799999999999891e+00 1.792293000000000081e-01
1.129345000000000043e+00 1.699076999999999948e-01
1.156889999999999974e+00 1.614099999999999979e-01
1.184434999999999905e+00 1.537006999999999957e-01
1.211980000000000057e+00 1.467413999999999941e-01
1.239524999999999988e+00 1.404922000000000115e-01
1.267069999999999919e+00 1.349113999999999869e-01
1.294615000000000071e+00 1.299567000000000083e-01
1.322160000000000002e+00 1.255852000000000079e-01
1.349704999999999933e+00 1.217541000000000040e-01
1.377250000000000085e+00 1.184209999999999985e-01
1.404795000000000016e+00 1.155439000000000049e-01
1.432339999999999947e+00 1.130820000000000020e-01
1.459885000000000099e+00 1.109957000000000027e-01
1.487430000000000030e+00 1.092464999999999964e-01
1.514974999999999961e+00 1.077975999999999934e-01
1.542519999999999891e+00 1.066138999999999976e-01
1.570065000000000044e+00 1.056620000000000059e-01
1.597609999999999975e+00 1.049101999999999951e-01
1.625154999999999905e+00 1.043289000000000022e-01
1.652700000000000058e+00 1.038903999999999939e-01
1.680244999999999989e+00 1.035688000000000025e-01
1.707789999999999919e+00 1.033401000000000042e-01
1.735335000000000072e+00 1.031824999999999964e-01
1.762880000000000003e+00 1.030758999999999981e-01
1.790424999999999933e+00 1.030019999999999963e-01
1.817970000000000086e+00 1.029447000000000001e-01
1.845515000000000017e+00 1.028892000000000001e-01
1.873059999999999947e+00 1.028227000000000030e-01
1.900605000000000100e+00 1.027340000000000059e-01
1.928150000000000031e+00 1.026135999999999993e-01
1.955694999999999961e+00 1.024534000000000000e-01
1.983239999999999892e+00 1.022466000000000069e-01
2.010784999999999823e+00 1.019879000000000063e-01
2.038330000000000197e+00 1.016733999999999971e-01
2.065875000000000128e+00 1.012998999999999983e-01
2.093420000000000059e+00 1.008658000000000055e-01
2.120964999999999989e+00 1.003701000000000038e-01
2.148509999999999920e+00 9.981275000000000563e-02
2.176054999999999851e+00 9.919456999999999580e-02
2.203599999999999781e+00 9.851696999999999538e-02
2.231145000000000156e+00 9.778196000000000110e-02
2.258690000000000087e+00 9.699204000000000159e-02
2.286235000000000017e+00 9.615012000000000558e-02
2.313779999999999948e+00 9.525941999999999743e-02
2.341324999999999878e+00 9.432340000000000169e-02
2.368869999999999809e+00 9.334568999999999506e-02
2.396415000000000184e+00 9.233001000000000402e-02
2.423960000000000115e+00 9.128013000000000099e-02
2.451505000000000045e+00 9.019979999999999665e-02
2.479049999999999976e+00 8.909267999999999355e-02
2.506594999999999906e+00 8.796236000000000332e-02
2.534139999999999837e+00 8.681228000000000555e-02
2.561685000000000212e+00 8.564570999999999990e-02
2.589230000000000143e+00 8.446573999999999749e-02
2.616775000000000073e+00 8.327526000000000372e-02
2.644320000000000004e+00 8.207696999999999909e-02
2.671864999999999934e+00 8.087332999999999328e-02
2.699409999999999865e+00 7.966663000000000217e-02
2.726954999999999796e+00 7.845894000000000479e-02
2.754500000000000171e+00 7.725215000000000554e-02
2.782045000000000101e+00 7.604795999999999778e-02
2.809590000000000032e+00 7.484792999999999308e-02
2.837134999999999962e+00 7.365344999999999531e-02
2.864679999999999893e+00 7.246579999999999688e-02
2.892224999999999824e+00 7.128615000000000645e-02
2.919770000000000199e+00 7.011557999999999680e-02
2.947315000000000129e+00 6.895508000000000193e-02
2.974860000000000060e+00 6.780559999999999365e-02
3.002404999999999990e+00 6.666803999999999786e-02
3.029949999999999921e+00 6.554326000000000596e-02
3.057494999999999852e+00 6.443211000000000077e-02
3.085039999999999782e+00 6.333545000000000147e-02
3.112585000000000157e+00 6.225411000000000139e-02
3.140130000000000088e+00 6.118893000000000248e-02
3.167675000000000018e+00 6.014077999999999785e-02
3.195219999999999949e+00 5.911050000000000332e-02
3.222764999999999880e+00 5.809898000000000146e-02
3.250309999999999810e+00 5.710708999999999924e-02
3.277855000000000185e+00 5.613569999999999671e-02
3.305400000000000116e+00 5.518569999999999726e-02
3.332945000000000046e+00 5.425793999999999756e-02
3.360489999999999977e+00 5.335328999999999766e-02
3.388034999999999908e+00 5.247256000000000142e-02
3.415579999999999838e+00 5.161655999999999883e-02
3.443125000000000213e+00 5.078603999999999757e-02
3.470670000000000144e+00 4.998170999999999864e-02
3.498215000000000074e+00 4.920421999999999990e-02
3.525760000000000005e+00 4.845416000000000306e-02
3.553304999999999936e+00 4.773204000000000335e-02
3.580849999999999866e+00 4.703829999999999817e-02
3.608394999999999797e+00 4.637328999999999757e-02
3.635940000000000172e+00 4.573728999999999989e-02
3.663485000000000102e+00 4.513046999999999892e-02
3.691030000000000033e+00 4.455291000000000112e-02
3.718574999999999964e+00 4.400459999999999788e-02
3.746119999999999894e+00 4.348541999999999685e-02
3.773664999999999825e+00 4.299516999999999922e-02
3.801210000000000200e+00 4.253355000000000330e-02
3.828755000000000130e+00 4.210015999999999758e-02
3.856300000000000061e+00 4.169451999999999880e-02
3.883844999999999992e+00 4.131607000000000335e-02
3.911389999999999922e+00 4.096417000000000114e-02
3.938934999999999853e+00 4.063809000000000171e-02
3.966479999999999784e+00 4.033706000000000097e-02
3.994025000000000158e+00 4.006023000000000223e-02
4.021569999999999645e+00 3.980670000000000042e-02
4.049114999999999576e+00 3.957552999999999765e-02
4.076660000000000394e+00 3.936575999999999964e-02
4.104205000000000325e+00 3.917636000000000035e-02
4.131750000000000256e+00 3.900631000000000237e-02
4.159295000000000186e+00 3.885456000000000326e-02
4.186840000000000117e+00 3.872006000000000059e-02
4.214385000000000048e+00 3.860175999999999885e-02
4.241929999999999978e+00 3.849861000000000255e-02
4.269474999999999909e+00 3.840956000000000231e-02
4.297019999999999840e+00 3.833360000000000239e-02
4.324564999999999770e+00 3.826972000000000013e-02
4.352109999999999701e+00 3.821693000000000312e-02
4.379654999999999632e+00 3.817427999999999794e-02
4.407199999999999562e+00 3.814083000000000057e-02
4.434745000000000381e+00 3.811567999999999901e-02
4.462290000000000312e+00 3.809793999999999681e-02
4.489835000000000242e+00 3.808676999999999896e-02
4.517380000000000173e+00 3.808134999999999992e-02
4.544925000000000104e+00 3.808084999999999942e-02
4.572470000000000034e+00 3.808451000000000197e-02
4.600014999999999965e+00 3.809155999999999653e-02
4.627559999999999896e+00 3.810124000000000150e-02
4.655104999999999826e+00 3.811280999999999697e-02
4.682649999999999757e+00 3.812555000000000111e-02
4.710194999999999688e+00 3.813870999999999928e-02
4.737739999999999618e+00 3.815157000000000270e-02
4.765285000000000437e+00 3.816338999999999843e-02
4.792830000000000368e+00 3.817343000000000125e-02
4.820375000000000298e+00 3.818093999999999655e-02
4.847920000000000229e+00 3.818516000000000271e-02
4.875465000000000160e+00 3.818531000000000009e-02
4.903010000000000090e+00 3.818060999999999677e-02
4.930555000000000021e+00 3.817025000000000279e-02
4.958099999999999952e+00 3.815343000000000206e-02
4.985644999999999882e+00 3.812932000000000127e-02
5.013189999999999813e+00 3.809709000000000012e-02
5.040734999999999744e+00 3.805592000000000003e-02
5.068279999999999674e+00 3.800498000000000071e-02
5.095824999999999605e+00 3.794344000000000189e-02
5.123370000000000424e+00 3.787050000000000138e-02
5.150915000000000354e+00 3.778536999999999868e-02
5.178460000000000285e+00 3.768728999999999829e-02
5.206005000000000216e+00 3.757553000000000282e-02
5.233550000000000146e+00 3.744940000000000074e-02
5.261095000000000077e+00 3.730827999999999922e-02
5.288640000000000008e+00 3.715159999999999990e-02
5.316184999999999938e+00 3.697883999999999893e-02
5.343729999999999869e+00 3.678958000000000228e-02
5.371274999999999800e+00 3.658346999999999988e-02
5.398819999999999730e+00 3.636024000000000200e-02
5.426364999999999661e+00 3.611973999999999740e-02
5.453909999999999592e+00 3.586190000000000211e-02
5.481455000000000410e+00 3.558676999999999674e-02
5.509000000000000341e+00 3.529448999999999781e-02
5.536545000000000272e+00 3.498532000000000031e-02
5.564090000000000202e+00 3.465965000000000018e-02
5.591635000000000133e+00 3.431793999999999817e-02
5.619180000000000064e+00 3.396079999999999932e-02
5.646724999999999994e+00 3.358893000000000295e-02
5.674269999999999925e+00 3.320313999999999904e-02
5.701814999999999856e+00 3.280434000000000128e-02
5.729359999999999786e+00 3.239352000000000203e-02
5.756904999999999717e+00 3.197178999999999993e-02
5.784449999999999648e+00 3.154031000000000196e-02
5.811994999999999578e+00 3.110034999999999883e-02
5.839540000000000397e+00 3.065319999999999850e-02
5.867085000000000328e+00 3.020025000000000140e-02
5.894630000000000258e+00 2.974291000000000088e-02
5.922175000000000189e+00 2.928265999999999855e-02
5.949720000000000120e+00 2.882099999999999940e-02
5.977265000000000050e+00 2.835945000000000132e-02
6.004809999999999981e+00 2.789956000000000033e-02
6.032354999999999912e+00 2.744291000000000091e-02
6.059899999999999842e+00 2.699106000000000075e-02
6.087444999999999773e+00 2.654559999999999906e-02
6.114989999999999704e+00 2.610811000000000034e-02
6.142534999999999634e+00 2.568018999999999857e-02
6.170079999999999565e+00 2.526342999999999991e-02
6.197625000000000384e+00 2.485942999999999833e-02
6.225170000000000314e+00 2.446978000000000000e-02
6.252715000000000245e+00 2.409611000000000045e-02
6.280260000000000176e+00 2.374002999999999877e-02
6.307805000000000106e+00 2.340317999999999912e-02
6.335350000000000037e+00 2.308721999999999858e-02
6.362894999999999968e+00 2.279383999999999924e-02
6.390439999999999898e+00 2.252472999999999975e-02
6.417984999999999829e+00 2.228165999999999827e-02
6.445529999999999760e+00 2.206639000000000170e-02
6.473074999999999690e+00 2.188073000000000101e-02
6.500619999999999621e+00 2.172653000000000084e-02
6.528165000000000440e+00 2.160567000000000043e-02
6.555710000000000370e+00 2.152004999999999890e-02
6.583255000000000301e+00 2.147158000000000053e-02
6.610800000000000232e+00 2.146220999999999893e-02
6.638345000000000162e+00 2.149384000000000017e-02
6.665890000000000093e+00 2.156836999999999990e-02
6.693435000000000024e+00 2.168764999999999929e-02
6.720979999999999954e+00 2.185344999999999996e-02
6.748524999999999885e+00 2.206746000000000055e-02
6.776069999999999816e+00 2.233121000000000064e-02
6.803614999999999746e+00 2.264609999999999887e-02
6.831159999999999677e+00 2.301330000000000042e-02
6.858704999999999607e+00 2.343376999999999960e-02
6.886250000000000426e+00 2.390814999999999954e-02
6.913795000000000357e+00 2.443680999999999978e-02
6.941340000000000288e+00 2.501971999999999877e-02
6.968885000000000218e+00 2.565647999999999887e-02
6.996430000000000149e+00 2.634623000000000173e-02
7.023975000000000080e+00 2.708767000000000119e-02
7.051520000000000010e+00 2.787898000000000112e-02
7.079064999999999941e+00 2.871780999999999986e-02
7.106609999999999872e+00 2.960128000000000065e-02
7.134154999999999802e+00 3.052596000000000129e-02
7.161699999999999733e+00 3.148783000000000137e-02
7.189244999999999663e+00 3.248232999999999676e-02
7.216789999999999594e+00 3.350435999999999692e-02
7.244335000000000413e+00 3.454829000000000233e-02
7.271880000000000344e+00 3.560797999999999741e-02
7.299425000000000274e+00 3.667684999999999695e-02
7.326970000000000205e+00 3.774791999999999731e-02
7.354515000000000136e+00 3.881385999999999864e-02
7.382060000000000066e+00 3.986706999999999751e-02
7.409604999999999997e+00 4.089972000000000052e-02
7.437149999999999928e+00 4.190390000000000087e-02
7.464694999999999858e+00 4.287164000000000252e-02
7.492239999999999789e+00 4.379504000000000036e-02
7.519784999999999719e+00 4.466633999999999882e-02
7.547329999999999650e+00 4.547803000000000262e-02
7.574874999999999581e+00 4.622296000000000044e-02
7.602420000000000400e+00 4.689439000000000107e-02
7.629965000000000330e+00 4.748610999999999804e-02
7.657510000000000261e+00 4.799251999999999685e-02
7.685055000000000192e+00 4.840868999999999728e-02
7.712600000000000122e+00 4.873043999999999987e-02
7.740145000000000053e+00 4.895439000000000040e-02
7.767689999999999984e+00 4.907799999999999663e-02
7.795234999999999914e+00 4.909961999999999660e-02
7.822779999999999845e+00 4.901849999999999957e-02
7.850324999999999775e+00 4.883478000000000124e-02
7.877869999999999706e+00 4.854951999999999879e-02
7.905414999999999637e+00 4.816465000000000329e-02
7.932959999999999567e+00 4.768296000000000340e-02
7.960505000000000386e+00 4.710803999999999686e-02
7.988050000000000317e+00 4.644423000000000301e-02
8.015594999999999359e+00 4.569658000000000053e-02
8.043139999999999290e+00 4.487072000000000283e-02
8.070684999999999221e+00 4.397285000000000083e-02
8.098229999999999151e+00 4.300959000000000032e-02
8.125775000000000858e+00 4.198794000000000137e-02
8.153320000000000789e+00 4.091515999999999903e-02
8.180865000000000720e+00 3.979868999999999768e-02
8.208410000000000650e+00 3.864605000000000123e-02
8.235955000000000581e+00 3.746474999999999805e-02
8.263500000000000512e+00 3.626222999999999946e-02
8.291045000000000442e+00 3.504573999999999884e-02
8.318590000000000373e+00 3.382228000000000318e-02
8.346135000000000304e+00 3.259858000000000200e-02
8.373680000000000234e+00 3.138095999999999941e-02
8.401225000000000165e+00 3.017533999999999841e-02
8.428770000000000095e+00 2.898720999999999937e-02
8.456315000000000026e+00 2.782153000000000057e-02
8.483859999999999957e+00 2.668277000000000149e-02
8.511404999999999887e+00 2.557488999999999943e-02
8.538949999999999818e+00 2.450132000000000004e-02
8.566494999999999749e+00 2.346494000000000010e-02
8.594039999999999679e+00 2.246814999999999923e-02
8.621584999999999610e+00 2.151285000000000003e-02
8.649129999999999541e+00 2.060046999999999920e-02
8.676674999999999471e+00 1.973199000000000133e-02
8.704219999999999402e+00 1.890798000000000131e-02
8.731764999999999333e+00 1.812864000000000142e-02
8.759309999999999263e+00 1.739384999999999890e-02
8.786854999999999194e+00 1.670316999999999982e-02
8.814399999999999125e+00 1.605592000000000130e-02
8.841945000000000832e+00 1.545119000000000006e-02
8.869490000000000762e+00 1.488790000000000079e-02
8.897035000000000693e+00 1.436482000000000037e-02
8.924580000000000624e+00 1.388062999999999970e-02
8.952125000000000554e+00 1.343393000000000018e-02
8.979670000000000485e+00 1.302326999999999999e-02
9.007215000000000416e+00 1.264719000000000086e-02
9.034760000000000346e+00 1.230424999999999922e-02
9.062305000000000277e+00 1.199302000000000007e-02
9.089850000000000207e+00 1.171212999999999942e-02
9.117395000000000138e+00 1.146026999999999983e-02
9.144940000000000069e+00 1.123620999999999995e-02
9.172484999999999999e+00 1.103876999999999983e-02
9.200029999999999930e+00 1.086688000000000064e-02
9.227574999999999861e+00 1.071956999999999945e-02
9.255119999999999791e+00 1.059591999999999999e-02
9.282664999999999722e+00 1.049513000000000008e-02
9.310209999999999653e+00 1.041647000000000059e-02
9.337754999999999583e+00 1.035927000000000028e-02
9.365299999999999514e+00 1.032294999999999914e-02
9.392844999999999445e+00 1.030699000000000025e-02
9.420389999999999375e+00 1.031091999999999946e-02
9.447934999999999306e+00 1.033429999999999939e-02
9.475479999999999237e+00 1.037675000000000056e-02
9.503024999999999167e+00 1.043789000000000002e-02
9.530570000000000874e+00 1.051736999999999984e-02
9.558115000000000805e+00 1.061485000000000033e-02
9.585660000000000736e+00 1.072997000000000013e-02
9.613205000000000666e+00 1.086237999999999961e-02
9.640750000000000597e+00 1.101169999999999927e-02
9.668295000000000528e+00 1.117752999999999976e-02
9.695840000000000458e+00 1.135944000000000016e-02
9.723385000000000389e+00 1.155695999999999980e-02
9.750930000000000319e+00 1.176959999999999985e-02
9.778475000000000250e+00 1.199681000000000011e-02
9.806020000000000181e+00 1.223800000000000061e-02
9.833565000000000111e+00 1.249252999999999995e-02
9.861110000000000042e+00 1.275974000000000032e-02
9.888654999999999973e+00 1.303890000000000084e-02
9.916199999999999903e+00 1.332925000000000082e-02
9.943744999999999834e+00 1.362998999999999981e-02
9.971289999999999765e+00 1.394026999999999940e-02
9.998834999999999695e+00 1.425921999999999953e-02
1.002637999999999963e+01 1.458593000000000042e-02
1.005391999999999975e+01 1.491948000000000059e-02
1.008146999999999949e+01 1.525891000000000053e-02
1.010900999999999961e+01 1.560325000000000080e-02
1.013655999999999935e+01 1.595152999999999849e-02
1.016409999999999947e+01 1.630275999999999947e-02
1.019164999999999921e+01 1.665594999999999923e-02
1.021918999999999933e+01 1.701012999999999831e-02
1.024674000000000085e+01 1.736431999999999906e-02
1.027429000000000059e+01 1.771756999999999846e-02
1.030183000000000071e+01 1.806895999999999849e-02
1.032938000000000045e+01 1.841757000000000116e-02
1.035692000000000057e+01 1.876252000000000128e-02
1.038447000000000031e+01 1.910297000000000037e-02
1.041201000000000043e+01 1.943809999999999982e-02
1.043956000000000017e+01 1.976715999999999890e-02
1.046710000000000029e+01 2.008940999999999852e-02
1.049465000000000003e+01 2.040416999999999925e-02
1.052219000000000015e+01 2.071080000000000143e-02
1.054973999999999990e+01 2.100872000000000156e-02
1.057728000000000002e+01 2.129738000000000117e-02
1.060482000000000014e+01 2.157629000000000144e-02
1.063236999999999988e+01 2.184499999999999983e-02
1.065991000000000000e+01 2.210310999999999873e-02
1.068745999999999974e+01 2.235026000000000027e-02
1.071499999999999986e+01 2.258614999999999928e-02
1.074254999999999960e+01 2.281050000000000091e-02
1.077008999999999972e+01 2.302308000000000132e-02
1.079763999999999946e+01 2.322369999999999990e-02
1.082517999999999958e+01 2.341220999999999927e-02
1.085272999999999932e+01 2.358847000000000027e-02
1.088026999999999944e+01 2.375239000000000170e-02
1.090781999999999918e+01 2.390391000000000044e-02
1.093537000000000070e+01 2.404297000000000031e-02
1.096291000000000082e+01 2.416957999999999954e-02
1.099046000000000056e+01 2.428372000000000169e-02
1.101800000000000068e+01 2.438542000000000140e-02
1.104555000000000042e+01 2.447471999999999842e-02
1.107309000000000054e+01 2.455169999999999922e-02
1.110064000000000028e+01 2.461641999999999997e-02
1.112818000000000040e+01 2.466899999999999996e-02
1.115573000000000015e+01 2.470955000000000026e-02
1.118327000000000027e+01 2.473821000000000006e-02
1.121082000000000001e+01 2.475513000000000019e-02
1.123836000000000013e+01 2.476052000000000114e-02
1.126590999999999987e+01 2.475457000000000005e-02
1.129344999999999999e+01 2.473751000000000075e-02
1.132099000000000011e+01 2.470962000000000158e-02
1.134853999999999985e+01 2.467116999999999921e-02
1.137607999999999997e+01 2.462249999999999855e-02
1.140362999999999971e+01 2.456395000000000106e-02
1.143116999999999983e+01 2.449590999999999921e-02
1.145871999999999957e+01 2.441880000000000092e-02
1.148625999999999969e+01 2.433307999999999999e-02
1.151380999999999943e+01 2.423923000000000050e-02
1.154134999999999955e+01 2.413776000000000116e-02
1.156889999999999930e+01 2.402922000000000044e-02
1.159643999999999942e+01 2.391418999999999837e-02
1.162398999999999916e+01 2.379327999999999999e-02
1.165154000000000067e+01 2.366708999999999827e-02
1.167908000000000079e+01 2.353627000000000150e-02
1.170663000000000054e+01 2.340147000000000060e-02
1.173417000000000066e+01 2.326334000000000041e-02
1.176172000000000040e+01 2.312254999999999866e-02
1.178926000000000052e+01 2.297975000000000018e-02
1.181681000000000026e+01 2.283558000000000116e-02
1.184435000000000038e+01 2.269066999999999959e-02
1.187190000000000012e+01 2.254563000000000053e-02
1.189944000000000024e+01 2.240104000000000053e-02
1.192698999999999998e+01 2.225743000000000166e-02
1.195453000000000010e+01 2.211532000000000081e-02
1.198207999999999984e+01 2.197516000000000053e-02
1.200961999999999996e+01 2.183734999999999843e-02
1.203716000000000008e+01 2.170226000000000099e-02
1.206470999999999982e+01 2.157018999999999950e-02
1.209224999999999994e+01 2.144137999999999947e-02
1.211979999999999968e+01 2.131602000000000149e-02
1.214733999999999980e+01 2.119421999999999973e-02
1.217488999999999955e+01 2.107604999999999895e-02
1.220242999999999967e+01 2.096150000000000097e-02
1.222997999999999941e+01 2.085052999999999906e-02
1.225751999999999953e+01 2.074302000000000090e-02
1.228506999999999927e+01 2.063879000000000061e-02
1.231260999999999939e+01 2.053763999999999937e-02
1.234015999999999913e+01 2.043928999999999885e-02
1.236771000000000065e+01 2.034346000000000071e-02
1.239525000000000077e+01 2.024977999999999848e-02
1.242280000000000051e+01 2.015789999999999943e-02
1.245034000000000063e+01 2.006741999999999901e-02
1.247789000000000037e+01 1.997791999999999971e-02
1.250543000000000049e+01 1.988896999999999887e-02
1.253298000000000023e+01 1.980012999999999912e-02
1.256052000000000035e+01 1.971095999999999959e-02
1.258807000000000009e+01 1.962103000000000111e-02
1.261561000000000021e+01 1.952989999999999934e-02
1.264315999999999995e+01 1.943715999999999847e-02
1.267070000000000007e+01 1.934241999999999906e-02
1.269824999999999982e+01 1.924529000000000170e-02
1.272578999999999994e+01 1.914543000000000147e-02
1.275333000000000006e+01 1.904252000000000028e-02
1.278087999999999980e+01 1.893627999999999978e-02
1.280841999999999992e+01 1.882645000000000152e-02
1.283596999999999966e+01 1.871282000000000154e-02
1.286350999999999978e+01 1.859519999999999923e-02
1.289105999999999952e+01 1.847346000000000057e-02
1.291859999999999964e+01 1.834749000000000102e-02
1.294614999999999938e+01 1.821723000000000092e-02
1.297368999999999950e+01 1.808264999999999872e-02
1.300123999999999924e+01 1.794375999999999957e-02
1.302877999999999936e+01 1.780059000000000155e-02
1.305633000000000088e+01 1.765322000000000072e-02
1.308388000000000062e+01 1.750174999999999995e-02
1.311142000000000074e+01 1.734629000000000032e-02
1.313897000000000048e+01 1.718700999999999909e-02
1.316651000000000060e+01 1.702406000000000058e-02
1.319406000000000034e+01 1.685762999999999845e-02
1.322160000000000046e+01 1.668791000000000024e-02
1.324915000000000020e+01 1.651512000000000119e-02
1.327669000000000032e+01 1.633946000000000009e-02
1.330424000000000007e+01 1.616116000000000080e-02
1.333178000000000019e+01 1.598041999999999865e-02
1.335932999999999993e+01 1.579747000000000096e-02
1.338687000000000005e+01 1.561251999999999952e-02
1.341441000000000017e+01 1.542578000000000005e-02
1.344195999999999991e+01 1.523743999999999967e-02
1.346950000000000003e+01 1.504770000000000066e-02
1.349704999999999977e+01 1.485673000000000028e-02
1.352458999999999989e+01 1.466470999999999920e-02
1.355213999999999963e+01 1.447179000000000000e-02
1.357967999999999975e+01 1.427812999999999999e-02
1.360722999999999949e+01 1.408385000000000019e-02
1.363476999999999961e+01 1.388909999999999971e-02
1.366231999999999935e+01 1.369397999999999969e-02
1.368985999999999947e+01 1.349859999999999949e-02
1.371740999999999921e+01 1.330307000000000017e-02
1.374494999999999933e+01 1.310748999999999942e-02
1.377250000000000085e+01 1.291194000000000022e-02
1.380005000000000059e+01 1.271652000000000025e-02
1.382759000000000071e+01 1.252131000000000077e-02
1.385514000000000046e+01 1.232639999999999951e-02
1.388268000000000058e+01 1.213185999999999952e-02
1.391023000000000032e+01 1.193780000000000015e-02
1.393777000000000044e+01 1.174428999999999924e-02
1.396532000000000018e+01 1.155144999999999957e-02
1.399286000000000030e+01 1.135935000000000070e-02
1.402041000000000004e+01 1.116811000000000019e-02
1.404795000000000016e+01 1.097784000000000086e-02
1.407549999999999990e+01 1.078865000000000032e-02
1.410304000000000002e+01 1.060065999999999960e-02
1.413058000000000014e+01 1.041399999999999965e-02
1.415812999999999988e+01 1.022879999999999970e-02
1.418567000000000000e+01 1.004519000000000072e-02
1.421321999999999974e+01 9.863329000000000540e-03
1.424075999999999986e+01 9.683350000000000291e-03
1.426830999999999960e+01 9.505401999999999602e-03
1.429584999999999972e+01 9.329636000000000526e-03
1.432339999999999947e+01 9.156202000000000438e-03
1.435093999999999959e+01 8.985252000000000863e-03
1.437848999999999933e+01 8.816933000000000756e-03
1.440602999999999945e+01 8.651393000000000277e-03
1.443357999999999919e+01 8.488775000000000487e-03
1.446113000000000071e+01 8.329216999999999871e-03
1.448867000000000083e+01 8.172851999999999548e-03
1.451622000000000057e+01 8.019804000000000169e-03
1.454376000000000069e+01 7.870191000000000339e-03
1.457131000000000043e+01 7.724120999999999591e-03
1.459885000000000055e+01 7.581692999999999592e-03
1.462640000000000029e+01 7.442994999999999993e-03
1.465394000000000041e+01 7.308102999999999821e-03
1.468149000000000015e+01 7.177082999999999900e-03
1.470903000000000027e+01 7.049986000000000273e-03
1.473658000000000001e+01 6.926853999999999650e-03
1.476412000000000013e+01 6.807712999999999959e-03
1.479166999999999987e+01 6.692578999999999716e-03
1.481920999999999999e+01 6.581453000000000129e-03
1.484675000000000011e+01 6.474325000000000392e-03
1.487429999999999986e+01 6.371172999999999940e-03
1.490183999999999997e+01 6.271961999999999850e-03
1.492938999999999972e+01 6.176644999999999705e-03
1.495692999999999984e+01 6.085168000000000174e-03
1.498447999999999958e+01 5.997462000000000279e-03
1.501201999999999970e+01 5.913454000000000280e-03
1.503956999999999944e+01 5.833056999999999999e-03
1.506710999999999956e+01 5.756179999999999630e-03
1.509465999999999930e+01 5.682724999999999582e-03
1.512219999999999942e+01 5.612586999999999611e-03
1.514974999999999916e+01 5.545656000000000370e-03
1.517730000000000068e+01 5.481818000000000281e-03
1.520484000000000080e+01 5.420956999999999686e-03
1.523239000000000054e+01 5.362953999999999638e-03
1.525993000000000066e+01 5.307688999999999983e-03
1.528748000000000040e+01 5.255039999999999885e-03
1.531502000000000052e+01 5.204887000000000055e-03
1.534257000000000026e+01 5.157110000000000340e-03
1.537011000000000038e+01 5.111590000000000057e-03
1.539766000000000012e+01 5.068213000000000232e-03
1.542520000000000024e+01 5.026863999999999812e-03
1.545274999999999999e+01 4.987435000000000132e-03
1.548029000000000011e+01 4.949817999999999926e-03
1.550783999999999985e+01 4.913912000000000314e-03
1.553537999999999997e+01 4.879618999999999970e-03
1.556292000000000009e+01 4.846846000000000140e-03
1.559046999999999983e+01 4.815505000000000306e-03
1.561800999999999995e+01 4.785514000000000261e-03
1.564555999999999969e+01 4.756792000000000138e-03
1.567309999999999981e+01 4.729268000000000013e-03
1.570064999999999955e+01 4.702872999999999776e-03
1.572818999999999967e+01 4.677544999999999967e-03
1.575573999999999941e+01 4.653224000000000075e-03
1.578327999999999953e+01 4.629857000000000243e-03
1.581082999999999927e+01 4.607395000000000240e-03
1.583836999999999939e+01 4.585793999999999808e-03
1.586591999999999913e+01 4.565012999999999710e-03
1.589347000000000065e+01 4.545015000000000339e-03
1.592101000000000077e+01 4.525768999999999799e-03
1.594856000000000051e+01 4.507245000000000001e-03
1.597610000000000063e+01 4.489416999999999887e-03
1.600364000000000075e+01 4.472262000000000286e-03
1.603118999999999872e+01 4.455759999999999582e-03
1.605873000000000062e+01 4.439893999999999785e-03
1.608627999999999858e+01 4.424649000000000117e-03
1.611382000000000048e+01 4.410011999999999613e-03
1.614136999999999844e+01 4.395971999999999727e-03
1.616891000000000034e+01 4.382518999999999651e-03
1.619645999999999830e+01 4.369645999999999600e-03
1.622400999999999982e+01 4.357345999999999789e-03
1.625155000000000172e+01 4.345612999999999906e-03
1.627909999999999968e+01 4.334445000000000138e-03
1.630664000000000158e+01 4.323836000000000172e-03
1.633418999999999954e+01 4.313786000000000009e-03
1.636173000000000144e+01 4.304292000000000361e-03
1.638927999999999940e+01 4.295354000000000359e-03
1.641682000000000130e+01 4.286970000000000190e-03
1.644436999999999927e+01 4.279141000000000195e-03
1.647191000000000116e+01 4.271867000000000372e-03
1.649945999999999913e+01 4.265149999999999671e-03
1.652700000000000102e+01 4.258991000000000166e-03
1.655454999999999899e+01 4.253391999999999937e-03
1.658209000000000088e+01 4.248354000000000193e-03
1.660963999999999885e+01 4.243882000000000036e-03
1.663718000000000075e+01 4.239978000000000150e-03
1.666472999999999871e+01 4.236644999999999821e-03
1.669227000000000061e+01 4.233887999999999888e-03
1.671981999999999857e+01 4.231709999999999638e-03
1.674736000000000047e+01 4.230117000000000252e-03
1.677490999999999843e+01 4.229113999999999964e-03
1.680245000000000033e+01 4.228705999999999611e-03
1.682999999999999829e+01 4.228898000000000032e-03
1.685754000000000019e+01 4.229697000000000144e-03
1.688509000000000171e+01 4.231109000000000259e-03
1.691263000000000005e+01 4.233141000000000161e-03
1.694016999999999840e+01 4.235799000000000161e-03
1.696771999999999991e+01 4.239090000000000046e-03
1.699525999999999826e+01 4.243020999999999598e-03
1.702280999999999977e+01 4.247597999999999999e-03
1.705035000000000167e+01 4.252828000000000164e-03
1.707789999999999964e+01 4.258717000000000405e-03
1.710544000000000153e+01 4.265271000000000166e-03
1.713298999999999950e+01 4.272495999999999759e-03
1.716053000000000139e+01 4.280398000000000362e-03
1.718807999999999936e+01 4.288980000000000396e-03
1.721562000000000126e+01 4.298248000000000173e-03
1.724316999999999922e+01 4.308204999999999847e-03
1.727071000000000112e+01 4.318853999999999575e-03
1.729825999999999908e+01 4.330198000000000380e-03
1.732580000000000098e+01 4.342236999999999660e-03
1.735334999999999894e+01 4.354974000000000171e-03
1.738089000000000084e+01 4.368407000000000366e-03
1.740843999999999880e+01 4.382538000000000059e-03
1.743598000000000070e+01 4.397365000000000301e-03
1.746352999999999867e+01 4.412886000000000412e-03
1.749107000000000056e+01 4.429100000000000051e-03
1.751861999999999853e+01 4.446002999999999587e-03
1.754616000000000042e+01 4.463593000000000074e-03
1.757370999999999839e+01 4.481866000000000148e-03
1.760125000000000028e+01 4.500818000000000180e-03
1.762879999999999825e+01 4.520447000000000354e-03
1.765634999999999977e+01 4.540747000000000359e-03
1.768389000000000166e+01 4.561715000000000041e-03
1.771143999999999963e+01 4.583346999999999768e-03
1.773898000000000152e+01 4.605638999999999914e-03
1.776652999999999949e+01 4.628586999999999979e-03
1.779407000000000139e+01 4.652187999999999810e-03
1.782161999999999935e+01 4.676439000000000117e-03
1.784916000000000125e+01 4.701336000000000404e-03
1.787670999999999921e+01 4.726875999999999647e-03
1.790425000000000111e+01 4.753058000000000109e-03
1.793179999999999907e+01 4.779877000000000084e-03
1.795934000000000097e+01 4.807332999999999572e-03
1.798688999999999893e+01 4.835421999999999811e-03
1.801443000000000083e+01 4.864142000000000118e-03
1.804197999999999880e+01 4.893490999999999813e-03
1.806952000000000069e+01 4.923465000000000133e-03
1.809706999999999866e+01 4.954062000000000396e-03
1.812461000000000055e+01 4.985278999999999579e-03
1.815215999999999852e+01 5.017109999999999972e-03
1.817970000000000041e+01 5.049551999999999687e-03
1.820724999999999838e+01 5.082597000000000330e-03
1.823479000000000028e+01 5.116238999999999856e-03
1.826233999999999824e+01 5.150471000000000216e-03
1.828988000000000014e+01 5.185280999999999918e-03
1.831743000000000166e+01 5.220660000000000231e-03
1.834497000000000000e+01 5.256593999999999850e-03
1.837250999999999834e+01 5.293069000000000073e-03
1.840005999999999986e+01 5.330068000000000306e-03
1.842760000000000176e+01 5.367572000000000142e-03
1.845514999999999972e+01 5.405562000000000041e-03
1.848269000000000162e+01 5.444013999999999624e-03
1.851023999999999958e+01 5.482901000000000094e-03
1.853778000000000148e+01 5.522197000000000390e-03
1.856532999999999944e+01 5.561871000000000349e-03
1.859287000000000134e+01 5.601889999999999994e-03
1.862041999999999931e+01 5.642218000000000060e-03
1.864796000000000120e+01 5.682816999999999730e-03
1.867550999999999917e+01 5.723645000000000295e-03
1.870305000000000106e+01 5.764659999999999576e-03
1.873059999999999903e+01 5.805814999999999761e-03
1.875814000000000092e+01 5.847062000000000093e-03
1.878568999999999889e+01 5.888349999999999661e-03
1.881323000000000079e+01 5.929626000000000341e-03
1.884077999999999875e+01 5.970834000000000384e-03
1.886832000000000065e+01 6.011917999999999776e-03
1.889586999999999861e+01 6.052819000000000081e-03
1.892341000000000051e+01 6.093476999999999921e-03
1.895095999999999847e+01 6.133831000000000179e-03
1.897850000000000037e+01 6.173818000000000188e-03
1.900604999999999833e+01 6.213376999999999963e-03
1.903359000000000023e+01 6.252446000000000045e-03
1.906114000000000175e+01 6.290961000000000296e-03
1.908868999999999971e+01 6.328862000000000203e-03
1.911623000000000161e+01 6.366089000000000123e-03
1.914377999999999957e+01 6.402582999999999885e-03
1.917132000000000147e+01 6.438288999999999818e-03
1.919886999999999944e+01 6.473152999999999720e-03
1.922641000000000133e+01 6.507124999999999888e-03
1.925395999999999930e+01 6.540156999999999568e-03
1.928150000000000119e+01 6.572208999999999864e-03
1.930904999999999916e+01 6.603241999999999619e-03
1.933659000000000106e+01 6.633222000000000250e-03
1.936413999999999902e+01 6.662121000000000015e-03
1.939168000000000092e+01 6.689918999999999900e-03
1.941922999999999888e+01 6.716597999999999839e-03
1.944677000000000078e+01 6.742147000000000417e-03
1.947431999999999874e+01 6.766562999999999745e-03
1.950186000000000064e+01 6.789846999999999896e-03
1.952940999999999860e+01 6.812007000000000131e-03
1.955695000000000050e+01 6.833057000000000020e-03
1.958449999999999847e+01 6.853017000000000310e-03
1.961204000000000036e+01 6.871910999999999645e-03
1.963958999999999833e+01 6.889768999999999581e-03
1.966713000000000022e+01 6.906625999999999911e-03
1.969468000000000174e+01 6.922519000000000242e-03
1.972222000000000008e+01 6.937490999999999623e-03
1.974977000000000160e+01 6.951584999999999709e-03
1.977730999999999995e+01 6.964846000000000231e-03
1.980484999999999829e+01 6.977322000000000211e-03
1.983239999999999981e+01 6.989058999999999723e-03
1.985994000000000170e+01 7.000102000000000234e-03
1.988748999999999967e+01 7.010497000000000083e-03
1.991503000000000156e+01 7.020283999999999899e-03
1.994257999999999953e+01 7.029501999999999973e-03
1.997012000000000143e+01 7.038184999999999754e-03
1.999766999999999939e+01 7.046361000000000117e-03
2.002521000000000129e+01 7.054055000000000047e-03
2.005275999999999925e+01 7.061282999999999796e-03
2.008030000000000115e+01 7.068055999999999645e-03
2.010784999999999911e+01 7.074378000000000090e-03
2.013539000000000101e+01 7.080244999999999768e-03
2.016293999999999897e+01 7.085644000000000317e-03
2.019048000000000087e+01 7.090558000000000277e-03
2.021802999999999884e+01 7.094961000000000323e-03
2.024557000000000073e+01 7.098817000000000321e-03
2.027311999999999870e+01 7.102088000000000324e-03
2.030066000000000059e+01 7.104726999999999917e-03
2.032820999999999856e+01 7.106681999999999583e-03
2.035575000000000045e+01 7.107895000000000359e-03
2.038329999999999842e+01 7.108305999999999999e-03
2.041084000000000032e+01 7.107849999999999759e-03
2.043838999999999828e+01 7.106460000000000207e-03
2.046593999999999980e+01 7.104069000000000182e-03
2.049348000000000170e+01 7.100608999999999914e-03
2.052102999999999966e+01 7.096012999999999973e-03
2.054857000000000156e+01 7.090215999999999880e-03
2.057611999999999952e+01 7.083156999999999648e-03
2.060366000000000142e+01 7.074778999999999790e-03
2.063120999999999938e+01 7.065028000000000107e-03
2.065875000000000128e+01 7.053860000000000338e-03
2.068629999999999924e+01 7.041234999999999855e-03
2.071384000000000114e+01 7.027122999999999703e-03
2.074138999999999911e+01 7.011500000000000371e-03
2.076893000000000100e+01 6.994353000000000029e-03
2.079647999999999897e+01 6.975676999999999572e-03
2.082402000000000086e+01 6.955478000000000181e-03
2.085156999999999883e+01 6.933769000000000217e-03
2.087911000000000072e+01 6.910575999999999872e-03
2.090665999999999869e+01 6.885931999999999990e-03
2.093420000000000059e+01 6.859879000000000150e-03
2.096174999999999855e+01 6.832468999999999869e-03
2.098929000000000045e+01 6.803759999999999843e-03
2.101683999999999841e+01 6.773819999999999841e-03
2.104438000000000031e+01 6.742719999999999790e-03
2.107192999999999827e+01 6.710536999999999926e-03
2.109947000000000017e+01 6.677355000000000269e-03
2.112702000000000169e+01 6.643256000000000161e-03
2.115456000000000003e+01 6.608326999999999778e-03
2.118209999999999837e+01 6.572655000000000164e-03
2.120964999999999989e+01 6.536324999999999948e-03
2.123718999999999824e+01 6.499419000000000203e-03
2.126473999999999975e+01 6.462016000000000114e-03
2.129228000000000165e+01 6.424189999999999762e-03
2.131982999999999961e+01 6.386008999999999783e-03
2.134737000000000151e+01 6.347529999999999666e-03
2.137491999999999948e+01 6.308804000000000321e-03
2.140246000000000137e+01 6.269872000000000119e-03
2.143000999999999934e+01 6.230760999999999591e-03
2.145755000000000123e+01 6.191488999999999673e-03
2.148509999999999920e+01 6.152058000000000179e-03
2.151264000000000109e+01 6.112460999999999589e-03
2.154018999999999906e+01 6.072672999999999786e-03
2.156773000000000096e+01 6.032657999999999771e-03
2.159527999999999892e+01 5.992364000000000024e-03
2.162282000000000082e+01 5.951727999999999880e-03
2.165036999999999878e+01 5.910671000000000154e-03
2.167791000000000068e+01 5.869103999999999988e-03
2.170545999999999864e+01 5.826923000000000345e-03
2.173300000000000054e+01 5.784016999999999804e-03
2.176054999999999851e+01 5.740262999999999789e-03
2.178809000000000040e+01 5.695531000000000205e-03
2.181563999999999837e+01 5.649686000000000118e-03
2.184318000000000026e+01 5.602587000000000018e-03
2.187072999999999823e+01 5.554088999999999901e-03
2.189827999999999975e+01 5.504051999999999729e-03
2.192582000000000164e+01 5.452331000000000365e-03
2.195336999999999961e+01 5.398791000000000007e-03
2.198091000000000150e+01 5.343299000000000139e-03
2.200845999999999947e+01 5.285732999999999925e-03
2.203600000000000136e+01 5.225981000000000203e-03
2.206354999999999933e+01 5.163944000000000173e-03
2.209109000000000123e+01 5.099539000000000155e-03
2.211863999999999919e+01 5.032697000000000039e-03
2.214618000000000109e+01 4.963371999999999749e-03
2.217372999999999905e+01 4.891534000000000333e-03
2.220127000000000095e+01 4.817176000000000270e-03
2.222881999999999891e+01 4.740315000000000153e-03
2.225636000000000081e+01 4.660988999999999931e-03
2.228390999999999877e+01 4.579259999999999928e-03
2.231145000000000067e+01 4.495213999999999981e-03
2.233899999999999864e+01 4.408961000000000303e-03
2.236654000000000053e+01 4.320631000000000124e-03
2.239408999999999850e+01 4.230379000000000257e-03
2.242163000000000039e+01 4.138379000000000189e-03
2.244917999999999836e+01 4.044825000000000156e-03
2.247672000000000025e+01 3.949928000000000120e-03
2.250427000000000177e+01 3.853914999999999858e-03
2.253181000000000012e+01 3.757025000000000208e-03
2.255936000000000163e+01 2.708902999999999919e-03
