5.227731e+02 0.000000e+00 0.000000e+00 0.000000e+00 0.000000e+00
5.228001e+02 0.000000e+00 0.000000e+00 0.000000e+00 0.000000e+00
5.228272e+02 0.000000e+00 0.000000e+00 0.000000e+00 0.000000e+00
5.228542e+02 0.000000e+00 0.000000e+00 0.000000e+00 0.000000e+00
5.228813e+02 0.000000e+00 0.000000e+00 0.000000e+00 0.000000e+00
5.229083e+02 0.000000e+00 0.000000e+00 0.000000e+00 0.000000e+00
5.229354e+02 0.000000e+00 0.000000e+00 0.000000e+00 0.000000e+00
5.229624e+02 0.000000e+00 0.000000e+00 0.000000e+00 0.000000e+00
5.229895e+02 0.000000e+00 0.000000e+00 0.000000e+00 0.000000e+00
5.230165e+02 0.000000e+00 0.000000e+00 0.000000e+00 0.000000e+00
5.230436e+02 0.000000e+00 0.000000e+00 0.000000e+00 0.000000e+00
5.230706e+02 0.000000e+00 0.000000e+00 0.000000e+00 0.000000e+00
5.230977e+02 0.000000e+00 0.000000e+00 0.000000e+00 0.000000e+00
5.231247e+02 0.000000e+00 0.000000e+00 0.000000e+00 0.000000e+00
5.231518e+02 0.000000e+00 0.000000e+00 0.000000e+00 0.000000e+00
5.231788e+02 0.000000e+00 0.000000e+00 0.000000e+00 0.000000e+00
5.232059e+02 0.000000e+00 0.000000e+00 0.000000e+00 0.000000e+00
5.232329e+02 0.000000e+00 0.000000e+00 0.000000e+00 0.000000e+00
5.232600e+02 0.000000e+00 0.000000e+00 0.000000e+00 0.000000e+00
5.232870e+02 0.000000e+00 0.000000e+00 0.000000e+00 0.000000e+00
5.233141e+02 0.000000e+00 0.000000e+00 0.000000e+00 0.000000e+00
5.233411e+02 0.000000e+00 0.000000e+00 0.000000e+00 0.000000e+00
5.233682e+02 0.000000e+00 0.000000e+00 0.000000e+00 0.000000e+00
5.233952e+02 0.000000e+00 0.000000e+00 0.000000e+00 0.000000e+00
5.234223e+02 0.000000e+00 0.000000e+00 0.000000e+00 0.000000e+00
5.234493e+02 0.000000e+00 0.000000e+00 0.000000e+00 0.000000e+00
5.234764e+02 0.000000e+00 0.000000e+00 0.000000e+00 0.000000e+00
5.235034e+02 0.000000e+00 0.000000e+00 0.000000e+00 0.000000e+00
5.235305e+02 0.000000e+00 0.000000e+00 0.000000e+00 0.000000e+00
5.235575e+02 0.000000e+00 0.000000e+00 0.000000e+00 0.000000e+00
5.235846e+02 0.000000e+00 0.000000e+00 0.000000e+00 0.000000e+00
5.236116e+02 0.000000e+00 0.000000e+00 0.000000e+00 0.000000e+00
5.236387e+02 0.000000e+00 0.000000e+00 0.000000e+00 0.000000e+00
5.236657e+02 0.000000e+00 0.000000e+00 0.000000e+00 0.000000e+00
5.236928e+02 0.000000e+00 0.000000e+00 0.000000e+00 0.000000e+00
5.237198e+02 0.000000e+00 0.000000e+00 0.000000e+00 0.000000e+00
5.237469e+02 0.000000e+00 0.000000e+00 0.000000e+00 0.000000e+00
5.237739e+02 0.000000e+00 0.000000e+00 0.000000e+00 0.000000e+00
5.238010e+02 0.000000e+00 0.000000e+00 0.000000e+00 0.000000e+00
5.238280e+02 0.000000e+00 0.000000e+00 0.000000e+00 0.000000e+00
5.238551e+02 0.000000e+00 0.000000e+00 0.000000e+00 0.000000e+00
5.238821e+02 0.000000e+00 0.000000e+00 0.000000e+00 0.000000e+00
5.239092e+02 0.000000e+00 0.000000e+00 0.000000e+00 0.000000e+00
5.239362e+02 0.000000e+00 0.000000e+00 0.000000e+00 0.000000e+00
5.239633e+02 0.000000e+00 0.000000e+00 0.000000e+00 0.000000e+00
5.239903e+02 0.000000e+00 0.000000e+00 0.000000e+00 0.000000e+00
5.240174e+02 0.000000e+00 0.000000e+00 0.000000e+00 0.000000e+00
5.240444e+02 0.000000e+00 0.000000e+00 0.000000e+00 0.000000e+00
5.240715e+02 0.000000e+00 0.000000e+00 0.000000e+00 0.000000e+00
5.240985e+02 0.000000e+00 0.000000e+00 0.000000e+00 0.000000e+00
5.241256e+02 0.000000e+00 0.000000e+00 0.000000e+00 0.000000e+00
5.241526e+02 0.000000e+00 0.000000e+00 0.000000e+00 0.000000e+00
5.241797e+02 0.000000e+00 0.000000e+00 0.000000e+00 0.000000e+00
5.242067e+02 0.000000e+00 0.000000e+00 0.000000e+00 0.000000e+00
5.242338e+02 0.000000e+00 0.000000e+00 0.000000e+00 0.000000e+00
5.242608e+02 0.000000e+00 0.000000e+00 0.000000e+00 0.000000e+00
5.242879e+02 0.000000e+00 0.000000e+00 0.000000e+00 0.000000e+00
5.243149e+02 0.000000e+00 0.000000e+00 0.000000e+00 0.000000e+00
5.243420e+02 0.000000e+00 0.000000e+00 0.000000e+00 0.000000e+00
5.243690e+02 8.530258e-16 1.279176e-15 1.279755e-15 1.464061e-19
5.243961e+02 1.251645e-14 1.877320e-14 1.877421e-14 1.933363e-18
5.244231e+02 4.504295e-14 6.756059e-14 6.756304e-14 5.211195e-18
5.244502e+02 5.907090e-14 8.860134e-14 8.860453e-14 6.831874e-18
5.244772e+02 1.640680e-13 2.218638e-13 2.218667e-13 4.847347e-14
5.245043e+02 3.111696e-13 4.020334e-13 4.020376e-13 1.294377e-13
5.245313e+02 5.154773e-13 5.919849e-13 5.919887e-13 3.624582e-13
5.245584e+02 8.719552e-13 9.340044e-13 9.340079e-13 7.478531e-13
5.245854e+02 1.282572e-12 1.386534e-12 1.386536e-12 1.074648e-12
5.246125e+02 1.779651e-12 1.839098e-12 1.839102e-12 1.660753e-12
5.246395e+02 2.664635e-12 2.599498e-12 2.599501e-12 2.794905e-12
5.246666e+02 3.720473e-12 3.674834e-12 3.674842e-12 3.811744e-12
5.246936e+02 5.068367e-12 4.957155e-12 4.957163e-12 5.290782e-12
5.247207e+02 6.772972e-12 6.605542e-12 6.605552e-12 7.107820e-12
5.247477e+02 9.396923e-12 9.284708e-12 9.284722e-12 9.621339e-12
5.247748e+02 1.251421e-11 1.231339e-11 1.231340e-11 1.291585e-11
5.248018e+02 1.647855e-11 1.619948e-11 1.619950e-11 1.703667e-11
5.248289e+02 2.151095e-11 2.119739e-11 2.119741e-11 2.213805e-11
5.248559e+02 2.812598e-11 2.781351e-11 2.781383e-11 2.875060e-11
5.248830e+02 3.655017e-11 3.623407e-11 3.623413e-11 3.718230e-11
5.249100e+02 4.749852e-11 4.725932e-11 4.725941e-11 4.797684e-11
5.249371e+02 6.139913e-11 6.117935e-11 6.117946e-11 6.183858e-11
5.249641e+02 7.887012e-11 7.857156e-11 7.857170e-11 7.946710e-11
5.249912e+02 1.011340e-10 1.008228e-10 1.008230e-10 1.017564e-10
5.250182e+02 1.295240e-10 1.292158e-10 1.292161e-10 1.301402e-10
5.250453e+02 1.660373e-10 1.659602e-10 1.659606e-10 1.661911e-10
5.250723e+02 2.118521e-10 2.119859e-10 2.119864e-10 2.115839e-10
5.250994e+02 2.694070e-10 2.698273e-10 2.698278e-10 2.685658e-10
5.251264e+02 3.414724e-10 3.420752e-10 3.420759e-10 3.402660e-10
5.251535e+02 4.319835e-10 4.328823e-10 4.328832e-10 4.301851e-10
5.251805e+02 5.454768e-10 5.468280e-10 5.468290e-10 5.427735e-10
5.252076e+02 6.878608e-10 6.899209e-10 6.899222e-10 6.837393e-10
5.252346e+02 8.649317e-10 8.675908e-10 8.675924e-10 8.596120e-10
5.252617e+02 1.085291e-09 1.088752e-09 1.088755e-09 1.078366e-09
5.252887e+02 1.358919e-09 1.363520e-09 1.363522e-09 1.349714e-09
5.253158e+02 1.698304e-09 1.704558e-09 1.704562e-09 1.685791e-09
5.253428e+02 2.118877e-09 2.127441e-09 2.127445e-09 2.101746e-09
5.253699e+02 2.637929e-09 2.649345e-09 2.649350e-09 2.615090e-09
5.253969e+02 3.277734e-09 3.292714e-09 3.292721e-09 3.247767e-09
5.254240e+02 4.065303e-09 4.084990e-09 4.084998e-09 4.025922e-09
5.254510e+02 5.032445e-09 5.058568e-09 5.058578e-09 4.980189e-09
5.254781e+02 6.217504e-09 6.252129e-09 6.252140e-09 6.148244e-09
5.255051e+02 7.667007e-09 7.712854e-09 7.712868e-09 7.575299e-09
5.255322e+02 9.437503e-09 9.497915e-09 9.497933e-09 9.316662e-09
5.255592e+02 1.159500e-08 1.167427e-08 1.167430e-08 1.143644e-08
5.255863e+02 1.421825e-08 1.432251e-08 1.432254e-08 1.400968e-08
5.256133e+02 1.740349e-08 1.753984e-08 1.753987e-08 1.713077e-08
5.256404e+02 2.126070e-08 2.143909e-08 2.143913e-08 2.090388e-08
5.256674e+02 2.592600e-08 2.615863e-08 2.615868e-08 2.546068e-08
5.256945e+02 3.155554e-08 3.185818e-08 3.185824e-08 3.095019e-08
5.257215e+02 3.833610e-08 3.872858e-08 3.872866e-08 3.755107e-08
5.257486e+02 4.648765e-08 4.699510e-08 4.699519e-08 4.547266e-08
5.257756e+02 5.626818e-08 5.692238e-08 5.692250e-08 5.495965e-08
5.258027e+02 6.798049e-08 6.882139e-08 6.882153e-08 6.629854e-08
5.258297e+02 8.197898e-08 8.305669e-08 8.305686e-08 7.982340e-08
5.258568e+02 9.867864e-08 1.000559e-07 1.000561e-07 9.592398e-08
5.258838e+02 1.185615e-07 1.203158e-07 1.203161e-07 1.150525e-07
5.259109e+02 1.421888e-07 1.444164e-07 1.444167e-07 1.377334e-07
5.259379e+02 1.702131e-07 1.730331e-07 1.730335e-07 1.645728e-07
5.259650e+02 2.033886e-07 2.069477e-07 2.069481e-07 1.962699e-07
5.259920e+02 2.425872e-07 2.470657e-07 2.470663e-07 2.336296e-07
5.260191e+02 2.888137e-07 2.944323e-07 2.944330e-07 2.775759e-07
5.260461e+02 3.432242e-07 3.502522e-07 3.502530e-07 3.291675e-07
5.260732e+02 4.071459e-07 4.159111e-07 4.159121e-07 3.896145e-07
5.261002e+02 4.820982e-07 4.929985e-07 4.929996e-07 4.602967e-07
5.261273e+02 5.698178e-07 5.833342e-07 5.833356e-07 5.427838e-07
5.261543e+02 6.722833e-07 6.889955e-07 6.889972e-07 6.388573e-07
5.261814e+02 7.917488e-07 8.123549e-07 8.123569e-07 7.505346e-07
5.262084e+02 9.307690e-07 9.561051e-07 9.561075e-07 8.800943e-07
5.262355e+02 1.092240e-06 1.123305e-06 1.123308e-06 1.030105e-06
5.262625e+02 1.279431e-06 1.317418e-06 1.317422e-06 1.203454e-06
5.262896e+02 1.496032e-06 1.542356e-06 1.542360e-06 1.403379e-06
5.263166e+02 1.746189e-06 1.802529e-06 1.802534e-06 1.633505e-06
5.263437e+02 2.034559e-06 2.102896e-06 2.102902e-06 1.897878e-06
5.263707e+02 2.366352e-06 2.449024e-06 2.449030e-06 2.201002e-06
5.263978e+02 2.747393e-06 2.847143e-06 2.847151e-06 2.547883e-06
5.264248e+02 3.184169e-06 3.304214e-06 3.304224e-06 2.944068e-06
5.264519e+02 3.683896e-06 3.827992e-06 3.828003e-06 3.395692e-06
5.264789e+02 4.254578e-06 4.427101e-06 4.427114e-06 3.909518e-06
5.265060e+02 4.905074e-06 5.111108e-06 5.111124e-06 4.492992e-06
5.265330e+02 5.645166e-06 5.890599e-06 5.890617e-06 5.154282e-06
5.265601e+02 6.485627e-06 6.777261e-06 6.777283e-06 5.902337e-06
5.265871e+02 7.438296e-06 7.783968e-06 7.783993e-06 6.746927e-06
5.266142e+02 8.516152e-06 8.924863e-06 8.924892e-06 7.698702e-06
5.266412e+02 9.733387e-06 1.021545e-05 1.021548e-05 8.769233e-06
5.266683e+02 1.110549e-05 1.167267e-05 1.167271e-05 9.971071e-06
5.266953e+02 1.264929e-05 1.331503e-05 1.331507e-05 1.131779e-05
5.267224e+02 1.438311e-05 1.516262e-05 1.516267e-05 1.282403e-05
5.267494e+02 1.632672e-05 1.723728e-05 1.723734e-05 1.450555e-05
5.267765e+02 1.850154e-05 1.956263e-05 1.956270e-05 1.637928e-05
5.268035e+02 2.093059e-05 2.216418e-05 2.216426e-05 1.846333e-05
5.268306e+02 2.363865e-05 2.506941e-05 2.506950e-05 2.077705e-05
5.268576e+02 2.665226e-05 2.830779e-05 2.830790e-05 2.334108e-05
5.268847e+02 2.999977e-05 3.191094e-05 3.191106e-05 2.617731e-05
5.269117e+02 3.371144e-05 3.591259e-05 3.591272e-05 2.930899e-05
5.269388e+02 3.781941e-05 4.034869e-05 4.034884e-05 3.276069e-05
5.269658e+02 4.235777e-05 4.525741e-05 4.525759e-05 3.655832e-05
5.269929e+02 4.736257e-05 5.067919e-05 5.067939e-05 4.072913e-05
5.270199e+02 5.287180e-05 5.665673e-05 5.665695e-05 4.530172e-05
5.270470e+02 5.892540e-05 6.323496e-05 6.323521e-05 5.030603e-05
5.270740e+02 6.556524e-05 7.046106e-05 7.046135e-05 5.577330e-05
5.271011e+02 7.283505e-05 7.838439e-05 7.838472e-05 6.173604e-05
5.271281e+02 8.078041e-05 8.705642e-05 8.705678e-05 6.822803e-05
5.271552e+02 8.944863e-05 9.653063e-05 9.653104e-05 7.528421e-05
5.271822e+02 9.888868e-05 1.068624e-04 1.068629e-04 8.294069e-05
5.272093e+02 1.091511e-04 1.181090e-04 1.181095e-04 9.123464e-05
5.272363e+02 1.202877e-04 1.303292e-04 1.303298e-04 1.002042e-04
5.272634e+02 1.323519e-04 1.435832e-04 1.435839e-04 1.098885e-04
5.272904e+02 1.453977e-04 1.579325e-04 1.579332e-04 1.203273e-04
5.273175e+02 1.594804e-04 1.734396e-04 1.734404e-04 1.315613e-04
5.273445e+02 1.746559e-04 1.901676e-04 1.901684e-04 1.436317e-04
5.273716e+02 1.909804e-04 2.081802e-04 2.081811e-04 1.565799e-04
5.273986e+02 2.085104e-04 2.275410e-04 2.275420e-04 1.704481e-04
5.274257e+02 2.273022e-04 2.483137e-04 2.483148e-04 1.852782e-04
5.274527e+02 2.474120e-04 2.705612e-04 2.705624e-04 2.011125e-04
5.274798e+02 2.688951e-04 2.943456e-04 2.943469e-04 2.179928e-04
5.275068e+02 2.918058e-04 3.197275e-04 3.197290e-04 2.359608e-04
5.275339e+02 3.161971e-04 3.467661e-04 3.467677e-04 2.550575e-04
5.275609e+02 3.421205e-04 3.755182e-04 3.755198e-04 2.753234e-04
5.275880e+02 3.696252e-04 4.060379e-04 4.060398e-04 2.967978e-04
5.276150e+02 3.987582e-04 4.383768e-04 4.383787e-04 3.195190e-04
5.276421e+02 4.295636e-04 4.725826e-04 4.725847e-04 3.435237e-04
5.276691e+02 4.620827e-04 5.086993e-04 5.087016e-04 3.688471e-04
5.276962e+02 4.963529e-04 5.467668e-04 5.467692e-04 3.955225e-04
5.277232e+02 5.324080e-04 5.868202e-04 5.868228e-04 4.235809e-04
5.277503e+02 5.702776e-04 6.288895e-04 6.288923e-04 4.530509e-04
5.277773e+02 6.099867e-04 6.729995e-04 6.730024e-04 4.839583e-04
5.278044e+02 6.515556e-04 7.191689e-04 7.191720e-04 5.163259e-04
5.278314e+02 6.949992e-04 7.674107e-04 7.674139e-04 5.501729e-04
5.278585e+02 7.403270e-04 8.177313e-04 8.177347e-04 5.855151e-04
5.278855e+02 7.875430e-04 8.701308e-04 8.701343e-04 6.223638e-04
5.279126e+02 8.366448e-04 9.246022e-04 9.246059e-04 6.607264e-04
5.279396e+02 8.876242e-04 9.811319e-04 9.811358e-04 7.006050e-04
5.279667e+02 9.404663e-04 1.039699e-03 1.039703e-03 7.419968e-04
5.279937e+02 9.951497e-04 1.100276e-03 1.100280e-03 7.848935e-04
5.280208e+02 1.051646e-03 1.162827e-03 1.162831e-03 8.292809e-04
5.280478e+02 1.109922e-03 1.227311e-03 1.227316e-03 8.751384e-04
5.280749e+02 1.169934e-03 1.293679e-03 1.293683e-03 9.224387e-04
5.281019e+02 1.231634e-03 1.361874e-03 1.361879e-03 9.711478e-04
5.281290e+02 1.294966e-03 1.431835e-03 1.431840e-03 1.021224e-03
5.281560e+02 1.359869e-03 1.503493e-03 1.503497e-03 1.072618e-03
5.281831e+02 1.426274e-03 1.576772e-03 1.576777e-03 1.125272e-03
5.282101e+02 1.494103e-03 1.651592e-03 1.651596e-03 1.179122e-03
5.282372e+02 1.563276e-03 1.727866e-03 1.727871e-03 1.234091e-03
5.282642e+02 1.633704e-03 1.805504e-03 1.805509e-03 1.290099e-03
5.282913e+02 1.705291e-03 1.884409e-03 1.884413e-03 1.347051e-03
5.283183e+02 1.777938e-03 1.964480e-03 1.964485e-03 1.404848e-03
5.283454e+02 1.851538e-03 2.045615e-03 2.045619e-03 1.463379e-03
5.283724e+02 1.925979e-03 2.127705e-03 2.127709e-03 1.522524e-03
5.283995e+02 2.001146e-03 2.210639e-03 2.210643e-03 1.582155e-03
5.284265e+02 2.076916e-03 2.294305e-03 2.294308e-03 1.642134e-03
5.284536e+02 2.153164e-03 2.378587e-03 2.378590e-03 1.702315e-03
5.284806e+02 2.229761e-03 2.463369e-03 2.463371e-03 1.762542e-03
5.285077e+02 2.306573e-03 2.548531e-03 2.548534e-03 1.822653e-03
5.285347e+02 2.383464e-03 2.633956e-03 2.633958e-03 1.882477e-03
5.285618e+02 2.460295e-03 2.719523e-03 2.719525e-03 1.941838e-03
5.285888e+02 2.536924e-03 2.805111e-03 2.805112e-03 2.000550e-03
5.286159e+02 2.613208e-03 2.890600e-03 2.890600e-03 2.058424e-03
5.286429e+02 2.689001e-03 2.975868e-03 2.975868e-03 2.115267e-03
5.286700e+02 2.764158e-03 3.060796e-03 3.060795e-03 2.170882e-03
5.286970e+02 2.838530e-03 3.145262e-03 3.145260e-03 2.225066e-03
5.287241e+02 2.911970e-03 3.229146e-03 3.229144e-03 2.277620e-03
5.287511e+02 2.984331e-03 3.312328e-03 3.312324e-03 2.328340e-03
5.287782e+02 3.055465e-03 3.394687e-03 3.394682e-03 2.377026e-03
5.288052e+02 3.125226e-03 3.476102e-03 3.476097e-03 2.423479e-03
5.288323e+02 3.193468e-03 3.556454e-03 3.556448e-03 2.467503e-03
5.288593e+02 3.260048e-03 3.635622e-03 3.635614e-03 2.508909e-03
5.288864e+02 3.324824e-03 3.713484e-03 3.713475e-03 2.547513e-03
5.289134e+02 3.387655e-03 3.789918e-03 3.789908e-03 2.583140e-03
5.289405e+02 3.448405e-03 3.864801e-03 3.864790e-03 2.615623e-03
5.289675e+02 3.506939e-03 3.938010e-03 3.937998e-03 2.644808e-03
5.289946e+02 3.563126e-03 4.009419e-03 4.009406e-03 2.670552e-03
5.290216e+02 3.616838e-03 4.078902e-03 4.078888e-03 2.692724e-03
5.290487e+02 3.667952e-03 4.146330e-03 4.146315e-03 2.711211e-03
5.290757e+02 3.716348e-03 4.211575e-03 4.211558e-03 2.725913e-03
5.291028e+02 3.761912e-03 4.274503e-03 4.274485e-03 2.736748e-03
5.291298e+02 3.804533e-03 4.334984e-03 4.334964e-03 2.743652e-03
5.291569e+02 3.844108e-03 4.392881e-03 4.392861e-03 2.746581e-03
5.291839e+02 3.880536e-03 4.448061e-03 4.448040e-03 2.745507e-03
5.292110e+02 3.913725e-03 4.500386e-03 4.500363e-03 2.740426e-03
5.292380e+02 3.943588e-03 4.549719e-03 4.549695e-03 2.731351e-03
5.292651e+02 3.970046e-03 4.595922e-03 4.595898e-03 2.718317e-03
5.292921e+02 3.993025e-03 4.638859e-03 4.638834e-03 2.701381e-03
5.293192e+02 4.012459e-03 4.678394e-03 4.678367e-03 2.680617e-03
5.293462e+02 4.028292e-03 4.714391e-03 4.714364e-03 2.656122e-03
5.293733e+02 4.040474e-03 4.746719e-03 4.746691e-03 2.628013e-03
5.294003e+02 4.048965e-03 4.775249e-03 4.775220e-03 2.596424e-03
5.294274e+02 4.053732e-03 4.799857e-03 4.799827e-03 2.561511e-03
5.294544e+02 4.054753e-03 4.820424e-03 4.820393e-03 2.523443e-03
5.294815e+02 4.052017e-03 4.836836e-03 4.836805e-03 2.482411e-03
5.295085e+02 4.045521e-03 4.848988e-03 4.848957e-03 2.438617e-03
5.295356e+02 4.035273e-03 4.856785e-03 4.856753e-03 2.392281e-03
5.295626e+02 4.021293e-03 4.860138e-03 4.860106e-03 2.343633e-03
5.295897e+02 4.003610e-03 4.858973e-03 4.858941e-03 2.292916e-03
5.296167e+02 3.982267e-03 4.853225e-03 4.853192e-03 2.240384e-03
5.296438e+02 3.957317e-03 4.842843e-03 4.842811e-03 2.186297e-03
5.296708e+02 3.928826e-03 4.827792e-03 4.827759e-03 2.130926e-03
5.296979e+02 3.896870e-03 4.808050e-03 4.808018e-03 2.074544e-03
5.297249e+02 3.861541e-03 4.783613e-03 4.783581e-03 2.017429e-03
5.297520e+02 3.822939e-03 4.754493e-03 4.754461e-03 1.959863e-03
5.297790e+02 3.781178e-03 4.720720e-03 4.720689e-03 1.902126e-03
5.298061e+02 3.736386e-03 4.682344e-03 4.682313e-03 1.844500e-03
5.298331e+02 3.688699e-03 4.639431e-03 4.639400e-03 1.787264e-03
5.298602e+02 3.638267e-03 4.592069e-03 4.592039e-03 1.730693e-03
5.298872e+02 3.585252e-03 4.540364e-03 4.540335e-03 1.675058e-03
5.299143e+02 3.529827e-03 4.484442e-03 4.484414e-03 1.620624e-03
5.299413e+02 3.472173e-03 4.424449e-03 4.424421e-03 1.567648e-03
5.299684e+02 3.412484e-03 4.360548e-03 4.360522e-03 1.516381e-03
5.299954e+02 3.350961e-03 4.292924e-03 4.292898e-03 1.467061e-03
5.300225e+02 3.287816e-03 4.221776e-03 4.221751e-03 1.419922e-03
5.300495e+02 3.223268e-03 4.147323e-03 4.147299e-03 1.375181e-03
5.300766e+02 3.157542e-03 4.069800e-03 4.069777e-03 1.333048e-03
5.301036e+02 3.090870e-03 3.989455e-03 3.989433e-03 1.293720e-03
5.301307e+02 3.023489e-03 3.906553e-03 3.906532e-03 1.257382e-03
5.301577e+02 2.955641e-03 3.821368e-03 3.821349e-03 1.224205e-03
5.301848e+02 2.887569e-03 3.734189e-03 3.734170e-03 1.194348e-03
5.302118e+02 2.819521e-03 3.645311e-03 3.645293e-03 1.167958e-03
5.302389e+02 2.751742e-03 3.555037e-03 3.555021e-03 1.145168e-03
5.302659e+02 2.684480e-03 3.463680e-03 3.463665e-03 1.126096e-03
5.302930e+02 2.617980e-03 3.371551e-03 3.371538e-03 1.110851e-03
5.303200e+02 2.552484e-03 3.278969e-03 3.278957e-03 1.099525e-03
5.303471e+02 2.488230e-03 3.186251e-03 3.186240e-03 1.092199e-03
5.303741e+02 2.425453e-03 3.093713e-03 3.093703e-03 1.088943e-03
5.304012e+02 2.364380e-03 3.001668e-03 3.001659e-03 1.089812e-03
5.304282e+02 2.305231e-03 2.910424e-03 2.910417e-03 1.094851e-03
5.304553e+02 2.248218e-03 2.820284e-03 2.820278e-03 1.104092e-03
5.304823e+02 2.193545e-03 2.731542e-03 2.731537e-03 1.117557e-03
5.305094e+02 2.141405e-03 2.644481e-03 2.644477e-03 1.135257e-03
5.305364e+02 2.091981e-03 2.559376e-03 2.559373e-03 1.157194e-03
5.305635e+02 2.045444e-03 2.476488e-03 2.476486e-03 1.183358e-03
5.305905e+02 2.001952e-03 2.396064e-03 2.396063e-03 1.213731e-03
5.306176e+02 1.961654e-03 2.318337e-03 2.318337e-03 1.248286e-03
5.306446e+02 1.924681e-03 2.243526e-03 2.243527e-03 1.286989e-03
5.306717e+02 1.891154e-03 2.171831e-03 2.171833e-03 1.329797e-03
5.306987e+02 1.861180e-03 2.103439e-03 2.103442e-03 1.376659e-03
5.307258e+02 1.834852e-03 2.038516e-03 2.038520e-03 1.427519e-03
5.307528e+02 1.812248e-03 1.977212e-03 1.977217e-03 1.482315e-03
5.307799e+02 1.793434e-03 1.919659e-03 1.919665e-03 1.540979e-03
5.308069e+02 1.778462e-03 1.865972e-03 1.865979e-03 1.603436e-03
5.308340e+02 1.767370e-03 1.816248e-03 1.816255e-03 1.669608e-03
5.308610e+02 1.760183e-03 1.770564e-03 1.770572e-03 1.739412e-03
5.308881e+02 1.756913e-03 1.728984e-03 1.728993e-03 1.812763e-03
5.309151e+02 1.757560e-03 1.691552e-03 1.691561e-03 1.889568e-03
5.309422e+02 1.762112e-03 1.658296e-03 1.658306e-03 1.969734e-03
5.309692e+02 1.770545e-03 1.629230e-03 1.629241e-03 2.053164e-03
5.309963e+02 1.782825e-03 1.604352e-03 1.604363e-03 2.139758e-03
5.310233e+02 1.798905e-03 1.583646e-03 1.583658e-03 2.229413e-03
5.310504e+02 1.818732e-03 1.567082e-03 1.567094e-03 2.322022e-03
5.310774e+02 1.842242e-03 1.554618e-03 1.554631e-03 2.417476e-03
5.311045e+02 1.869360e-03 1.546201e-03 1.546214e-03 2.515664e-03
5.311315e+02 1.900006e-03 1.541766e-03 1.541779e-03 2.616471e-03
5.311586e+02 1.934090e-03 1.541239e-03 1.541253e-03 2.719778e-03
5.311856e+02 1.971517e-03 1.544537e-03 1.544551e-03 2.825463e-03
5.312127e+02 2.012183e-03 1.551568e-03 1.551582e-03 2.933399e-03
5.312397e+02 2.055980e-03 1.562234e-03 1.562249e-03 3.043456e-03
5.312668e+02 2.102792e-03 1.576431e-03 1.576446e-03 3.155498e-03
5.312938e+02 2.152498e-03 1.594049e-03 1.594064e-03 3.269383e-03
5.313209e+02 2.204974e-03 1.614971e-03 1.614987e-03 3.384963e-03
5.313479e+02 2.260087e-03 1.639081e-03 1.639096e-03 3.502085e-03
5.313750e+02 2.317704e-03 1.666255e-03 1.666270e-03 3.620586e-03
5.314020e+02 2.377684e-03 1.696369e-03 1.696384e-03 3.740297e-03
5.314291e+02 2.439882e-03 1.729296e-03 1.729311e-03 3.861038e-03
5.314561e+02 2.504151e-03 1.764908e-03 1.764923e-03 3.982622e-03
5.314832e+02 2.570339e-03 1.803075e-03 1.803090e-03 4.104851e-03
5.315102e+02 2.638288e-03 1.843667e-03 1.843682e-03 4.227515e-03
5.315373e+02 2.707839e-03 1.886553e-03 1.886568e-03 4.350395e-03
5.315643e+02 2.778827e-03 1.931603e-03 1.931618e-03 4.473261e-03
5.315914e+02 2.851085e-03 1.978687e-03 1.978701e-03 4.595869e-03
5.316184e+02 2.924442e-03 2.027673e-03 2.027687e-03 4.717964e-03
5.316455e+02 2.998720e-03 2.078433e-03 2.078447e-03 4.839281e-03
5.316725e+02 3.073742e-03 2.130836e-03 2.130850e-03 4.959541e-03
5.316996e+02 3.149326e-03 2.184754e-03 2.184768e-03 5.078455e-03
5.317266e+02 3.225284e-03 2.240059e-03 2.240073e-03 5.195721e-03
5.317537e+02 3.301429e-03 2.296623e-03 2.296636e-03 5.311029e-03
5.317807e+02 3.377569e-03 2.354317e-03 2.354330e-03 5.424058e-03
5.318078e+02 3.453507e-03 2.413015e-03 2.413028e-03 5.534478e-03
5.318348e+02 3.529048e-03 2.472589e-03 2.472602e-03 5.641954e-03
5.318619e+02 3.603992e-03 2.532911e-03 2.532923e-03 5.746143e-03
5.318889e+02 3.678138e-03 2.593853e-03 2.593865e-03 5.846697e-03
5.319160e+02 3.751284e-03 2.655286e-03 2.655298e-03 5.943269e-03
5.319430e+02 3.823227e-03 2.717081e-03 2.717093e-03 6.035506e-03
5.319701e+02 3.893763e-03 2.779107e-03 2.779119e-03 6.123062e-03
5.319971e+02 3.962689e-03 2.841233e-03 2.841245e-03 6.205591e-03
5.320242e+02 4.029805e-03 2.903324e-03 2.903336e-03 6.282754e-03
5.320512e+02 4.094909e-03 2.965247e-03 2.965259e-03 6.354220e-03
5.320783e+02 4.157804e-03 3.026865e-03 3.026877e-03 6.419669e-03
5.321053e+02 4.218294e-03 3.088038e-03 3.088050e-03 6.478795e-03
5.321324e+02 4.276190e-03 3.148626e-03 3.148638e-03 6.531306e-03
5.321594e+02 4.331305e-03 3.208486e-03 3.208498e-03 6.576930e-03
5.321865e+02 4.383457e-03 3.267473e-03 3.267485e-03 6.615415e-03
5.322135e+02 4.432473e-03 3.325438e-03 3.325450e-03 6.646531e-03
5.322406e+02 4.478184e-03 3.382233e-03 3.382245e-03 6.670074e-03
5.322676e+02 4.520430e-03 3.437705e-03 3.437718e-03 6.685867e-03
5.322947e+02 4.559059e-03 3.491701e-03 3.491714e-03 6.693763e-03
5.323217e+02 4.593930e-03 3.544066e-03 3.544079e-03 6.693644e-03
5.323488e+02 4.624908e-03 3.594643e-03 3.594656e-03 6.685426e-03
5.323758e+02 4.651872e-03 3.643273e-03 3.643287e-03 6.669056e-03
5.324029e+02 4.674710e-03 3.689800e-03 3.689813e-03 6.644517e-03
5.324299e+02 4.693322e-03 3.734063e-03 3.734077e-03 6.611826e-03
5.324570e+02 4.707621e-03 3.775906e-03 3.775920e-03 6.571038e-03
5.324840e+02 4.717531e-03 3.815170e-03 3.815184e-03 6.522238e-03
5.325111e+02 4.722990e-03 3.851701e-03 3.851716e-03 6.465552e-03
5.325381e+02 4.723948e-03 3.885346e-03 3.885361e-03 6.401136e-03
5.325652e+02 4.720369e-03 3.915956e-03 3.915970e-03 6.329181e-03
5.325922e+02 4.712232e-03 3.943384e-03 3.943399e-03 6.249912e-03
5.326193e+02 4.699527e-03 3.967491e-03 3.967506e-03 6.163585e-03
5.326463e+02 4.682260e-03 3.988142e-03 3.988157e-03 6.070482e-03
5.326734e+02 4.660451e-03 4.005210e-03 4.005225e-03 5.970917e-03
5.327004e+02 4.634131e-03 4.018574e-03 4.018590e-03 5.865228e-03
5.327275e+02 4.603347e-03 4.028125e-03 4.028141e-03 5.753775e-03
5.327545e+02 4.568159e-03 4.033762e-03 4.033777e-03 5.636939e-03
5.327816e+02 4.528641e-03 4.035393e-03 4.035409e-03 5.515121e-03
5.328086e+02 4.484878e-03 4.032941e-03 4.032957e-03 5.388735e-03
5.328357e+02 4.436969e-03 4.026341e-03 4.026356e-03 5.258209e-03
5.328627e+02 4.385024e-03 4.015539e-03 4.015555e-03 5.123979e-03
5.328898e+02 4.329167e-03 4.000498e-03 4.000513e-03 4.986490e-03
5.329168e+02 4.269531e-03 3.981194e-03 3.981210e-03 4.846190e-03
5.329439e+02 4.206262e-03 3.957621e-03 3.957636e-03 4.703528e-03
5.329709e+02 4.139513e-03 3.929786e-03 3.929801e-03 4.558951e-03
5.329980e+02 4.069449e-03 3.897715e-03 3.897730e-03 4.412903e-03
5.330250e+02 3.996245e-03 3.861450e-03 3.861465e-03 4.265821e-03
5.330521e+02 3.920081e-03 3.821049e-03 3.821064e-03 4.118131e-03
5.330791e+02 3.841148e-03 3.776590e-03 3.776604e-03 3.970251e-03
5.331062e+02 3.759641e-03 3.728164e-03 3.728177e-03 3.822582e-03
5.331332e+02 3.675762e-03 3.675881e-03 3.675894e-03 3.675512e-03
5.331603e+02 3.589720e-03 3.619867e-03 3.619880e-03 3.529412e-03
5.331873e+02 3.501726e-03 3.560265e-03 3.560278e-03 3.384634e-03
5.332144e+02 3.411995e-03 3.497232e-03 3.497244e-03 3.241510e-03
5.332414e+02 3.320747e-03 3.430939e-03 3.430950e-03 3.100352e-03
5.332685e+02 3.228202e-03 3.361572e-03 3.361583e-03 2.961449e-03
5.332955e+02 3.134580e-03 3.289329e-03 3.289340e-03 2.825071e-03
5.333226e+02 3.040104e-03 3.214420e-03 3.214430e-03 2.691462e-03
5.333496e+02 2.944994e-03 3.137064e-03 3.137073e-03 2.560844e-03
5.333767e+02 2.849469e-03 3.057491e-03 3.057499e-03 2.433417e-03
5.334037e+02 2.753746e-03 2.975936e-03 2.975945e-03 2.309358e-03
5.334308e+02 2.658039e-03 2.892644e-03 2.892652e-03 2.188820e-03
5.334578e+02 2.562556e-03 2.807862e-03 2.807869e-03 2.071937e-03
5.334849e+02 2.467501e-03 2.721840e-03 2.721847e-03 1.958817e-03
5.335119e+02 2.373074e-03 2.634832e-03 2.634838e-03 1.849551e-03
5.335390e+02 2.279465e-03 2.547090e-03 2.547095e-03 1.744209e-03
5.335660e+02 2.186859e-03 2.458866e-03 2.458870e-03 1.642840e-03
5.335931e+02 2.095433e-03 2.370408e-03 2.370413e-03 1.545477e-03
5.336201e+02 2.005354e-03 2.281963e-03 2.281966e-03 1.452134e-03
5.336472e+02 1.916783e-03 2.193768e-03 2.193771e-03 1.362809e-03
5.336742e+02 1.829868e-03 2.106057e-03 2.106060e-03 1.277487e-03
5.337013e+02 1.744748e-03 2.019053e-03 2.019055e-03 1.196137e-03
5.337283e+02 1.661554e-03 1.932973e-03 1.932974e-03 1.118715e-03
5.337554e+02 1.580402e-03 1.848020e-03 1.848021e-03 1.045166e-03
5.337824e+02 1.501401e-03 1.764388e-03 1.764389e-03 9.754247e-04
5.338095e+02 1.424646e-03 1.682261e-03 1.682261e-03 9.094159e-04
5.338365e+02 1.350223e-03 1.601806e-03 1.601806e-03 8.470559e-04
5.338636e+02 1.278205e-03 1.523181e-03 1.523181e-03 7.882539e-04
5.338906e+02 1.208656e-03 1.446527e-03 1.446527e-03 7.329127e-04
5.339177e+02 1.141626e-03 1.371974e-03 1.371974e-03 6.809296e-04
5.339447e+02 1.077157e-03 1.299636e-03 1.299636e-03 6.321977e-04
5.339718e+02 1.015278e-03 1.229614e-03 1.229613e-03 5.866063e-04
5.339988e+02 9.560096e-04 1.161994e-03 1.161993e-03 5.440424e-04
5.340259e+02 8.993616e-04 1.096848e-03 1.096846e-03 5.043906e-04
5.340529e+02 8.453341e-04 1.034235e-03 1.034233e-03 4.675346e-04
5.340800e+02 7.939182e-04 9.741994e-04 9.741977e-04 4.333575e-04
5.341070e+02 7.450966e-04 9.167746e-04 9.167727e-04 4.017424e-04
5.341341e+02 6.988436e-04 8.619799e-04 8.619780e-04 3.725730e-04
5.341611e+02 6.551264e-04 8.098234e-04 8.098214e-04 3.457344e-04
5.341882e+02 6.139048e-04 7.603017e-04 7.602997e-04 3.211130e-04
5.342152e+02 5.751326e-04 7.134012e-04 7.133992e-04 2.985975e-04
5.342423e+02 5.387577e-04 6.690983e-04 6.690962e-04 2.780788e-04
5.342693e+02 5.047230e-04 6.273602e-04 6.273582e-04 2.594505e-04
5.342964e+02 4.729666e-04 5.881463e-04 5.881442e-04 2.426093e-04
5.343234e+02 4.434230e-04 5.514080e-04 5.514060e-04 2.274551e-04
5.343505e+02 4.160233e-04 5.170905e-04 5.170885e-04 2.138911e-04
5.343775e+02 3.906959e-04 4.851329e-04 4.851309e-04 2.018240e-04
5.344046e+02 3.673669e-04 4.554691e-04 4.554672e-04 1.911644e-04
5.344316e+02 3.459610e-04 4.280291e-04 4.280272e-04 1.818266e-04
5.344587e+02 3.264016e-04 4.027390e-04 4.027371e-04 1.737286e-04
5.344857e+02 3.086116e-04 3.795221e-04 3.795203e-04 1.667923e-04
5.345128e+02 2.925137e-04 3.582996e-04 3.582978e-04 1.609436e-04
5.345398e+02 2.780309e-04 3.389912e-04 3.389895e-04 1.561122e-04
5.345669e+02 2.650870e-04 3.215157e-04 3.215140e-04 1.522315e-04
5.345939e+02 2.536066e-04 3.057914e-04 3.057897e-04 1.492388e-04
5.346210e+02 2.435158e-04 2.917370e-04 2.917353e-04 1.470752e-04
5.346480e+02 2.347423e-04 2.792717e-04 2.792700e-04 1.456851e-04
5.346751e+02 2.272156e-04 2.683159e-04 2.683142e-04 1.450168e-04
5.347021e+02 2.208676e-04 2.587913e-04 2.587896e-04 1.450218e-04
5.347292e+02 2.156322e-04 2.506216e-04 2.506199e-04 1.456549e-04
5.347562e+02 2.114459e-04 2.437325e-04 2.437308e-04 1.468742e-04
5.347833e+02 2.082478e-04 2.380521e-04 2.380504e-04 1.486408e-04
5.348103e+02 2.059797e-04 2.335111e-04 2.335093e-04 1.509188e-04
5.348374e+02 2.045862e-04 2.300427e-04 2.300409e-04 1.536749e-04
5.348644e+02 2.040145e-04 2.275834e-04 2.275814e-04 1.568787e-04
5.348915e+02 2.042149e-04 2.260724e-04 2.260703e-04 1.605022e-04
5.349185e+02 2.051405e-04 2.254519e-04 2.254497e-04 1.645198e-04
5.349456e+02 2.067470e-04 2.256675e-04 2.256652e-04 1.689082e-04
5.349726e+02 2.089930e-04 2.266676e-04 2.266652e-04 1.736463e-04
5.349997e+02 2.118401e-04 2.284040e-04 2.284014e-04 1.787148e-04
5.350267e+02 2.152521e-04 2.308313e-04 2.308285e-04 1.840965e-04
5.350538e+02 2.191958e-04 2.339073e-04 2.339044e-04 1.897756e-04
5.350808e+02 2.236403e-04 2.375928e-04 2.375897e-04 1.957385e-04
5.351079e+02 2.285573e-04 2.418514e-04 2.418481e-04 2.019725e-04
5.351349e+02 2.339208e-04 2.466496e-04 2.466461e-04 2.084668e-04
5.351620e+02 2.397070e-04 2.519566e-04 2.519528e-04 2.152115e-04
5.351890e+02 2.458941e-04 2.577440e-04 2.577400e-04 2.221984e-04
5.352161e+02 2.524627e-04 2.639863e-04 2.639820e-04 2.294199e-04
5.352431e+02 2.593951e-04 2.706601e-04 2.706555e-04 2.368698e-04
5.352702e+02 2.666755e-04 2.777443e-04 2.777394e-04 2.445427e-04
5.352972e+02 2.742897e-04 2.852201e-04 2.852149e-04 2.524342e-04
5.353243e+02 2.822254e-04 2.930707e-04 2.930651e-04 2.605404e-04
5.353513e+02 2.904717e-04 3.012812e-04 3.012752e-04 2.688586e-04
5.353784e+02 2.990189e-04 3.098384e-04 3.098321e-04 2.773863e-04
5.354054e+02 3.078592e-04 3.187311e-04 3.187244e-04 2.861220e-04
5.354325e+02 3.169856e-04 3.279495e-04 3.279425e-04 2.950647e-04
5.354595e+02 3.263924e-04 3.374854e-04 3.374780e-04 3.042136e-04
5.354866e+02 3.360751e-04 3.473321e-04 3.473242e-04 3.135689e-04
5.355136e+02 3.460302e-04 3.574839e-04 3.574757e-04 3.231309e-04
5.355407e+02 3.562551e-04 3.679368e-04 3.679281e-04 3.329004e-04
5.355677e+02 3.667483e-04 3.786877e-04 3.786785e-04 3.428787e-04
5.355948e+02 3.775088e-04 3.897344e-04 3.897248e-04 3.530672e-04
5.356218e+02 3.885367e-04 4.010762e-04 4.010662e-04 3.634678e-04
5.356489e+02 3.998327e-04 4.127129e-04 4.127024e-04 3.740829e-04
5.356759e+02 4.113983e-04 4.246455e-04 4.246345e-04 3.849148e-04
5.357030e+02 4.232353e-04 4.368756e-04 4.368641e-04 3.959663e-04
5.357300e+02 4.353466e-04 4.494056e-04 4.493936e-04 4.072406e-04
5.357571e+02 4.477353e-04 4.622387e-04 4.622263e-04 4.187408e-04
5.357841e+02 4.604051e-04 4.753788e-04 4.753659e-04 4.304706e-04
5.358112e+02 4.733603e-04 4.888303e-04 4.888169e-04 4.424337e-04
5.358382e+02 4.866055e-04 5.025982e-04 5.025843e-04 4.546340e-04
5.358653e+02 5.001458e-04 5.166880e-04 5.166736e-04 4.670759e-04
5.358923e+02 5.139868e-04 5.311058e-04 5.310908e-04 4.797637e-04
5.359194e+02 5.281342e-04 5.458580e-04 5.458425e-04 4.927021e-04
5.359464e+02 5.425942e-04 5.609514e-04 5.609354e-04 5.058958e-04
5.359735e+02 5.573733e-04 5.763932e-04 5.763767e-04 5.193499e-04
5.360005e+02 5.724781e-04 5.921909e-04 5.921739e-04 5.330694e-04
5.360276e+02 5.879155e-04 6.083522e-04 6.083347e-04 5.470598e-04
5.360546e+02 6.036927e-04 6.248849e-04 6.248669e-04 5.613265e-04
5.360817e+02 6.198169e-04 6.417971e-04 6.417785e-04 5.758750e-04
5.361087e+02 6.362952e-04 6.590967e-04 6.590777e-04 5.907112e-04
5.361358e+02 6.531351e-04 6.767920e-04 6.767725e-04 6.058409e-04
5.361628e+02 6.703439e-04 6.948909e-04 6.948709e-04 6.212699e-04
5.361899e+02 6.879287e-04 7.134011e-04 7.133806e-04 6.370044e-04
5.362169e+02 7.058967e-04 7.323304e-04 7.323094e-04 6.530502e-04
5.362440e+02 7.242546e-04 7.516859e-04 7.516645e-04 6.694136e-04
5.362710e+02 7.430092e-04 7.714745e-04 7.714526e-04 6.861004e-04
5.362981e+02 7.621665e-04 7.917025e-04 7.916802e-04 7.031168e-04
5.363251e+02 7.817324e-04 8.123757e-04 8.123529e-04 7.204685e-04
5.363522e+02 8.017121e-04 8.334990e-04 8.334758e-04 7.381615e-04
5.363792e+02 8.221102e-04 8.550764e-04 8.550528e-04 7.562014e-04
5.364063e+02 8.429307e-04 8.771112e-04 8.770872e-04 7.745936e-04
5.364333e+02 8.641765e-04 8.996054e-04 8.995810e-04 7.933433e-04
5.364604e+02 8.858499e-04 9.225596e-04 9.225349e-04 8.124553e-04
5.364874e+02 9.079519e-04 9.459734e-04 9.459483e-04 8.319341e-04
5.365145e+02 9.304826e-04 9.698447e-04 9.698192e-04 8.517838e-04
5.365415e+02 9.534405e-04 9.941696e-04 9.941438e-04 8.720080e-04
5.365686e+02 9.768230e-04 1.018943e-03 1.018917e-03 8.926097e-04
5.365956e+02 1.000626e-03 1.044156e-03 1.044130e-03 9.135912e-04
5.366227e+02 1.024843e-03 1.069801e-03 1.069775e-03 9.349541e-04
5.366497e+02 1.049468e-03 1.095866e-03 1.095839e-03 9.566994e-04
5.366768e+02 1.074490e-03 1.122336e-03 1.122308e-03 9.788269e-04
5.367038e+02 1.099899e-03 1.149195e-03 1.149167e-03 1.001336e-03
5.367309e+02 1.125681e-03 1.176423e-03 1.176396e-03 1.024224e-03
5.367579e+02 1.151820e-03 1.204000e-03 1.203972e-03 1.047488e-03
5.367850e+02 1.178299e-03 1.231901e-03 1.231873e-03 1.071124e-03
5.368120e+02 1.205098e-03 1.260099e-03 1.260071e-03 1.095125e-03
5.368391e+02 1.232195e-03 1.288563e-03 1.288535e-03 1.119486e-03
5.368661e+02 1.259563e-03 1.317261e-03 1.317232e-03 1.144197e-03
5.368932e+02 1.287177e-03 1.346157e-03 1.346128e-03 1.169247e-03
5.369202e+02 1.315007e-03 1.375211e-03 1.375183e-03 1.194626e-03
5.369473e+02 1.343019e-03 1.404383e-03 1.404355e-03 1.220320e-03
5.369743e+02 1.371180e-03 1.433628e-03 1.433599e-03 1.246313e-03
5.370014e+02 1.399452e-03 1.462898e-03 1.462870e-03 1.272589e-03
5.370284e+02 1.427796e-03 1.492144e-03 1.492115e-03 1.299128e-03
5.370555e+02 1.456169e-03 1.521313e-03 1.521284e-03 1.325910e-03
5.370825e+02 1.484528e-03 1.550350e-03 1.550321e-03 1.352912e-03
5.371096e+02 1.512826e-03 1.579198e-03 1.579170e-03 1.380109e-03
5.371366e+02 1.541015e-03 1.607799e-03 1.607770e-03 1.407475e-03
5.371637e+02 1.569044e-03 1.636090e-03 1.636062e-03 1.434981e-03
5.371907e+02 1.596863e-03 1.664011e-03 1.663983e-03 1.462596e-03
5.372178e+02 1.624419e-03 1.691498e-03 1.691469e-03 1.490289e-03
5.372448e+02 1.651656e-03 1.718485e-03 1.718457e-03 1.518025e-03
5.372719e+02 1.678520e-03 1.744909e-03 1.744882e-03 1.545770e-03
5.372989e+02 1.704956e-03 1.770705e-03 1.770677e-03 1.573485e-03
5.373260e+02 1.730906e-03 1.795806e-03 1.795779e-03 1.601132e-03
5.373530e+02 1.756315e-03 1.820150e-03 1.820123e-03 1.628671e-03
5.373801e+02 1.781127e-03 1.843673e-03 1.843646e-03 1.656061e-03
5.374071e+02 1.805286e-03 1.866312e-03 1.866286e-03 1.683260e-03
5.374342e+02 1.828738e-03 1.888007e-03 1.887981e-03 1.710224e-03
5.374612e+02 1.851429e-03 1.908701e-03 1.908675e-03 1.736911e-03
5.374883e+02 1.873308e-03 1.928337e-03 1.928311e-03 1.763276e-03
5.375153e+02 1.894325e-03 1.946862e-03 1.946838e-03 1.789276e-03
5.375424e+02 1.914433e-03 1.964229e-03 1.964205e-03 1.814866e-03
5.375694e+02 1.933586e-03 1.980390e-03 1.980367e-03 1.840002e-03
5.375965e+02 1.951743e-03 1.995305e-03 1.995282e-03 1.864641e-03
5.376235e+02 1.968864e-03 2.008937e-03 2.008914e-03 1.888741e-03
5.376506e+02 1.984914e-03 2.021252e-03 2.021230e-03 1.912260e-03
5.376776e+02 1.999862e-03 2.032224e-03 2.032203e-03 1.935159e-03
5.377047e+02 2.013679e-03 2.041831e-03 2.041809e-03 1.957398e-03
5.377317e+02 2.026343e-03 2.050054e-03 2.050033e-03 1.978941e-03
5.377588e+02 2.037833e-03 2.056884e-03 2.056864e-03 1.999753e-03
5.377858e+02 2.048137e-03 2.062314e-03 2.062295e-03 2.019801e-03
5.378129e+02 2.057243e-03 2.066345e-03 2.066326e-03 2.039057e-03
5.378399e+02 2.065147e-03 2.068983e-03 2.068965e-03 2.057491e-03
5.378670e+02 2.071848e-03 2.070240e-03 2.070223e-03 2.075081e-03
5.378940e+02 2.077352e-03 2.070134e-03 2.070117e-03 2.091804e-03
5.379211e+02 2.081668e-03 2.068688e-03 2.068672e-03 2.107643e-03
5.379481e+02 2.084810e-03 2.065932e-03 2.065916e-03 2.122583e-03
5.379752e+02 2.086799e-03 2.061900e-03 2.061885e-03 2.136612e-03
5.380022e+02 2.087658e-03 2.056632e-03 2.056617e-03 2.149723e-03
5.380293e+02 2.087415e-03 2.050174e-03 2.050159e-03 2.161912e-03
5.380563e+02 2.086104e-03 2.042574e-03 2.042560e-03 2.173179e-03
5.380834e+02 2.083763e-03 2.033888e-03 2.033875e-03 2.183527e-03
5.381104e+02 2.080433e-03 2.024174e-03 2.024161e-03 2.192963e-03
5.381375e+02 2.076158e-03 2.013494e-03 2.013482e-03 2.201498e-03
5.381645e+02 2.070988e-03 2.001914e-03 2.001902e-03 2.209148e-03
5.381916e+02 2.064975e-03 1.989503e-03 1.989492e-03 2.215930e-03
5.382186e+02 2.058174e-03 1.976333e-03 1.976322e-03 2.221866e-03
5.382457e+02 2.050642e-03 1.962477e-03 1.962467e-03 2.226982e-03
5.382727e+02 2.042440e-03 1.948012e-03 1.948002e-03 2.231306e-03
5.382998e+02 2.033630e-03 1.933014e-03 1.933004e-03 2.234871e-03
5.383268e+02 2.024275e-03 1.917561e-03 1.917552e-03 2.237712e-03
5.383539e+02 2.014440e-03 1.901733e-03 1.901724e-03 2.239865e-03
5.383809e+02 2.004193e-03 1.885608e-03 1.885599e-03 2.241373e-03
5.384080e+02 1.993600e-03 1.869265e-03 1.869257e-03 2.242277e-03
5.384350e+02 1.982728e-03 1.852783e-03 1.852775e-03 2.242625e-03
5.384621e+02 1.971644e-03 1.836239e-03 1.836231e-03 2.242462e-03
5.384891e+02 1.960417e-03 1.819709e-03 1.819702e-03 2.241839e-03
5.385162e+02 1.949112e-03 1.803269e-03 1.803261e-03 2.240806e-03
5.385432e+02 1.937796e-03 1.786990e-03 1.786983e-03 2.239416e-03
5.385703e+02 1.926534e-03 1.770943e-03 1.770936e-03 2.237722e-03
5.385973e+02 1.915389e-03 1.755198e-03 1.755191e-03 2.235780e-03
5.386244e+02 1.904424e-03 1.739818e-03 1.739811e-03 2.233643e-03
5.386514e+02 1.893699e-03 1.724869e-03 1.724862e-03 2.231368e-03
5.386785e+02 1.883273e-03 1.710408e-03 1.710401e-03 2.229010e-03
5.387055e+02 1.873202e-03 1.696494e-03 1.696488e-03 2.226624e-03
5.387326e+02 1.863541e-03 1.683181e-03 1.683174e-03 2.224267e-03
5.387596e+02 1.854340e-03 1.670518e-03 1.670511e-03 2.221993e-03
5.387867e+02 1.845651e-03 1.658552e-03 1.658545e-03 2.219856e-03
5.388137e+02 1.837519e-03 1.647329e-03 1.647321e-03 2.217908e-03
5.388408e+02 1.829989e-03 1.636887e-03 1.636879e-03 2.216202e-03
5.388678e+02 1.823102e-03 1.627263e-03 1.627256e-03 2.214787e-03
5.388949e+02 1.816896e-03 1.618492e-03 1.618485e-03 2.213712e-03
5.389219e+02 1.811408e-03 1.610604e-03 1.610596e-03 2.213024e-03
5.389490e+02 1.806670e-03 1.603625e-03 1.603617e-03 2.212768e-03
5.389760e+02 1.802712e-03 1.597579e-03 1.597570e-03 2.212985e-03
5.390031e+02 1.799560e-03 1.592487e-03 1.592478e-03 2.213716e-03
5.390301e+02 1.797240e-03 1.588366e-03 1.588357e-03 2.214999e-03
5.390572e+02 1.795773e-03 1.585231e-03 1.585222e-03 2.216866e-03
5.390842e+02 1.795177e-03 1.583094e-03 1.583084e-03 2.219352e-03
5.391113e+02 1.795467e-03 1.581964e-03 1.581954e-03 2.222484e-03
5.391383e+02 1.796658e-03 1.581847e-03 1.581837e-03 2.226289e-03
5.391654e+02 1.798758e-03 1.582748e-03 1.582738e-03 2.230789e-03
5.391924e+02 1.801777e-03 1.584669e-03 1.584658e-03 2.236004e-03
5.392195e+02 1.805719e-03 1.587609e-03 1.587598e-03 2.241951e-03
5.392465e+02 1.810588e-03 1.591567e-03 1.591555e-03 2.248643e-03
5.392736e+02 1.816385e-03 1.596537e-03 1.596526e-03 2.256091e-03
5.393006e+02 1.823107e-03 1.602516e-03 1.602503e-03 2.264302e-03
5.393277e+02 1.830752e-03 1.609494e-03 1.609481e-03 2.273281e-03
5.393547e+02 1.839314e-03 1.617463e-03 1.617450e-03 2.283030e-03
5.393818e+02 1.848787e-03 1.626414e-03 1.626401e-03 2.293547e-03
5.394088e+02 1.859162e-03 1.636335e-03 1.636321e-03 2.304829e-03
5.394359e+02 1.870428e-03 1.647213e-03 1.647200e-03 2.316871e-03
5.394629e+02 1.882575e-03 1.659037e-03 1.659023e-03 2.329666e-03
5.394900e+02 1.895591e-03 1.671791e-03 1.671777e-03 2.343204e-03
5.395170e+02 1.909461e-03 1.685462e-03 1.685447e-03 2.357474e-03
5.395441e+02 1.924173e-03 1.700033e-03 1.700019e-03 2.372466e-03
5.395711e+02 1.939711e-03 1.715491e-03 1.715476e-03 2.388166e-03
5.395982e+02 1.956061e-03 1.731818e-03 1.731802e-03 2.404563e-03
5.396252e+02 1.973208e-03 1.748998e-03 1.748982e-03 2.421644e-03
5.396523e+02 1.991136e-03 1.767015e-03 1.766999e-03 2.439396e-03
5.396793e+02 2.009832e-03 1.785852e-03 1.785836e-03 2.457808e-03
5.397064e+02 2.029280e-03 1.805492e-03 1.805477e-03 2.476871e-03
5.397334e+02 2.049466e-03 1.825920e-03 1.825904e-03 2.496575e-03
5.397605e+02 2.070378e-03 1.847117e-03 1.847101e-03 2.516915e-03
5.397875e+02 2.092002e-03 1.869067e-03 1.869051e-03 2.537887e-03
5.398146e+02 2.114326e-03 1.891753e-03 1.891737e-03 2.559489e-03
5.398416e+02 2.137341e-03 1.915158e-03 1.915142e-03 2.581722e-03
5.398687e+02 2.161036e-03 1.939265e-03 1.939250e-03 2.604593e-03
5.398957e+02 2.185403e-03 1.964058e-03 1.964042e-03 2.628109e-03
5.399228e+02 2.210435e-03 1.989519e-03 1.989503e-03 2.652282e-03
5.399498e+02 2.236125e-03 2.015630e-03 2.015615e-03 2.677129e-03
5.399769e+02 2.262468e-03 2.042375e-03 2.042360e-03 2.702669e-03
5.400039e+02 2.289461e-03 2.069736e-03 2.069721e-03 2.728926e-03
5.400310e+02 2.317100e-03 2.097694e-03 2.097679e-03 2.755927e-03
5.400580e+02 2.345383e-03 2.126230e-03 2.126216e-03 2.783703e-03
5.400851e+02 2.374309e-03 2.155327e-03 2.155313e-03 2.812288e-03
5.401121e+02 2.403877e-03 2.184963e-03 2.184950e-03 2.841720e-03
5.401392e+02 2.434087e-03 2.215118e-03 2.215105e-03 2.872037e-03
5.401662e+02 2.464937e-03 2.245771e-03 2.245758e-03 2.903282e-03
5.401933e+02 2.496428e-03 2.276898e-03 2.276886e-03 2.935499e-03
5.402203e+02 2.528558e-03 2.308477e-03 2.308466e-03 2.968731e-03
5.402474e+02 2.561326e-03 2.340482e-03 2.340472e-03 3.003023e-03
5.402744e+02 2.594728e-03 2.372888e-03 2.372878e-03 3.038418e-03
5.403015e+02 2.628761e-03 2.405666e-03 2.405656e-03 3.074960e-03
5.403285e+02 2.663417e-03 2.438787e-03 2.438778e-03 3.112687e-03
5.403556e+02 2.698690e-03 2.472221e-03 2.472212e-03 3.151638e-03
5.403826e+02 2.734568e-03 2.505935e-03 2.505927e-03 3.191844e-03
5.404097e+02 2.771038e-03 2.539894e-03 2.539887e-03 3.233333e-03
5.404367e+02 2.808082e-03 2.574063e-03 2.574057e-03 3.276125e-03
5.404638e+02 2.845680e-03 2.608405e-03 2.608399e-03 3.320235e-03
5.404908e+02 2.883807e-03 2.642879e-03 2.642873e-03 3.365668e-03
5.405179e+02 2.922435e-03 2.677444e-03 2.677439e-03 3.412422e-03
5.405449e+02 2.961530e-03 2.712057e-03 2.712052e-03 3.460481e-03
5.405720e+02 3.001055e-03 2.746673e-03 2.746669e-03 3.509823e-03
5.405990e+02 3.040966e-03 2.781245e-03 2.781242e-03 3.560411e-03
5.406261e+02 3.081216e-03 2.815726e-03 2.815724e-03 3.612197e-03
5.406531e+02 3.121750e-03 2.850067e-03 2.850065e-03 3.665119e-03
5.406802e+02 3.162511e-03 2.884215e-03 2.884214e-03 3.719104e-03
5.407072e+02 3.203433e-03 2.918119e-03 2.918118e-03 3.774063e-03
5.407343e+02 3.244449e-03 2.951726e-03 2.951726e-03 3.829893e-03
5.407613e+02 3.285482e-03 2.984983e-03 2.984983e-03 3.886480e-03
5.407884e+02 3.326453e-03 3.017833e-03 3.017834e-03 3.943692e-03
5.408154e+02 3.367278e-03 3.050224e-03 3.050225e-03 4.001387e-03
5.408425e+02 3.407868e-03 3.082098e-03 3.082100e-03 4.059407e-03
5.408695e+02 3.448128e-03 3.113401e-03 3.113403e-03 4.117582e-03
5.408966e+02 3.487962e-03 3.144077e-03 3.144079e-03 4.175731e-03
5.409236e+02 3.527269e-03 3.174071e-03 3.174074e-03 4.233661e-03
5.409507e+02 3.565944e-03 3.203330e-03 3.203334e-03 4.291169e-03
5.409777e+02 3.603882e-03 3.231800e-03 3.231803e-03 4.348043e-03
5.410048e+02 3.640974e-03 3.259428e-03 3.259432e-03 4.404062e-03
5.410318e+02 3.677110e-03 3.286162e-03 3.286167e-03 4.459001e-03
5.410589e+02 3.712181e-03 3.311954e-03 3.311959e-03 4.512628e-03
5.410859e+02 3.746075e-03 3.336755e-03 3.336760e-03 4.564709e-03
5.411130e+02 3.778683e-03 3.360519e-03 3.360524e-03 4.615007e-03
5.411400e+02 3.809897e-03 3.383200e-03 3.383205e-03 4.663287e-03
5.411671e+02 3.839611e-03 3.404756e-03 3.404762e-03 4.709315e-03
5.411941e+02 3.867720e-03 3.425147e-03 3.425153e-03 4.752859e-03
5.412212e+02 3.894124e-03 3.444335e-03 3.444342e-03 4.793696e-03
5.412482e+02 3.918727e-03 3.462284e-03 3.462291e-03 4.831607e-03
5.412753e+02 3.941437e-03 3.478960e-03 3.478967e-03 4.866384e-03
5.413023e+02 3.962168e-03 3.494333e-03 3.494340e-03 4.897829e-03
5.413294e+02 3.980838e-03 3.508374e-03 3.508382e-03 4.925757e-03
5.413564e+02 3.997373e-03 3.521058e-03 3.521066e-03 4.949997e-03
5.413835e+02 4.011707e-03 3.532360e-03 3.532368e-03 4.970393e-03
5.414105e+02 4.023778e-03 3.542261e-03 3.542270e-03 4.986804e-03
5.414376e+02 4.033535e-03 3.550743e-03 3.550752e-03 4.999111e-03
5.414646e+02 4.040933e-03 3.557789e-03 3.557798e-03 5.007212e-03
5.414917e+02 4.045936e-03 3.563387e-03 3.563397e-03 5.011023e-03
5.415187e+02 4.048516e-03 3.567527e-03 3.567537e-03 5.010484e-03
5.415458e+02 4.048656e-03 3.570200e-03 3.570211e-03 5.005555e-03
5.415728e+02 4.046345e-03 3.571403e-03 3.571414e-03 4.996218e-03
5.415999e+02 4.041584e-03 3.571131e-03 3.571143e-03 4.982476e-03
5.416269e+02 4.034381e-03 3.569387e-03 3.569399e-03 4.964356e-03
5.416540e+02 4.024754e-03 3.566171e-03 3.566184e-03 4.941906e-03
5.416810e+02 4.012730e-03 3.561490e-03 3.561504e-03 4.915197e-03
5.417081e+02 3.998347e-03 3.555353e-03 3.555368e-03 4.884319e-03
5.417351e+02 3.981648e-03 3.547771e-03 3.547786e-03 4.849387e-03
5.417622e+02 3.962688e-03 3.538759e-03 3.538774e-03 4.810532e-03
5.417892e+02 3.941530e-03 3.528333e-03 3.528350e-03 4.767908e-03
5.418163e+02 3.918245e-03 3.516516e-03 3.516534e-03 4.721686e-03
5.418433e+02 3.892913e-03 3.503333e-03 3.503351e-03 4.672054e-03
5.418704e+02 3.865620e-03 3.488810e-03 3.488830e-03 4.619219e-03
5.418974e+02 3.836462e-03 3.472982e-03 3.473002e-03 4.563401e-03
5.419245e+02 3.805541e-03 3.455884e-03 3.455905e-03 4.504834e-03
5.419515e+02 3.772967e-03 3.437557e-03 3.437578e-03 4.443766e-03
5.419786e+02 3.738856e-03 3.418046e-03 3.418068e-03 4.380455e-03
5.420056e+02 3.703332e-03 3.397401e-03 3.397425e-03 4.315170e-03
5.420327e+02 3.666522e-03 3.375679e-03 3.375703e-03 4.248185e-03
5.420597e+02 3.628562e-03 3.352938e-03 3.352963e-03 4.179785e-03
5.420868e+02 3.589591e-03 3.329245e-03 3.329271e-03 4.110256e-03
5.421138e+02 3.549754e-03 3.304671e-03 3.304699e-03 4.039891e-03
5.421409e+02 3.509199e-03 3.279294e-03 3.279322e-03 3.968982e-03
5.421679e+02 3.468081e-03 3.253195e-03 3.253224e-03 3.897824e-03
5.421950e+02 3.426556e-03 3.226465e-03 3.226495e-03 3.826708e-03
5.422220e+02 3.384783e-03 3.199197e-03 3.199228e-03 3.755925e-03
5.422491e+02 3.342926e-03 3.171494e-03 3.171525e-03 3.685759e-03
5.422761e+02 3.301148e-03 3.143460e-03 3.143492e-03 3.616492e-03
5.423032e+02 3.259615e-03 3.115209e-03 3.115242e-03 3.548394e-03
5.423302e+02 3.218495e-03 3.086860e-03 3.086893e-03 3.481731e-03
5.423573e+02 3.177953e-03 3.058535e-03 3.058569e-03 3.416756e-03
5.423843e+02 3.138158e-03 3.030364e-03 3.030398e-03 3.353712e-03
5.424114e+02 3.099274e-03 3.002480e-03 3.002515e-03 3.292829e-03
5.424384e+02 3.061467e-03 2.975021e-03 2.975056e-03 3.234323e-03
5.424655e+02 3.024897e-03 2.948129e-03 2.948165e-03 3.178397e-03
5.424925e+02 2.989724e-03 2.921950e-03 2.921986e-03 3.125235e-03
5.425196e+02 2.956102e-03 2.896631e-03 2.896668e-03 3.075007e-03
5.425466e+02 2.924182e-03 2.872323e-03 2.872360e-03 3.027862e-03
5.425737e+02 2.894109e-03 2.849178e-03 2.849215e-03 2.983934e-03
5.426007e+02 2.866023e-03 2.827348e-03 2.827385e-03 2.943335e-03
5.426278e+02 2.840055e-03 2.806984e-03 2.807021e-03 2.906159e-03
5.426548e+02 2.816330e-03 2.788239e-03 2.788276e-03 2.872476e-03
5.426819e+02 2.794966e-03 2.771260e-03 2.771297e-03 2.842339e-03
5.427089e+02 2.776068e-03 2.756194e-03 2.756231e-03 2.815779e-03
5.427360e+02 2.759736e-03 2.743183e-03 2.743220e-03 2.792804e-03
5.427630e+02 2.746056e-03 2.732364e-03 2.732400e-03 2.773403e-03
5.427901e+02 2.735104e-03 2.723868e-03 2.723903e-03 2.757542e-03
5.428171e+02 2.726946e-03 2.717818e-03 2.717853e-03 2.745167e-03
5.428442e+02 2.721633e-03 2.714330e-03 2.714365e-03 2.736205e-03
5.428712e+02 2.719206e-03 2.713512e-03 2.713546e-03 2.730560e-03
5.428983e+02 2.719690e-03 2.715459e-03 2.715492e-03 2.728120e-03
5.429253e+02 2.723099e-03 2.720256e-03 2.720289e-03 2.728752e-03
5.429524e+02 2.729431e-03 2.727977e-03 2.728009e-03 2.732308e-03
5.429794e+02 2.738672e-03 2.738681e-03 2.738713e-03 2.738623e-03
5.430065e+02 2.750792e-03 2.752414e-03 2.752445e-03 2.747516e-03
5.430335e+02 2.765746e-03 2.769208e-03 2.769238e-03 2.758793e-03
5.430606e+02 2.783477e-03 2.789077e-03 2.789106e-03 2.772248e-03
5.430876e+02 2.803911e-03 2.812021e-03 2.812049e-03 2.787664e-03
5.431147e+02 2.826962e-03 2.838022e-03 2.838050e-03 2.804815e-03
5.431417e+02 2.852528e-03 2.867046e-03 2.867072e-03 2.823467e-03
5.431688e+02 2.880495e-03 2.899038e-03 2.899063e-03 2.843382e-03
5.431958e+02 2.910733e-03 2.933929e-03 2.933953e-03 2.864316e-03
5.432229e+02 2.943102e-03 2.971629e-03 2.971652e-03 2.886024e-03
5.432499e+02 2.977448e-03 3.012031e-03 3.012053e-03 2.908260e-03
5.432770e+02 3.013606e-03 3.055009e-03 3.055030e-03 2.930780e-03
5.433040e+02 3.051401e-03 3.100420e-03 3.100440e-03 2.953342e-03
5.433311e+02 3.090645e-03 3.148102e-03 3.148121e-03 2.975711e-03
5.433581e+02 3.131143e-03 3.197878e-03 3.197896e-03 2.997656e-03
5.433852e+02 3.172692e-03 3.249552e-03 3.249568e-03 3.018955e-03
5.434122e+02 3.215079e-03 3.302913e-03 3.302929e-03 3.039395e-03
5.434393e+02 3.258088e-03 3.357737e-03 3.357752e-03 3.058775e-03
5.434663e+02 3.301496e-03 3.413784e-03 3.413798e-03 3.076905e-03
5.434934e+02 3.345076e-03 3.470803e-03 3.470816e-03 3.093608e-03
5.435204e+02 3.388598e-03 3.528531e-03 3.528543e-03 3.108721e-03
5.435475e+02 3.431832e-03 3.586695e-03 3.586706e-03 3.122095e-03
5.435745e+02 3.474546e-03 3.645015e-03 3.645024e-03 3.133599e-03
5.436016e+02 3.516510e-03 3.703203e-03 3.703211e-03 3.143116e-03
5.436286e+02 3.557495e-03 3.760967e-03 3.760974e-03 3.150545e-03
5.436557e+02 3.597278e-03 3.818013e-03 3.818019e-03 3.155803e-03
5.436827e+02 3.635639e-03 3.874045e-03 3.874050e-03 3.158822e-03
5.437098e+02 3.672364e-03 3.928768e-03 3.928772e-03 3.159551e-03
5.437368e+02 3.707248e-03 3.981892e-03 3.981895e-03 3.157956e-03
5.437639e+02 3.740092e-03 4.033128e-03 4.033130e-03 3.154018e-03
5.437909e+02 3.770711e-03 4.082199e-03 4.082200e-03 3.147734e-03
5.438180e+02 3.798928e-03 4.128834e-03 4.128834e-03 3.139114e-03
5.438450e+02 3.824577e-03 4.172774e-03 4.172773e-03 3.128185e-03
5.438721e+02 3.847509e-03 4.213773e-03 4.213771e-03 3.114983e-03
5.438991e+02 3.867586e-03 4.251600e-03 4.251597e-03 3.099561e-03
5.439262e+02 3.884685e-03 4.286040e-03 4.286036e-03 3.081979e-03
5.439532e+02 3.898699e-03 4.316896e-03 4.316892e-03 3.062310e-03
5.439803e+02 3.909539e-03 4.343992e-03 4.343988e-03 3.040636e-03
5.440073e+02 3.917128e-03 4.367172e-03 4.367167e-03 3.017046e-03
5.440344e+02 3.921411e-03 4.386301e-03 4.386296e-03 2.991636e-03
5.440614e+02 3.922348e-03 4.401269e-03 4.401263e-03 2.964511e-03
5.440885e+02 3.919915e-03 4.411988e-03 4.411981e-03 2.935776e-03
5.441155e+02 3.914109e-03 4.418395e-03 4.418388e-03 2.905544e-03
5.441426e+02 3.904942e-03 4.420452e-03 4.420444e-03 2.873930e-03
5.441696e+02 3.892442e-03 4.418143e-03 4.418135e-03 2.841047e-03
5.441967e+02 3.876656e-03 4.411481e-03 4.411473e-03 2.807015e-03
5.442237e+02 3.857647e-03 4.400500e-03 4.400492e-03 2.771950e-03
5.442508e+02 3.835492e-03 4.385259e-03 4.385250e-03 2.735967e-03
5.442778e+02 3.810283e-03 4.365839e-03 4.365830e-03 2.699181e-03
5.443049e+02 3.782127e-03 4.342344e-03 4.342335e-03 2.661703e-03
5.443319e+02 3.751144e-03 4.314898e-03 4.314889e-03 2.623644e-03
5.443590e+02 3.717463e-03 4.283646e-03 4.283637e-03 2.585108e-03
5.443860e+02 3.681228e-03 4.248749e-03 4.248740e-03 2.546196e-03
5.444131e+02 3.642590e-03 4.210387e-03 4.210377e-03 2.507005e-03
5.444401e+02 3.601708e-03 4.168752e-03 4.168743e-03 2.467628e-03
5.444672e+02 3.558748e-03 4.124051e-03 4.124042e-03 2.428152e-03
5.444942e+02 3.513884e-03 4.076501e-03 4.076492e-03 2.388657e-03
5.445213e+02 3.467290e-03 4.026329e-03 4.026321e-03 2.349221e-03
5.445483e+02 3.419147e-03 3.973769e-03 3.973761e-03 2.309913e-03
5.445754e+02 3.369636e-03 3.919058e-03 3.919050e-03 2.270799e-03
5.446024e+02 3.318936e-03 3.862438e-03 3.862431e-03 2.231939e-03
5.446295e+02 3.267228e-03 3.804152e-03 3.804145e-03 2.193386e-03
5.446565e+02 3.214688e-03 3.744441e-03 3.744435e-03 2.155189e-03
5.446836e+02 3.161492e-03 3.683545e-03 3.683539e-03 2.117391e-03
5.447106e+02 3.107807e-03 3.621698e-03 3.621692e-03 2.080031e-03
5.447377e+02 3.053797e-03 3.559127e-03 3.559122e-03 2.043142e-03
5.447647e+02 2.999619e-03 3.496054e-03 3.496050e-03 2.006752e-03
5.447918e+02 2.945422e-03 3.432691e-03 3.432687e-03 1.970887e-03
5.448188e+02 2.891346e-03 3.369238e-03 3.369235e-03 1.935565e-03
5.448459e+02 2.837525e-03 3.305886e-03 3.305883e-03 1.900805e-03
5.448729e+02 2.784079e-03 3.242811e-03 3.242809e-03 1.866618e-03
5.449000e+02 2.731123e-03 3.180179e-03 3.180178e-03 1.833013e-03
5.449270e+02 2.678759e-03 3.118140e-03 3.118139e-03 1.799998e-03
5.449541e+02 2.627078e-03 3.056830e-03 3.056830e-03 1.767575e-03
5.449811e+02 2.576164e-03 2.996372e-03 2.996372e-03 1.735746e-03
5.450082e+02 2.526086e-03 2.936873e-03 2.936874e-03 1.704510e-03
5.450352e+02 2.476906e-03 2.878425e-03 2.878427e-03 1.673864e-03
5.450623e+02 2.428674e-03 2.821109e-03 2.821112e-03 1.643802e-03
5.450893e+02 2.381433e-03 2.764988e-03 2.764991e-03 1.614318e-03
5.451164e+02 2.335212e-03 2.710113e-03 2.710117e-03 1.585406e-03
5.451434e+02 2.290035e-03 2.656523e-03 2.656528e-03 1.557055e-03
5.451705e+02 2.245915e-03 2.604242e-03 2.604248e-03 1.529256e-03
5.451975e+02 2.202859e-03 2.553285e-03 2.553292e-03 1.502000e-03
5.452246e+02 2.160864e-03 2.503655e-03 2.503662e-03 1.475274e-03
5.452516e+02 2.119921e-03 2.455344e-03 2.455352e-03 1.449068e-03
5.452787e+02 2.080017e-03 2.408337e-03 2.408345e-03 1.423370e-03
5.453057e+02 2.041131e-03 2.362608e-03 2.362617e-03 1.398168e-03
5.453328e+02 2.003238e-03 2.318127e-03 2.318136e-03 1.373450e-03
5.453598e+02 1.966308e-03 2.274855e-03 2.274865e-03 1.349205e-03
5.453869e+02 1.930310e-03 2.232750e-03 2.232760e-03 1.325420e-03
5.454139e+02 1.895207e-03 2.191763e-03 2.191774e-03 1.302085e-03
5.454410e+02 1.860962e-03 2.151844e-03 2.151856e-03 1.279186e-03
5.454680e+02 1.827536e-03 2.112940e-03 2.112952e-03 1.256715e-03
5.454951e+02 1.794887e-03 2.074995e-03 2.075007e-03 1.234659e-03
5.455221e+02 1.762976e-03 2.037953e-03 2.037966e-03 1.213009e-03
5.455492e+02 1.731761e-03 2.001759e-03 2.001772e-03 1.191754e-03
5.455762e+02 1.701203e-03 1.966355e-03 1.966369e-03 1.170886e-03
5.456033e+02 1.671262e-03 1.931689e-03 1.931703e-03 1.150394e-03
5.456303e+02 1.641899e-03 1.897706e-03 1.897720e-03 1.130271e-03
5.456574e+02 1.613079e-03 1.864357e-03 1.864372e-03 1.110509e-03
5.456844e+02 1.584767e-03 1.831594e-03 1.831609e-03 1.091100e-03
5.457115e+02 1.556931e-03 1.799371e-03 1.799386e-03 1.072036e-03
5.457385e+02 1.529541e-03 1.767648e-03 1.767663e-03 1.053313e-03
5.457656e+02 1.502570e-03 1.736386e-03 1.736401e-03 1.034922e-03
5.457926e+02 1.475992e-03 1.705550e-03 1.705566e-03 1.016860e-03
5.458197e+02 1.449787e-03 1.675111e-03 1.675127e-03 9.991219e-04
5.458467e+02 1.423934e-03 1.645043e-03 1.645058e-03 9.817022e-04
5.458738e+02 1.398419e-03 1.615321e-03 1.615337e-03 9.645978e-04
5.459008e+02 1.373226e-03 1.585928e-03 1.585944e-03 9.478053e-04
5.459279e+02 1.348346e-03 1.556850e-03 1.556865e-03 9.313221e-04
5.459549e+02 1.323770e-03 1.528074e-03 1.528089e-03 9.151458e-04
5.459820e+02 1.299492e-03 1.499593e-03 1.499609e-03 8.992750e-04
5.460090e+02 1.275511e-03 1.471404e-03 1.471419e-03 8.837083e-04
5.460361e+02 1.251824e-03 1.443505e-03 1.443521e-03 8.684451e-04
5.460631e+02 1.228433e-03 1.415899e-03 1.415915e-03 8.534853e-04
5.460902e+02 1.205342e-03 1.388591e-03 1.388606e-03 8.388291e-04
5.461172e+02 1.182556e-03 1.361588e-03 1.361603e-03 8.244775e-04
5.461443e+02 1.160082e-03 1.334900e-03 1.334914e-03 8.104316e-04
5.461713e+02 1.137928e-03 1.308539e-03 1.308553e-03 7.966932e-04
5.461984e+02 1.116105e-03 1.282518e-03 1.282532e-03 7.832644e-04
5.462254e+02 1.094622e-03 1.256853e-03 1.256866e-03 7.701478e-04
5.462525e+02 1.073493e-03 1.231560e-03 1.231573e-03 7.573464e-04
5.462795e+02 1.052730e-03 1.206656e-03 1.206669e-03 7.448637e-04
5.463066e+02 1.032346e-03 1.182161e-03 1.182173e-03 7.327033e-04
5.463336e+02 1.012355e-03 1.158091e-03 1.158104e-03 7.208694e-04
5.463607e+02 9.927714e-04 1.134468e-03 1.134480e-03 7.093666e-04
5.463877e+02 9.736098e-04 1.111309e-03 1.111321e-03 6.981996e-04
5.464148e+02 9.548846e-04 1.088634e-03 1.088646e-03 6.873736e-04
5.464418e+02 9.366100e-04 1.066463e-03 1.066473e-03 6.768941e-04
5.464689e+02 9.188003e-04 1.044812e-03 1.044822e-03 6.667669e-04
5.464959e+02 9.014694e-04 1.023700e-03 1.023710e-03 6.569980e-04
5.465230e+02 8.846307e-04 1.003144e-03 1.003154e-03 6.475936e-04
5.465500e+02 8.682971e-04 9.831607e-04 9.831700e-04 6.385605e-04
5.465771e+02 8.524811e-04 9.637645e-04 9.637734e-04 6.299054e-04
5.466041e+02 8.371943e-04 9.449695e-04 9.449781e-04 6.216353e-04
5.466312e+02 8.224477e-04 9.267887e-04 9.267969e-04 6.137575e-04
5.466582e+02 8.082515e-04 9.092337e-04 9.092415e-04 6.062794e-04
5.466853e+02 7.946152e-04 8.923147e-04 8.923221e-04 5.992088e-04
5.467123e+02 7.815471e-04 8.760405e-04 8.760475e-04 5.925534e-04
5.467394e+02 7.690550e-04 8.604185e-04 8.604252e-04 5.863214e-04
5.467664e+02 7.571455e-04 8.454548e-04 8.454611e-04 5.805207e-04
5.467935e+02 7.458245e-04 8.311538e-04 8.311598e-04 5.751599e-04
5.468205e+02 7.350967e-04 8.175185e-04 8.175242e-04 5.702474e-04
5.468476e+02 7.249661e-04 8.045506e-04 8.045560e-04 5.657918e-04
5.468746e+02 7.154357e-04 7.922501e-04 7.922551e-04 5.618019e-04
5.469017e+02 7.065075e-04 7.806156e-04 7.806204e-04 5.582864e-04
5.469287e+02 6.981826e-04 7.696445e-04 7.696489e-04 5.552545e-04
5.469558e+02 6.904615e-04 7.593326e-04 7.593367e-04 5.527152e-04
5.469828e+02 6.833435e-04 7.496745e-04 7.496784e-04 5.506776e-04
5.470099e+02 6.768272e-04 7.406635e-04 7.406671e-04 5.491511e-04
5.470369e+02 6.709106e-04 7.322917e-04 7.322951e-04 5.481450e-04
5.470640e+02 6.655907e-04 7.245501e-04 7.245532e-04 5.476687e-04
5.470910e+02 6.608639e-04 7.174286e-04 7.174315e-04 5.477317e-04
5.471181e+02 6.567260e-04 7.109160e-04 7.109186e-04 5.483435e-04
5.471451e+02 6.531722e-04 7.050002e-04 7.050027e-04 5.495138e-04
5.471722e+02 6.501971e-04 6.996685e-04 6.996707e-04 5.512521e-04
5.471992e+02 6.477948e-04 6.949071e-04 6.949091e-04 5.535682e-04
5.472263e+02 6.459589e-04 6.907017e-04 6.907035e-04 5.564715e-04
5.472533e+02 6.446827e-04 6.870373e-04 6.870390e-04 5.599719e-04
5.472804e+02 6.439591e-04 6.838985e-04 6.839000e-04 5.640789e-04
5.473074e+02 6.437807e-04 6.812694e-04 6.812706e-04 5.688020e-04
5.473345e+02 6.441397e-04 6.791336e-04 6.791347e-04 5.741508e-04
5.473615e+02 6.450283e-04 6.774746e-04 6.774756e-04 5.801347e-04
5.473886e+02 6.464383e-04 6.762757e-04 6.762765e-04 5.867628e-04
5.474156e+02 6.483616e-04 6.755200e-04 6.755206e-04 5.940442e-04
5.474427e+02 6.507897e-04 6.751904e-04 6.751908e-04 6.019878e-04
5.474697e+02 6.537141e-04 6.752699e-04 6.752702e-04 6.106022e-04
5.474968e+02 6.571263e-04 6.757415e-04 6.757417e-04 6.198956e-04
5.475238e+02 6.610176e-04 6.765884e-04 6.765884e-04 6.298758e-04
5.475509e+02 6.653793e-04 6.777938e-04 6.777937e-04 6.405503e-04
5.475779e+02 6.702026e-04 6.793411e-04 6.793408e-04 6.519260e-04
5.476050e+02 6.754787e-04 6.812137e-04 6.812134e-04 6.640091e-04
5.476320e+02 6.811987e-04 6.833956e-04 6.833951e-04 6.768053e-04
5.476591e+02 6.873534e-04 6.858708e-04 6.858701e-04 6.903194e-04
5.476861e+02 6.939337e-04 6.886234e-04 6.886226e-04 7.045553e-04
5.477132e+02 7.009303e-04 6.916379e-04 6.916370e-04 7.195160e-04
5.477402e+02 7.083335e-04 6.948991e-04 6.948981e-04 7.352033e-04
5.477673e+02 7.161336e-04 6.983919e-04 6.983908e-04 7.516181e-04
5.477943e+02 7.243205e-04 7.021015e-04 7.021002e-04 7.687597e-04
5.478214e+02 7.328836e-04 7.060131e-04 7.060118e-04 7.866260e-04
5.478484e+02 7.418123e-04 7.101124e-04 7.101110e-04 8.052134e-04
5.478755e+02 7.510952e-04 7.143851e-04 7.143836e-04 8.245167e-04
5.479025e+02 7.607205e-04 7.188171e-04 7.188154e-04 8.445289e-04
5.479296e+02 7.706759e-04 7.233942e-04 7.233924e-04 8.652411e-04
5.479566e+02 7.809485e-04 7.281026e-04 7.281008e-04 8.866423e-04
5.479837e+02 7.915248e-04 7.329285e-04 7.329266e-04 9.087193e-04
5.480107e+02 8.023905e-04 7.378582e-04 7.378561e-04 9.314571e-04
5.480378e+02 8.135305e-04 7.428779e-04 7.428758e-04 9.548378e-04
5.480648e+02 8.249292e-04 7.479742e-04 7.479719e-04 9.788415e-04
5.480919e+02 8.365700e-04 7.531333e-04 7.531310e-04 1.003446e-03
5.481189e+02 8.484355e-04 7.583420e-04 7.583395e-04 1.028625e-03
5.481460e+02 8.605076e-04 7.635867e-04 7.635842e-04 1.054352e-03
5.481730e+02 8.727672e-04 7.688543e-04 7.688516e-04 1.080596e-03
5.482001e+02 8.851947e-04 7.741315e-04 7.741288e-04 1.107324e-03
5.482271e+02 8.977692e-04 7.794054e-04 7.794026e-04 1.134500e-03
5.482542e+02 9.104695e-04 7.846632e-04 7.846603e-04 1.162085e-03
5.482812e+02 9.232734e-04 7.898924e-04 7.898895e-04 1.190038e-03
5.483083e+02 9.361581e-04 7.950808e-04 7.950777e-04 1.218316e-03
5.483353e+02 9.491000e-04 8.002164e-04 8.002133e-04 1.246870e-03
5.483624e+02 9.620752e-04 8.052878e-04 8.052847e-04 1.275653e-03
5.483894e+02 9.750590e-04 8.102841e-04 8.102809e-04 1.304612e-03
5.484165e+02 9.880264e-04 8.151949e-04 8.151916e-04 1.333693e-03
5.484435e+02 1.000952e-03 8.200102e-04 8.200069e-04 1.362839e-03
5.484706e+02 1.013810e-03 8.247211e-04 8.247176e-04 1.391992e-03
5.484976e+02 1.026576e-03 8.293190e-04 8.293156e-04 1.421092e-03
5.485247e+02 1.039222e-03 8.337965e-04 8.337930e-04 1.450075e-03
5.485517e+02 1.051723e-03 8.381469e-04 8.381434e-04 1.478879e-03
5.485788e+02 1.064054e-03 8.423644e-04 8.423608e-04 1.507436e-03
5.486058e+02 1.076189e-03 8.464443e-04 8.464406e-04 1.535681e-03
5.486329e+02 1.088103e-03 8.503826e-04 8.503790e-04 1.563546e-03
5.486599e+02 1.099771e-03 8.541768e-04 8.541732e-04 1.590963e-03
5.486870e+02 1.111170e-03 8.578252e-04 8.578215e-04 1.617862e-03
5.487140e+02 1.122275e-03 8.613272e-04 8.613235e-04 1.644175e-03
5.487411e+02 1.133065e-03 8.646833e-04 8.646796e-04 1.669833e-03
5.487681e+02 1.143518e-03 8.678952e-04 8.678915e-04 1.694768e-03
5.487952e+02 1.153613e-03 8.709654e-04 8.709617e-04 1.718911e-03
5.488222e+02 1.163329e-03 8.738977e-04 8.738941e-04 1.742196e-03
5.488493e+02 1.172649e-03 8.766969e-04 8.766933e-04 1.764557e-03
5.488763e+02 1.181555e-03 8.793685e-04 8.793650e-04 1.785932e-03
5.489034e+02 1.190031e-03 8.819191e-04 8.819156e-04 1.806257e-03
5.489304e+02 1.198061e-03 8.843561e-04 8.843527e-04 1.825473e-03
5.489575e+02 1.205632e-03 8.866876e-04 8.866843e-04 1.843524e-03
5.489845e+02 1.212732e-03 8.889224e-04 8.889192e-04 1.860355e-03
5.490116e+02 1.219351e-03 8.910700e-04 8.910669e-04 1.875915e-03
5.490386e+02 1.225478e-03 8.931402e-04 8.931372e-04 1.890157e-03
5.490657e+02 1.231107e-03 8.951434e-04 8.951406e-04 1.903037e-03
5.490927e+02 1.236231e-03 8.970904e-04 8.970876e-04 1.914516e-03
5.491198e+02 1.240846e-03 8.989920e-04 8.989894e-04 1.924557e-03
5.491468e+02 1.244949e-03 9.008593e-04 9.008569e-04 1.933130e-03
5.491739e+02 1.248538e-03 9.027037e-04 9.027015e-04 1.940208e-03
5.492009e+02 1.251613e-03 9.045363e-04 9.045343e-04 1.945770e-03
5.492280e+02 1.254178e-03 9.063685e-04 9.063666e-04 1.949799e-03
5.492550e+02 1.256235e-03 9.082112e-04 9.082096e-04 1.952284e-03
5.492821e+02 1.257790e-03 9.100754e-04 9.100741e-04 1.953219e-03
5.493091e+02 1.258849e-03 9.119721e-04 9.119710e-04 1.952604e-03
5.493362e+02 1.259422e-03 9.139118e-04 9.139109e-04 1.950443e-03
5.493632e+02 1.259518e-03 9.159048e-04 9.159043e-04 1.946745e-03
5.493903e+02 1.259150e-03 9.179615e-04 9.179612e-04 1.941528e-03
5.494173e+02 1.258332e-03 9.200916e-04 9.200916e-04 1.934812e-03
5.494444e+02 1.257078e-03 9.223051e-04 9.223054e-04 1.926623e-03
5.494714e+02 1.255406e-03 9.246115e-04 9.246121e-04 1.916994e-03
5.494985e+02 1.253334e-03 9.270203e-04 9.270213e-04 1.905962e-03
5.495255e+02 1.250883e-03 9.295409e-04 9.295423e-04 1.893567e-03
5.495526e+02 1.248075e-03 9.321829e-04 9.321846e-04 1.879858e-03
5.495796e+02 1.244933e-03 9.349556e-04 9.349576e-04 1.864886e-03
5.496067e+02 1.241482e-03 9.378686e-04 9.378710e-04 1.848706e-03
5.496337e+02 1.237749e-03 9.409318e-04 9.409346e-04 1.831380e-03
5.496608e+02 1.233761e-03 9.441553e-04 9.441584e-04 1.812970e-03
5.496878e+02 1.229549e-03 9.475493e-04 9.475529e-04 1.793545e-03
5.497149e+02 1.225143e-03 9.511249e-04 9.511288e-04 1.773175e-03
5.497419e+02 1.220576e-03 9.548934e-04 9.548977e-04 1.751935e-03
5.497690e+02 1.215880e-03 9.588667e-04 9.588714e-04 1.729902e-03
5.497960e+02 1.211091e-03 9.630575e-04 9.630626e-04 1.707152e-03
5.498231e+02 1.206244e-03 9.674790e-04 9.674844e-04 1.683768e-03
5.498501e+02 1.201376e-03 9.721452e-04 9.721510e-04 1.659832e-03
