5.227731e+02 0.000000e+00 0.000000e+00 0.000000e+00 0.000000e+00
5.228001e+02 0.000000e+00 0.000000e+00 0.000000e+00 0.000000e+00
5.228272e+02 0.000000e+00 0.000000e+00 0.000000e+00 0.000000e+00
5.228542e+02 0.000000e+00 0.000000e+00 0.000000e+00 0.000000e+00
5.228813e+02 0.000000e+00 0.000000e+00 0.000000e+00 0.000000e+00
5.229083e+02 0.000000e+00 0.000000e+00 0.000000e+00 0.000000e+00
5.229354e+02 0.000000e+00 0.000000e+00 0.000000e+00 0.000000e+00
5.229624e+02 0.000000e+00 0.000000e+00 0.000000e+00 0.000000e+00
5.229895e+02 0.000000e+00 0.000000e+00 0.000000e+00 0.000000e+00
5.230165e+02 0.000000e+00 0.000000e+00 0.000000e+00 0.000000e+00
5.230436e+02 0.000000e+00 0.000000e+00 0.000000e+00 0.000000e+00
5.230706e+02 0.000000e+00 0.000000e+00 0.000000e+00 0.000000e+00
5.230977e+02 0.000000e+00 0.000000e+00 0.000000e+00 0.000000e+00
5.231247e+02 0.000000e+00 0.000000e+00 0.000000e+00 0.000000e+00
5.231518e+02 0.000000e+00 0.000000e+00 0.000000e+00 0.000000e+00
5.231788e+02 0.000000e+00 0.000000e+00 0.000000e+00 0.000000e+00
5.232059e+02 0.000000e+00 0.000000e+00 0.000000e+00 0.000000e+00
5.232329e+02 0.000000e+00 0.000000e+00 0.000000e+00 0.000000e+00
5.232600e+02 0.000000e+00 0.000000e+00 0.000000e+00 0.000000e+00
5.232870e+02 0.000000e+00 0.000000e+00 0.000000e+00 0.000000e+00
5.233141e+02 0.000000e+00 0.000000e+00 0.000000e+00 0.000000e+00
5.233411e+02 0.000000e+00 0.000000e+00 0.000000e+00 0.000000e+00
5.233682e+02 0.000000e+00 0.000000e+00 0.000000e+00 0.000000e+00
5.233952e+02 0.000000e+00 0.000000e+00 0.000000e+00 0.000000e+00
5.234223e+02 0.000000e+00 0.000000e+00 0.000000e+00 0.000000e+00
5.234493e+02 0.000000e+00 0.000000e+00 0.000000e+00 0.000000e+00
5.234764e+02 0.000000e+00 0.000000e+00 0.000000e+00 0.000000e+00
5.235034e+02 0.000000e+00 0.000000e+00 0.000000e+00 0.000000e+00
5.235305e+02 0.000000e+00 0.000000e+00 0.000000e+00 0.000000e+00
5.235575e+02 0.000000e+00 0.000000e+00 0.000000e+00 0.000000e+00
5.235846e+02 0.000000e+00 0.000000e+00 0.000000e+00 0.000000e+00
5.236116e+02 0.000000e+00 0.000000e+00 0.000000e+00 0.000000e+00
5.236387e+02 0.000000e+00 0.000000e+00 0.000000e+00 0.000000e+00
5.236657e+02 0.000000e+00 0.000000e+00 0.000000e+00 0.000000e+00
5.236928e+02 0.000000e+00 0.000000e+00 0.000000e+00 0.000000e+00
5.237198e+02 0.000000e+00 0.000000e+00 0.000000e+00 0.000000e+00
5.237469e+02 0.000000e+00 0.000000e+00 0.000000e+00 0.000000e+00
5.237739e+02 0.000000e+00 0.000000e+00 0.000000e+00 0.000000e+00
5.238010e+02 0.000000e+00 0.000000e+00 0.000000e+00 0.000000e+00
5.238280e+02 0.000000e+00 0.000000e+00 0.000000e+00 0.000000e+00
5.238551e+02 0.000000e+00 0.000000e+00 0.000000e+00 0.000000e+00
5.238821e+02 0.000000e+00 0.000000e+00 0.000000e+00 0.000000e+00
5.239092e+02 0.000000e+00 0.000000e+00 0.000000e+00 0.000000e+00
5.239362e+02 0.000000e+00 0.000000e+00 0.000000e+00 0.000000e+00
5.239633e+02 0.000000e+00 0.000000e+00 0.000000e+00 0.000000e+00
5.239903e+02 0.000000e+00 0.000000e+00 0.000000e+00 0.000000e+00
5.240174e+02 0.000000e+00 0.000000e+00 0.000000e+00 0.000000e+00
5.240444e+02 0.000000e+00 0.000000e+00 0.000000e+00 0.000000e+00
5.240715e+02 0.000000e+00 0.000000e+00 0.000000e+00 0.000000e+00
5.240985e+02 0.000000e+00 0.000000e+00 0.000000e+00 0.000000e+00
5.241256e+02 0.000000e+00 0.000000e+00 0.000000e+00 0.000000e+00
5.241526e+02 9.846123e-14 1.476839e-13 1.476839e-13 1.587872e-17
5.241797e+02 2.116359e-13 3.174389e-13 3.174389e-13 2.998052e-17
5.242067e+02 4.377210e-13 6.565504e-13 6.565504e-13 6.223942e-17
5.242338e+02 8.196750e-13 1.188670e-12 1.188670e-12 8.168565e-14
5.242608e+02 1.452018e-12 2.095006e-12 2.095006e-12 1.660426e-13
5.242879e+02 2.448156e-12 3.509011e-12 3.509011e-12 3.264466e-13
5.243149e+02 3.197692e-12 4.582914e-12 4.582914e-12 4.272489e-13
5.243420e+02 4.899527e-12 6.992570e-12 6.992570e-12 7.134423e-13
5.243690e+02 6.382904e-12 9.108704e-12 9.108703e-12 9.313045e-13
5.243961e+02 8.560980e-12 1.218788e-11 1.218788e-11 1.307176e-12
5.244231e+02 1.133889e-11 1.611740e-11 1.611740e-11 1.781860e-12
5.244502e+02 1.538655e-11 2.181543e-11 2.181543e-11 2.528789e-12
5.244772e+02 2.005094e-11 2.838686e-11 2.838686e-11 3.379111e-12
5.245043e+02 2.691067e-11 3.804015e-11 3.804015e-11 4.651717e-12
5.245313e+02 3.518190e-11 4.959778e-11 4.959778e-11 6.350139e-12
5.245584e+02 4.552964e-11 6.408708e-11 6.408708e-11 8.414776e-12
5.245854e+02 5.864128e-11 8.238450e-11 8.238449e-11 1.115484e-11
5.246125e+02 7.568273e-11 1.059037e-10 1.059037e-10 1.524072e-11
5.246395e+02 9.720457e-11 1.356563e-10 1.356563e-10 2.030115e-11
5.246666e+02 1.246506e-10 1.736671e-10 1.736671e-10 2.661756e-11
5.246936e+02 1.600761e-10 2.223307e-10 2.223307e-10 3.556674e-11
5.247207e+02 2.049223e-10 2.841267e-10 2.841267e-10 4.651352e-11
5.247477e+02 2.616388e-10 3.618903e-10 3.618903e-10 6.113576e-11
5.247748e+02 3.328258e-10 4.595963e-10 4.595963e-10 7.928484e-11
5.248018e+02 4.229563e-10 5.834292e-10 5.834292e-10 1.020105e-10
5.248289e+02 5.358783e-10 7.384503e-10 7.384503e-10 1.307345e-10
5.248559e+02 6.770312e-10 9.321358e-10 9.321358e-10 1.668219e-10
5.248830e+02 8.544046e-10 1.174794e-09 1.174794e-09 2.136253e-10
5.249100e+02 1.075095e-09 1.476767e-09 1.476767e-09 2.717510e-10
5.249371e+02 1.349836e-09 1.852344e-09 1.852344e-09 3.448209e-10
5.249641e+02 1.691429e-09 2.318141e-09 2.318141e-09 4.380049e-10
5.249912e+02 2.115619e-09 2.896001e-09 2.896001e-09 5.548550e-10
5.250182e+02 2.640477e-09 3.610918e-09 3.610918e-09 6.995954e-10
5.250453e+02 3.288446e-09 4.492662e-09 4.492662e-09 8.800138e-10
5.250723e+02 4.087283e-09 5.578393e-09 5.578392e-09 1.105064e-09
5.250994e+02 5.070761e-09 6.913618e-09 6.913617e-09 1.385048e-09
5.251264e+02 6.278736e-09 8.551756e-09 8.551756e-09 1.732696e-09
5.251535e+02 7.759297e-09 1.055719e-08 1.055718e-08 2.163522e-09
5.251805e+02 9.570904e-09 1.300800e-08 1.300800e-08 2.696712e-09
5.252076e+02 1.178285e-08 1.599671e-08 1.599671e-08 3.355135e-09
5.252346e+02 1.447871e-08 1.963470e-08 1.963470e-08 4.166731e-09
5.252617e+02 1.775774e-08 2.405408e-08 2.405408e-08 5.165053e-09
5.252887e+02 2.173817e-08 2.941174e-08 2.941174e-08 6.391015e-09
5.253158e+02 2.656080e-08 3.589432e-08 3.589431e-08 7.893775e-09
5.253428e+02 3.239249e-08 4.372243e-08 4.372243e-08 9.732605e-09
5.253699e+02 3.943029e-08 5.315644e-08 5.315643e-08 1.197801e-08
5.253969e+02 4.790691e-08 6.450333e-08 6.450333e-08 1.471408e-08
5.254240e+02 5.809677e-08 7.812411e-08 7.812410e-08 1.804211e-08
5.254510e+02 7.032241e-08 9.444216e-08 9.444216e-08 2.208292e-08
5.254781e+02 8.496196e-08 1.139528e-07 1.139528e-07 2.698024e-08
5.255051e+02 1.024577e-07 1.372348e-07 1.372348e-07 3.290371e-08
5.255322e+02 1.233272e-07 1.649629e-07 1.649629e-07 4.005577e-08
5.255592e+02 1.481713e-07 1.979199e-07 1.979199e-07 4.867413e-08
5.255863e+02 1.776904e-07 2.370156e-07 2.370156e-07 5.904002e-08
5.256133e+02 2.126960e-07 2.833017e-07 2.833017e-07 7.148470e-08
5.256404e+02 2.541278e-07 3.379934e-07 3.379933e-07 8.639660e-08
5.256674e+02 3.030705e-07 4.024901e-07 4.024901e-07 1.042314e-07
5.256945e+02 3.607741e-07 4.784003e-07 4.784002e-07 1.255219e-07
5.257215e+02 4.286759e-07 5.675689e-07 5.675689e-07 1.508898e-07
5.257486e+02 5.084242e-07 6.721068e-07 6.721068e-07 1.810590e-07
5.257756e+02 6.019053e-07 7.944228e-07 7.944228e-07 2.168704e-07
5.258027e+02 7.112737e-07 9.372609e-07 9.372609e-07 2.592992e-07
5.258297e+02 8.389834e-07 1.103739e-06 1.103739e-06 3.094731e-07
5.258568e+02 9.878245e-07 1.297390e-06 1.297390e-06 3.686940e-07
5.258838e+02 1.160961e-06 1.522211e-06 1.522211e-06 4.384609e-07
5.259109e+02 1.361974e-06 1.782712e-06 1.782712e-06 5.204962e-07
5.259379e+02 1.594904e-06 2.083968e-06 2.083968e-06 6.167747e-07
5.259650e+02 1.864304e-06 2.431678e-06 2.431678e-06 7.295553e-07
5.259920e+02 2.175290e-06 2.832227e-06 2.832227e-06 8.614156e-07
5.260191e+02 2.533597e-06 3.292750e-06 3.292750e-06 1.015291e-06
5.260461e+02 2.945640e-06 3.821203e-06 3.821203e-06 1.194515e-06
5.260732e+02 3.418577e-06 4.426432e-06 4.426432e-06 1.402867e-06
5.261002e+02 3.960374e-06 5.118252e-06 5.118252e-06 1.644619e-06
5.261273e+02 4.579881e-06 5.907527e-06 5.907527e-06 1.924590e-06
5.261543e+02 5.286900e-06 6.806248e-06 6.806248e-06 2.248203e-06
5.261814e+02 6.092263e-06 7.827622e-06 7.827622e-06 2.621546e-06
5.262084e+02 7.007915e-06 8.986154e-06 8.986154e-06 3.051437e-06
5.262355e+02 8.046988e-06 1.029774e-05 1.029774e-05 3.545490e-06
5.262625e+02 9.223892e-06 1.177974e-05 1.177974e-05 4.112192e-06
5.262896e+02 1.055439e-05 1.345110e-05 1.345110e-05 4.760975e-06
5.263166e+02 1.205569e-05 1.533239e-05 1.533239e-05 5.502297e-06
5.263437e+02 1.374653e-05 1.744593e-05 1.744593e-05 6.347723e-06
5.263707e+02 1.564724e-05 1.981585e-05 1.981585e-05 7.310009e-06
5.263978e+02 1.777984e-05 2.246817e-05 2.246817e-05 8.403187e-06
5.264248e+02 2.016814e-05 2.543088e-05 2.543088e-05 9.642651e-06
5.264519e+02 2.283774e-05 2.873399e-05 2.873399e-05 1.104525e-05
5.264789e+02 2.581617e-05 3.240958e-05 3.240958e-05 1.262935e-05
5.265060e+02 2.913291e-05 3.649188e-05 3.649188e-05 1.441496e-05
5.265330e+02 3.281942e-05 4.101724e-05 4.101724e-05 1.642378e-05
5.265601e+02 3.690923e-05 4.602422e-05 4.602421e-05 1.867926e-05
5.265871e+02 4.143793e-05 5.155352e-05 5.155352e-05 2.120674e-05
5.266142e+02 4.644317e-05 5.764804e-05 5.764804e-05 2.403342e-05
5.266412e+02 5.196468e-05 6.435278e-05 6.435278e-05 2.718849e-05
5.266683e+02 5.804426e-05 7.171483e-05 7.171483e-05 3.070313e-05
5.266953e+02 6.472568e-05 7.978326e-05 7.978325e-05 3.461054e-05
5.267224e+02 7.205469e-05 8.860904e-05 8.860904e-05 3.894597e-05
5.267494e+02 8.007885e-05 9.824493e-05 9.824493e-05 4.374671e-05
5.267765e+02 8.884753e-05 1.087453e-04 1.087453e-04 4.905205e-05
5.268035e+02 9.841165e-05 1.201658e-04 1.201658e-04 5.490326e-05
5.268306e+02 1.088236e-04 1.325637e-04 1.325637e-04 6.134349e-05
5.268576e+02 1.201370e-04 1.459967e-04 1.459967e-04 6.841772e-05
5.268847e+02 1.324067e-04 1.605237e-04 1.605237e-04 7.617260e-05
5.269117e+02 1.456879e-04 1.762037e-04 1.762037e-04 8.465631e-05
5.269388e+02 1.600366e-04 1.930958e-04 1.930958e-04 9.391838e-05
5.269658e+02 1.755091e-04 2.112589e-04 2.112589e-04 1.040095e-04
5.269929e+02 1.921612e-04 2.307513e-04 2.307513e-04 1.149812e-04
5.270199e+02 2.100484e-04 2.516298e-04 2.516298e-04 1.268857e-04
5.270470e+02 2.292252e-04 2.739501e-04 2.739501e-04 1.397754e-04
5.270740e+02 2.497446e-04 2.977655e-04 2.977655e-04 1.537028e-04
5.271011e+02 2.716579e-04 3.231269e-04 3.231269e-04 1.687197e-04
5.271281e+02 2.950140e-04 3.500822e-04 3.500822e-04 1.848775e-04
5.271552e+02 3.198590e-04 3.786757e-04 3.786757e-04 2.022258e-04
5.271822e+02 3.462358e-04 4.089473e-04 4.089473e-04 2.208127e-04
5.272093e+02 3.741830e-04 4.409325e-04 4.409325e-04 2.406841e-04
5.272363e+02 4.037352e-04 4.746614e-04 4.746614e-04 2.618828e-04
5.272634e+02 4.349217e-04 5.101584e-04 5.101584e-04 2.844484e-04
5.272904e+02 4.677665e-04 5.474414e-04 5.474414e-04 3.084167e-04
5.273175e+02 5.022872e-04 5.865214e-04 5.865214e-04 3.338188e-04
5.273445e+02 5.384950e-04 6.274021e-04 6.274021e-04 3.606810e-04
5.273716e+02 5.763938e-04 6.700790e-04 6.700790e-04 3.890236e-04
5.273986e+02 6.159799e-04 7.145394e-04 7.145394e-04 4.188609e-04
5.274257e+02 6.572414e-04 7.607618e-04 7.607618e-04 4.502006e-04
5.274527e+02 7.001577e-04 8.087152e-04 8.087152e-04 4.830426e-04
5.274798e+02 7.446994e-04 8.583593e-04 8.583593e-04 5.173796e-04
5.275068e+02 7.908277e-04 9.096438e-04 9.096438e-04 5.531954e-04
5.275339e+02 8.384940e-04 9.625082e-04 9.625083e-04 5.904655e-04
5.275609e+02 8.876401e-04 1.016882e-03 1.016882e-03 6.291562e-04
5.275880e+02 9.381975e-04 1.072684e-03 1.072684e-03 6.692244e-04
5.276150e+02 9.900878e-04 1.129823e-03 1.129823e-03 7.106171e-04
5.276421e+02 1.043222e-03 1.188197e-03 1.188197e-03 7.532718e-04
5.276691e+02 1.097502e-03 1.247695e-03 1.247695e-03 7.971158e-04
5.276962e+02 1.152818e-03 1.308194e-03 1.308194e-03 8.420664e-04
5.277232e+02 1.209052e-03 1.369562e-03 1.369562e-03 8.880311e-04
5.277503e+02 1.266076e-03 1.431661e-03 1.431661e-03 9.349075e-04
5.277773e+02 1.323753e-03 1.494338e-03 1.494338e-03 9.825836e-04
5.278044e+02 1.381938e-03 1.557438e-03 1.557438e-03 1.030938e-03
5.278314e+02 1.440478e-03 1.620795e-03 1.620795e-03 1.079842e-03
5.278585e+02 1.499210e-03 1.684237e-03 1.684237e-03 1.129156e-03
5.278855e+02 1.557969e-03 1.747586e-03 1.747586e-03 1.178736e-03
5.279126e+02 1.616582e-03 1.810659e-03 1.810660e-03 1.228427e-03
5.279396e+02 1.674870e-03 1.873270e-03 1.873270e-03 1.278072e-03
5.279667e+02 1.732653e-03 1.935226e-03 1.935226e-03 1.327506e-03
5.279937e+02 1.789746e-03 1.996338e-03 1.996338e-03 1.376562e-03
5.280208e+02 1.845962e-03 2.056410e-03 2.056410e-03 1.425067e-03
5.280478e+02 1.901116e-03 2.115250e-03 2.115250e-03 1.472849e-03
5.280749e+02 1.955021e-03 2.172667e-03 2.172667e-03 1.519731e-03
5.281019e+02 2.007493e-03 2.228470e-03 2.228470e-03 1.565540e-03
5.281290e+02 2.058350e-03 2.282474e-03 2.282475e-03 1.610102e-03
5.281560e+02 2.107415e-03 2.334499e-03 2.334500e-03 1.653245e-03
5.281831e+02 2.154514e-03 2.384370e-03 2.384370e-03 1.694803e-03
5.282101e+02 2.199483e-03 2.431918e-03 2.431918e-03 1.734613e-03
5.282372e+02 2.242163e-03 2.476985e-03 2.476985e-03 1.772519e-03
5.282642e+02 2.282402e-03 2.519418e-03 2.519419e-03 1.808370e-03
5.282913e+02 2.320062e-03 2.559079e-03 2.559079e-03 1.842027e-03
5.283183e+02 2.355011e-03 2.595838e-03 2.595838e-03 1.873356e-03
5.283454e+02 2.387130e-03 2.629576e-03 2.629576e-03 1.902237e-03
5.283724e+02 2.416312e-03 2.660188e-03 2.660188e-03 1.928559e-03
5.283995e+02 2.442463e-03 2.687582e-03 2.687583e-03 1.952224e-03
5.284265e+02 2.465502e-03 2.711680e-03 2.711680e-03 1.973145e-03
5.284536e+02 2.485361e-03 2.732417e-03 2.732417e-03 1.991249e-03
5.284806e+02 2.501987e-03 2.749741e-03 2.749741e-03 2.006479e-03
5.285077e+02 2.515341e-03 2.763618e-03 2.763618e-03 2.018789e-03
5.285347e+02 2.525399e-03 2.774025e-03 2.774025e-03 2.028148e-03
5.285618e+02 2.532152e-03 2.780956e-03 2.780956e-03 2.034543e-03
5.285888e+02 2.535602e-03 2.784418e-03 2.784418e-03 2.037971e-03
5.286159e+02 2.535771e-03 2.784433e-03 2.784433e-03 2.038448e-03
5.286429e+02 2.532691e-03 2.781036e-03 2.781036e-03 2.036001e-03
5.286700e+02 2.526409e-03 2.774277e-03 2.774277e-03 2.030674e-03
5.286970e+02 2.516986e-03 2.764216e-03 2.764216e-03 2.022525e-03
5.287241e+02 2.504494e-03 2.750929e-03 2.750929e-03 2.011624e-03
5.287511e+02 2.489019e-03 2.734500e-03 2.734500e-03 1.998057e-03
5.287782e+02 2.470658e-03 2.715027e-03 2.715027e-03 1.981921e-03
5.288052e+02 2.449520e-03 2.692617e-03 2.692617e-03 1.963324e-03
5.288323e+02 2.425721e-03 2.667387e-03 2.667387e-03 1.942389e-03
5.288593e+02 2.399389e-03 2.639461e-03 2.639461e-03 1.919247e-03
5.288864e+02 2.370661e-03 2.608972e-03 2.608972e-03 1.894040e-03
5.289134e+02 2.339681e-03 2.576060e-03 2.576061e-03 1.866921e-03
5.289405e+02 2.306598e-03 2.540872e-03 2.540873e-03 1.838049e-03
5.289675e+02 2.271570e-03 2.503559e-03 2.503559e-03 1.807594e-03
5.289946e+02 2.234760e-03 2.464275e-03 2.464275e-03 1.775730e-03
5.290216e+02 2.196334e-03 2.423181e-03 2.423181e-03 1.742639e-03
5.290487e+02 2.156462e-03 2.380438e-03 2.380438e-03 1.708510e-03
5.290757e+02 2.115319e-03 2.336211e-03 2.336211e-03 1.673536e-03
5.291028e+02 2.073081e-03 2.290665e-03 2.290665e-03 1.637914e-03
5.291298e+02 2.029926e-03 2.243967e-03 2.243967e-03 1.601844e-03
5.291569e+02 1.986033e-03 2.196283e-03 2.196283e-03 1.565532e-03
5.291839e+02 1.941581e-03 2.147780e-03 2.147780e-03 1.529184e-03
5.292110e+02 1.896751e-03 2.098623e-03 2.098623e-03 1.493009e-03
5.292380e+02 1.851723e-03 2.048976e-03 2.048977e-03 1.457217e-03
5.292651e+02 1.806676e-03 1.999004e-03 1.999004e-03 1.422020e-03
5.292921e+02 1.761787e-03 1.948865e-03 1.948865e-03 1.387630e-03
5.293192e+02 1.717233e-03 1.898720e-03 1.898720e-03 1.354259e-03
5.293462e+02 1.673189e-03 1.848724e-03 1.848724e-03 1.322117e-03
5.293733e+02 1.629827e-03 1.799032e-03 1.799032e-03 1.291417e-03
5.294003e+02 1.587319e-03 1.749794e-03 1.749794e-03 1.262368e-03
5.294274e+02 1.545832e-03 1.701160e-03 1.701160e-03 1.235177e-03
5.294544e+02 1.505533e-03 1.653274e-03 1.653274e-03 1.210051e-03
5.294815e+02 1.466584e-03 1.606280e-03 1.606280e-03 1.187192e-03
5.295085e+02 1.429147e-03 1.560319e-03 1.560319e-03 1.166802e-03
5.295356e+02 1.393376e-03 1.515526e-03 1.515527e-03 1.149076e-03
5.295626e+02 1.359428e-03 1.472038e-03 1.472038e-03 1.134207e-03
5.295897e+02 1.327451e-03 1.429985e-03 1.429985e-03 1.122382e-03
5.296167e+02 1.297592e-03 1.389497e-03 1.389497e-03 1.113783e-03
5.296438e+02 1.269994e-03 1.350699e-03 1.350699e-03 1.108586e-03
5.296708e+02 1.244796e-03 1.313714e-03 1.313714e-03 1.106959e-03
5.296979e+02 1.222130e-03 1.278663e-03 1.278664e-03 1.109062e-03
5.297249e+02 1.202125e-03 1.245664e-03 1.245664e-03 1.115047e-03
5.297520e+02 1.184905e-03 1.214830e-03 1.214830e-03 1.125056e-03
5.297790e+02 1.170588e-03 1.186272e-03 1.186273e-03 1.139219e-03
5.298061e+02 1.159284e-03 1.160099e-03 1.160099e-03 1.157656e-03
5.298331e+02 1.151099e-03 1.136412e-03 1.136412e-03 1.180471e-03
5.298602e+02 1.146128e-03 1.115313e-03 1.115313e-03 1.207757e-03
5.298872e+02 1.144461e-03 1.096897e-03 1.096897e-03 1.239587e-03
5.299143e+02 1.146178e-03 1.081255e-03 1.081255e-03 1.276023e-03
5.299413e+02 1.151349e-03 1.068472e-03 1.068472e-03 1.317104e-03
5.299684e+02 1.160036e-03 1.058628e-03 1.058628e-03 1.362853e-03
5.299954e+02 1.172289e-03 1.051797e-03 1.051797e-03 1.413273e-03
5.300225e+02 1.188145e-03 1.048046e-03 1.048047e-03 1.468342e-03
5.300495e+02 1.207631e-03 1.047437e-03 1.047437e-03 1.528021e-03
5.300766e+02 1.230761e-03 1.050019e-03 1.050019e-03 1.592244e-03
5.301036e+02 1.257533e-03 1.055838e-03 1.055838e-03 1.660924e-03
5.301307e+02 1.287934e-03 1.064927e-03 1.064927e-03 1.733947e-03
5.301577e+02 1.321933e-03 1.077312e-03 1.077312e-03 1.811176e-03
5.301848e+02 1.359486e-03 1.093005e-03 1.093005e-03 1.892447e-03
5.302118e+02 1.400531e-03 1.112010e-03 1.112010e-03 1.977573e-03
5.302389e+02 1.444991e-03 1.134317e-03 1.134317e-03 2.066340e-03
5.302659e+02 1.492773e-03 1.159905e-03 1.159905e-03 2.158509e-03
5.302930e+02 1.543766e-03 1.188740e-03 1.188740e-03 2.253818e-03
5.303200e+02 1.597841e-03 1.220772e-03 1.220772e-03 2.351979e-03
5.303471e+02 1.654856e-03 1.255941e-03 1.255941e-03 2.452685e-03
5.303741e+02 1.714647e-03 1.294168e-03 1.294168e-03 2.555606e-03
5.304012e+02 1.777039e-03 1.335364e-03 1.335364e-03 2.660389e-03
5.304282e+02 1.841837e-03 1.379421e-03 1.379421e-03 2.766669e-03
5.304553e+02 1.908832e-03 1.426218e-03 1.426218e-03 2.874060e-03
5.304823e+02 1.977801e-03 1.475619e-03 1.475619e-03 2.982164e-03
5.305094e+02 2.048505e-03 1.527472e-03 1.527472e-03 3.090572e-03
5.305364e+02 2.120696e-03 1.581612e-03 1.581612e-03 3.198863e-03
5.305635e+02 2.194109e-03 1.637858e-03 1.637858e-03 3.306612e-03
5.305905e+02 2.268475e-03 1.696017e-03 1.696017e-03 3.413391e-03
5.306176e+02 2.343510e-03 1.755880e-03 1.755881e-03 3.518769e-03
5.306446e+02 2.418926e-03 1.817230e-03 1.817230e-03 3.622317e-03
5.306717e+02 2.494428e-03 1.879835e-03 1.879835e-03 3.723613e-03
5.306987e+02 2.569717e-03 1.943455e-03 1.943455e-03 3.822242e-03
5.307258e+02 2.644492e-03 2.007838e-03 2.007838e-03 3.917800e-03
5.307528e+02 2.718450e-03 2.072728e-03 2.072728e-03 4.009895e-03
5.307799e+02 2.791291e-03 2.137859e-03 2.137859e-03 4.098155e-03
5.308069e+02 2.862717e-03 2.202963e-03 2.202963e-03 4.182224e-03
5.308340e+02 2.932434e-03 2.267767e-03 2.267767e-03 4.261769e-03
5.308610e+02 3.000158e-03 2.331996e-03 2.331996e-03 4.336481e-03
5.308881e+02 3.065610e-03 2.395378e-03 2.395378e-03 4.406074e-03
5.309151e+02 3.128524e-03 2.457639e-03 2.457639e-03 4.470293e-03
5.309422e+02 3.188644e-03 2.518511e-03 2.518511e-03 4.528910e-03
5.309692e+02 3.245730e-03 2.577732e-03 2.577732e-03 4.581727e-03
5.309963e+02 3.299556e-03 2.635045e-03 2.635045e-03 4.628579e-03
5.310233e+02 3.349912e-03 2.690203e-03 2.690203e-03 4.669330e-03
5.310504e+02 3.396607e-03 2.742971e-03 2.742971e-03 4.703878e-03
5.310774e+02 3.439468e-03 2.793125e-03 2.793125e-03 4.732152e-03
5.311045e+02 3.478341e-03 2.840454e-03 2.840454e-03 4.754114e-03
5.311315e+02 3.513095e-03 2.884764e-03 2.884764e-03 4.769757e-03
5.311586e+02 3.543618e-03 2.925876e-03 2.925876e-03 4.779102e-03
5.311856e+02 3.569821e-03 2.963630e-03 2.963630e-03 4.782203e-03
5.312127e+02 3.591635e-03 2.997882e-03 2.997882e-03 4.779140e-03
5.312397e+02 3.609014e-03 3.028511e-03 3.028511e-03 4.770019e-03
5.312668e+02 3.621934e-03 3.055413e-03 3.055413e-03 4.754974e-03
5.312938e+02 3.630391e-03 3.078507e-03 3.078507e-03 4.734159e-03
5.313209e+02 3.634404e-03 3.097731e-03 3.097731e-03 4.707751e-03
5.313479e+02 3.634011e-03 3.113045e-03 3.113045e-03 4.675944e-03
5.313750e+02 3.629269e-03 3.124429e-03 3.124429e-03 4.638951e-03
5.314020e+02 3.620256e-03 3.131884e-03 3.131884e-03 4.596999e-03
5.314291e+02 3.607064e-03 3.135432e-03 3.135432e-03 4.550328e-03
5.314561e+02 3.589805e-03 3.135114e-03 3.135114e-03 4.499189e-03
5.314832e+02 3.568605e-03 3.130988e-03 3.130988e-03 4.443839e-03
5.315102e+02 3.543603e-03 3.123134e-03 3.123133e-03 4.384543e-03
5.315373e+02 3.514953e-03 3.111644e-03 3.111644e-03 4.321572e-03
5.315643e+02 3.482818e-03 3.096630e-03 3.096629e-03 4.255196e-03
5.315914e+02 3.447372e-03 3.078215e-03 3.078215e-03 4.185688e-03
5.316184e+02 3.408798e-03 3.056537e-03 3.056537e-03 4.113320e-03
5.316455e+02 3.367283e-03 3.031745e-03 3.031745e-03 4.038360e-03
5.316725e+02 3.323023e-03 3.003998e-03 3.003998e-03 3.961074e-03
5.316996e+02 3.276217e-03 2.973464e-03 2.973464e-03 3.881722e-03
5.317266e+02 3.227065e-03 2.940318e-03 2.940318e-03 3.800559e-03
5.317537e+02 3.175770e-03 2.904739e-03 2.904739e-03 3.717831e-03
5.317807e+02 3.122534e-03 2.866912e-03 2.866912e-03 3.633779e-03
5.318078e+02 3.067560e-03 2.827023e-03 2.827023e-03 3.548634e-03
5.318348e+02 3.011046e-03 2.785260e-03 2.785260e-03 3.462618e-03
5.318619e+02 2.953188e-03 2.741809e-03 2.741809e-03 3.375945e-03
5.318889e+02 2.894177e-03 2.696857e-03 2.696857e-03 3.288818e-03
5.319160e+02 2.834200e-03 2.650584e-03 2.650584e-03 3.201431e-03
5.319430e+02 2.773436e-03 2.603170e-03 2.603170e-03 3.113969e-03
5.319701e+02 2.712061e-03 2.554788e-03 2.554788e-03 3.026605e-03
5.319971e+02 2.650238e-03 2.505605e-03 2.505605e-03 2.939505e-03
5.320242e+02 2.588128e-03 2.455780e-03 2.455780e-03 2.852824e-03
5.320512e+02 2.525880e-03 2.405466e-03 2.405466e-03 2.766706e-03
5.320783e+02 2.463635e-03 2.354808e-03 2.354808e-03 2.681289e-03
5.321053e+02 2.401527e-03 2.303941e-03 2.303940e-03 2.596700e-03
5.321324e+02 2.339679e-03 2.252991e-03 2.252991e-03 2.513056e-03
5.321594e+02 2.278206e-03 2.202076e-03 2.202076e-03 2.430468e-03
5.321865e+02 2.217214e-03 2.151303e-03 2.151303e-03 2.349036e-03
5.322135e+02 2.156799e-03 2.100772e-03 2.100772e-03 2.268853e-03
5.322406e+02 2.097048e-03 2.050570e-03 2.050570e-03 2.190005e-03
5.322676e+02 2.038041e-03 2.000777e-03 2.000777e-03 2.112568e-03
5.322947e+02 1.979847e-03 1.951464e-03 1.951464e-03 2.036614e-03
5.323217e+02 1.922529e-03 1.902692e-03 1.902692e-03 1.962203e-03
5.323488e+02 1.866141e-03 1.854515e-03 1.854515e-03 1.889392e-03
5.323758e+02 1.810729e-03 1.806978e-03 1.806978e-03 1.818230e-03
5.324029e+02 1.756331e-03 1.760118e-03 1.760118e-03 1.748758e-03
5.324299e+02 1.702981e-03 1.713966e-03 1.713966e-03 1.681012e-03
5.324570e+02 1.650703e-03 1.668545e-03 1.668545e-03 1.615021e-03
5.324840e+02 1.599518e-03 1.623873e-03 1.623873e-03 1.550808e-03
5.325111e+02 1.549439e-03 1.579963e-03 1.579963e-03 1.488391e-03
5.325381e+02 1.500475e-03 1.536822e-03 1.536822e-03 1.427780e-03
5.325652e+02 1.452629e-03 1.494452e-03 1.494452e-03 1.368983e-03
5.325922e+02 1.405903e-03 1.452854e-03 1.452854e-03 1.312000e-03
5.326193e+02 1.360291e-03 1.412022e-03 1.412022e-03 1.256827e-03
5.326463e+02 1.315785e-03 1.371950e-03 1.371950e-03 1.203455e-03
5.326734e+02 1.272376e-03 1.332629e-03 1.332629e-03 1.151870e-03
5.327004e+02 1.230050e-03 1.294047e-03 1.294047e-03 1.102055e-03
5.327275e+02 1.188791e-03 1.256193e-03 1.256193e-03 1.053988e-03
5.327545e+02 1.148582e-03 1.219052e-03 1.219052e-03 1.007643e-03
5.327816e+02 1.109405e-03 1.182611e-03 1.182611e-03 9.629930e-04
5.328086e+02 1.071239e-03 1.146856e-03 1.146856e-03 9.200050e-04
5.328357e+02 1.034064e-03 1.111773e-03 1.111773e-03 8.786449e-04
5.328627e+02 9.978574e-04 1.077348e-03 1.077348e-03 8.388757e-04
5.328898e+02 9.625985e-04 1.043569e-03 1.043569e-03 8.006585e-04
5.329168e+02 9.282654e-04 1.010422e-03 1.010422e-03 7.639526e-04
5.329439e+02 8.948366e-04 9.778969e-04 9.778969e-04 7.287159e-04
5.329709e+02 8.622908e-04 9.459837e-04 9.459837e-04 6.949051e-04
5.329980e+02 8.306076e-04 9.146733e-04 9.146733e-04 6.624762e-04
5.330250e+02 7.997670e-04 8.839581e-04 8.839581e-04 6.313848e-04
5.330521e+02 7.697499e-04 8.538319e-04 8.538318e-04 6.015861e-04
5.330791e+02 7.405382e-04 8.242896e-04 8.242896e-04 5.730355e-04
5.331062e+02 7.121147e-04 7.953277e-04 7.953277e-04 5.456887e-04
5.331332e+02 6.844633e-04 7.669439e-04 7.669439e-04 5.195020e-04
5.331603e+02 6.575689e-04 7.391372e-04 7.391372e-04 4.944324e-04
5.331873e+02 6.314177e-04 7.119076e-04 7.119076e-04 4.704380e-04
5.332144e+02 6.059969e-04 6.852563e-04 6.852563e-04 4.474779e-04
5.332414e+02 5.812947e-04 6.591857e-04 6.591857e-04 4.255126e-04
5.332685e+02 5.573005e-04 6.336987e-04 6.336988e-04 4.045040e-04
5.332955e+02 5.340048e-04 6.087993e-04 6.087993e-04 3.844156e-04
5.333226e+02 5.113987e-04 5.844919e-04 5.844919e-04 3.652124e-04
5.333496e+02 4.894747e-04 5.607816e-04 5.607816e-04 3.468609e-04
5.333767e+02 4.682258e-04 5.376739e-04 5.376739e-04 3.293297e-04
5.334037e+02 4.476458e-04 5.151743e-04 5.151743e-04 3.125888e-04
5.334308e+02 4.277292e-04 4.932888e-04 4.932888e-04 2.966101e-04
5.334578e+02 4.084711e-04 4.720233e-04 4.720233e-04 2.813668e-04
5.334849e+02 3.898671e-04 4.513835e-04 4.513835e-04 2.668343e-04
5.335119e+02 3.719131e-04 4.313751e-04 4.313751e-04 2.529893e-04
5.335390e+02 3.546055e-04 4.120033e-04 4.120033e-04 2.398099e-04
5.335660e+02 3.379407e-04 3.932731e-04 3.932731e-04 2.272760e-04
5.335931e+02 3.219155e-04 3.751889e-04 3.751889e-04 2.153687e-04
5.336201e+02 3.065266e-04 3.577547e-04 3.577547e-04 2.040704e-04
5.336472e+02 2.917708e-04 3.409737e-04 3.409737e-04 1.933649e-04
5.336742e+02 2.776447e-04 3.248487e-04 3.248487e-04 1.832368e-04
5.337013e+02 2.641450e-04 3.093816e-04 3.093816e-04 1.736720e-04
5.337283e+02 2.512682e-04 2.945736e-04 2.945736e-04 1.646574e-04
5.337554e+02 2.390103e-04 2.804253e-04 2.804253e-04 1.561805e-04
5.337824e+02 2.273675e-04 2.669364e-04 2.669364e-04 1.482298e-04
5.338095e+02 2.163354e-04 2.541060e-04 2.541060e-04 1.407944e-04
5.338365e+02 2.059095e-04 2.419323e-04 2.419323e-04 1.338640e-04
5.338636e+02 1.960849e-04 2.304129e-04 2.304129e-04 1.274290e-04
5.338906e+02 1.868565e-04 2.195447e-04 2.195447e-04 1.214800e-04
5.339177e+02 1.782188e-04 2.093240e-04 2.093240e-04 1.160084e-04
5.339447e+02 1.701660e-04 1.997462e-04 1.997462e-04 1.110056e-04
5.339718e+02 1.626923e-04 1.908066e-04 1.908066e-04 1.064637e-04
5.339988e+02 1.557913e-04 1.824995e-04 1.824995e-04 1.023749e-04
5.340259e+02 1.494567e-04 1.748192e-04 1.748192e-04 9.873167e-05
5.340529e+02 1.436818e-04 1.677593e-04 1.677593e-04 9.552682e-05
5.340800e+02 1.384599e-04 1.613131e-04 1.613131e-04 9.275337e-05
5.341070e+02 1.337841e-04 1.554738e-04 1.554738e-04 9.040460e-05
5.341341e+02 1.296474e-04 1.502341e-04 1.502341e-04 8.847400e-05
5.341611e+02 1.260431e-04 1.455869e-04 1.455869e-04 8.695530e-05
5.341882e+02 1.229640e-04 1.415248e-04 1.415248e-04 8.584250e-05
5.342152e+02 1.204036e-04 1.380404e-04 1.380404e-04 8.512981e-05
5.342423e+02 1.183549e-04 1.351264e-04 1.351265e-04 8.481174e-05
5.342693e+02 1.168115e-04 1.327757e-04 1.327757e-04 8.488306e-05
5.342964e+02 1.157670e-04 1.309811e-04 1.309811e-04 8.533885e-05
5.343234e+02 1.152154e-04 1.297358e-04 1.297359e-04 8.617451e-05
5.343505e+02 1.151509e-04 1.290334e-04 1.290334e-04 8.738576e-05
5.343775e+02 1.155679e-04 1.288675e-04 1.288675e-04 8.896868e-05
5.344046e+02 1.164615e-04 1.292323e-04 1.292323e-04 9.091973e-05
5.344316e+02 1.178268e-04 1.301223e-04 1.301223e-04 9.323576e-05
5.344587e+02 1.196597e-04 1.315325e-04 1.315325e-04 9.591403e-05
5.344857e+02 1.219563e-04 1.334583e-04 1.334583e-04 9.895220e-05
5.345128e+02 1.247133e-04 1.358957e-04 1.358957e-04 1.023484e-04
5.345398e+02 1.279277e-04 1.388410e-04 1.388410e-04 1.061012e-04
5.345669e+02 1.315974e-04 1.422914e-04 1.422914e-04 1.102096e-04
5.345939e+02 1.357205e-04 1.462442e-04 1.462442e-04 1.146731e-04
5.346210e+02 1.402957e-04 1.506977e-04 1.506977e-04 1.194916e-04
5.346480e+02 1.453223e-04 1.556506e-04 1.556506e-04 1.246656e-04
5.346751e+02 1.508001e-04 1.611021e-04 1.611021e-04 1.301961e-04
5.347021e+02 1.567295e-04 1.670521e-04 1.670521e-04 1.360842e-04
5.347292e+02 1.631113e-04 1.735010e-04 1.735010e-04 1.423320e-04
5.347562e+02 1.699471e-04 1.804498e-04 1.804498e-04 1.489417e-04
5.347833e+02 1.772388e-04 1.879002e-04 1.879002e-04 1.559160e-04
5.348103e+02 1.849889e-04 1.958542e-04 1.958542e-04 1.632582e-04
5.348374e+02 1.932003e-04 2.043144e-04 2.043144e-04 1.709720e-04
5.348644e+02 2.018766e-04 2.132842e-04 2.132842e-04 1.790612e-04
5.348915e+02 2.110216e-04 2.227672e-04 2.227672e-04 1.875305e-04
5.349185e+02 2.206399e-04 2.327674e-04 2.327674e-04 1.963847e-04
5.349456e+02 2.307361e-04 2.432897e-04 2.432897e-04 2.056290e-04
5.349726e+02 2.413156e-04 2.543388e-04 2.543388e-04 2.152690e-04
5.349997e+02 2.523838e-04 2.659204e-04 2.659204e-04 2.253106e-04
5.350267e+02 2.639468e-04 2.780401e-04 2.780401e-04 2.357601e-04
5.350538e+02 2.760107e-04 2.907041e-04 2.907041e-04 2.466240e-04
5.350808e+02 2.885822e-04 3.039187e-04 3.039187e-04 2.579092e-04
5.351079e+02 3.016680e-04 3.176906e-04 3.176906e-04 2.696228e-04
5.351349e+02 3.152750e-04 3.320264e-04 3.320264e-04 2.817722e-04
5.351620e+02 3.294105e-04 3.469333e-04 3.469333e-04 2.943650e-04
5.351890e+02 3.440818e-04 3.624183e-04 3.624183e-04 3.074090e-04
5.352161e+02 3.592963e-04 3.784884e-04 3.784884e-04 3.209121e-04
5.352431e+02 3.750614e-04 3.951507e-04 3.951507e-04 3.348826e-04
5.352702e+02 3.913845e-04 4.124124e-04 4.124124e-04 3.493288e-04
5.352972e+02 4.082733e-04 4.302803e-04 4.302803e-04 3.642592e-04
5.353243e+02 4.257349e-04 4.487611e-04 4.487611e-04 3.796823e-04
5.353513e+02 4.437766e-04 4.678614e-04 4.678614e-04 3.956069e-04
5.353784e+02 4.624054e-04 4.875872e-04 4.875872e-04 4.120417e-04
5.354054e+02 4.816281e-04 5.079444e-04 5.079444e-04 4.289956e-04
5.354325e+02 5.014513e-04 5.289383e-04 5.289383e-04 4.464773e-04
5.354595e+02 5.218809e-04 5.505735e-04 5.505735e-04 4.644958e-04
5.354866e+02 5.429227e-04 5.728542e-04 5.728542e-04 4.830598e-04
5.355136e+02 5.645820e-04 5.957839e-04 5.957839e-04 5.021782e-04
5.355407e+02 5.868633e-04 6.193651e-04 6.193651e-04 5.218597e-04
5.355677e+02 6.097707e-04 6.435996e-04 6.435996e-04 5.421130e-04
5.355948e+02 6.333076e-04 6.684882e-04 6.684882e-04 5.629464e-04
5.356218e+02 6.574765e-04 6.940306e-04 6.940306e-04 5.843684e-04
5.356489e+02 6.822792e-04 7.202253e-04 7.202253e-04 6.063870e-04
5.356759e+02 7.077164e-04 7.470696e-04 7.470696e-04 6.290100e-04
5.357030e+02 7.337881e-04 7.745596e-04 7.745596e-04 6.522451e-04
5.357300e+02 7.604929e-04 8.026897e-04 8.026897e-04 6.760995e-04
5.357571e+02 7.878286e-04 8.314529e-04 8.314529e-04 7.005799e-04
5.357841e+02 8.157914e-04 8.608407e-04 8.608407e-04 7.256928e-04
5.358112e+02 8.443764e-04 8.908427e-04 8.908427e-04 7.514439e-04
5.358382e+02 8.735774e-04 9.214468e-04 9.214467e-04 7.778387e-04
5.358653e+02 9.033866e-04 9.526389e-04 9.526389e-04 8.048818e-04
5.358923e+02 9.337946e-04 9.844033e-04 9.844032e-04 8.325772e-04
5.359194e+02 9.647905e-04 1.016722e-03 1.016722e-03 8.609281e-04
5.359464e+02 9.963618e-04 1.049574e-03 1.049574e-03 8.899368e-04
5.359735e+02 1.028494e-03 1.082939e-03 1.082939e-03 9.196049e-04
5.360005e+02 1.061172e-03 1.116791e-03 1.116791e-03 9.499329e-04
5.360276e+02 1.094376e-03 1.151104e-03 1.151104e-03 9.809202e-04
5.360546e+02 1.128087e-03 1.185849e-03 1.185849e-03 1.012565e-03
5.360817e+02 1.162284e-03 1.220994e-03 1.220994e-03 1.044864e-03
5.361087e+02 1.196943e-03 1.256507e-03 1.256507e-03 1.077814e-03
5.361358e+02 1.232037e-03 1.292350e-03 1.292350e-03 1.111409e-03
5.361628e+02 1.267539e-03 1.328488e-03 1.328487e-03 1.145642e-03
5.361899e+02 1.303419e-03 1.364877e-03 1.364877e-03 1.180503e-03
5.362169e+02 1.339646e-03 1.401477e-03 1.401477e-03 1.215984e-03
5.362440e+02 1.376186e-03 1.438243e-03 1.438243e-03 1.252071e-03
5.362710e+02 1.413002e-03 1.475126e-03 1.475126e-03 1.288753e-03
5.362981e+02 1.450057e-03 1.512080e-03 1.512080e-03 1.326012e-03
5.363251e+02 1.487312e-03 1.549052e-03 1.549052e-03 1.363831e-03
5.363522e+02 1.524724e-03 1.585990e-03 1.585990e-03 1.402192e-03
5.363792e+02 1.562251e-03 1.622839e-03 1.622839e-03 1.441074e-03
5.364063e+02 1.599847e-03 1.659545e-03 1.659545e-03 1.480452e-03
5.364333e+02 1.637466e-03 1.696049e-03 1.696049e-03 1.520301e-03
5.364604e+02 1.675060e-03 1.732293e-03 1.732293e-03 1.560594e-03
5.364874e+02 1.712579e-03 1.768218e-03 1.768218e-03 1.601301e-03
5.365145e+02 1.749972e-03 1.803763e-03 1.803763e-03 1.642391e-03
5.365415e+02 1.787187e-03 1.838867e-03 1.838867e-03 1.683828e-03
5.365686e+02 1.824171e-03 1.873468e-03 1.873468e-03 1.725578e-03
5.365956e+02 1.860870e-03 1.907505e-03 1.907505e-03 1.767601e-03
5.366227e+02 1.897229e-03 1.940916e-03 1.940915e-03 1.809856e-03
5.366497e+02 1.933193e-03 1.973638e-03 1.973638e-03 1.852301e-03
5.366768e+02 1.968705e-03 2.005612e-03 2.005612e-03 1.894891e-03
5.367038e+02 2.003711e-03 2.036777e-03 2.036777e-03 1.937579e-03
5.367309e+02 2.038153e-03 2.067072e-03 2.067072e-03 1.980314e-03
5.367579e+02 2.071976e-03 2.096440e-03 2.096440e-03 2.023047e-03
5.367850e+02 2.105124e-03 2.124824e-03 2.124824e-03 2.065723e-03
5.368120e+02 2.137542e-03 2.152168e-03 2.152168e-03 2.108288e-03
5.368391e+02 2.169175e-03 2.178420e-03 2.178420e-03 2.150684e-03
5.368661e+02 2.199969e-03 2.203527e-03 2.203527e-03 2.192854e-03
5.368932e+02 2.229873e-03 2.227442e-03 2.227441e-03 2.234736e-03
5.369202e+02 2.258835e-03 2.250117e-03 2.250117e-03 2.276271e-03
5.369473e+02 2.286805e-03 2.271510e-03 2.271510e-03 2.317394e-03
5.369743e+02 2.313735e-03 2.291580e-03 2.291580e-03 2.358043e-03
5.370014e+02 2.339578e-03 2.310291e-03 2.310291e-03 2.398153e-03
5.370284e+02 2.364292e-03 2.327609e-03 2.327609e-03 2.437658e-03
5.370555e+02 2.387834e-03 2.343505e-03 2.343504e-03 2.476494e-03
5.370825e+02 2.410166e-03 2.357951e-03 2.357951e-03 2.514595e-03
5.371096e+02 2.431250e-03 2.370928e-03 2.370928e-03 2.551894e-03
5.371366e+02 2.451053e-03 2.382416e-03 2.382416e-03 2.588328e-03
5.371637e+02 2.469546e-03 2.392403e-03 2.392403e-03 2.623831e-03
5.371907e+02 2.486701e-03 2.400881e-03 2.400880e-03 2.658341e-03
5.372178e+02 2.502494e-03 2.407844e-03 2.407843e-03 2.691794e-03
5.372448e+02 2.516906e-03 2.413293e-03 2.413293e-03 2.724132e-03
5.372719e+02 2.529921e-03 2.417234e-03 2.417233e-03 2.755294e-03
5.372989e+02 2.541526e-03 2.419676e-03 2.419676e-03 2.785227e-03
5.373260e+02 2.551715e-03 2.420635e-03 2.420635e-03 2.813876e-03
5.373530e+02 2.560484e-03 2.420130e-03 2.420130e-03 2.841191e-03
5.373801e+02 2.567833e-03 2.418187e-03 2.418187e-03 2.867126e-03
5.374071e+02 2.573768e-03 2.414834e-03 2.414833e-03 2.891638e-03
5.374342e+02 2.578300e-03 2.410106e-03 2.410105e-03 2.914689e-03
5.374612e+02 2.581442e-03 2.404041e-03 2.404041e-03 2.936243e-03
5.374883e+02 2.583214e-03 2.396685e-03 2.396685e-03 2.956273e-03
5.375153e+02 2.583641e-03 2.388085e-03 2.388085e-03 2.974754e-03
5.375424e+02 2.582751e-03 2.378293e-03 2.378293e-03 2.991667e-03
5.375694e+02 2.580578e-03 2.367367e-03 2.367367e-03 3.007000e-03
5.375965e+02 2.577160e-03 2.355368e-03 2.355368e-03 3.020745e-03
5.376235e+02 2.572540e-03 2.342360e-03 2.342360e-03 3.032901e-03
5.376506e+02 2.566766e-03 2.328411e-03 2.328411e-03 3.043474e-03
5.376776e+02 2.559888e-03 2.313594e-03 2.313594e-03 3.052475e-03
5.377047e+02 2.551963e-03 2.297983e-03 2.297983e-03 3.059923e-03
5.377317e+02 2.543051e-03 2.281656e-03 2.281656e-03 3.065841e-03
5.377588e+02 2.533216e-03 2.264693e-03 2.264692e-03 3.070262e-03
5.377858e+02 2.522525e-03 2.247175e-03 2.247175e-03 3.073223e-03
5.378129e+02 2.511048e-03 2.229189e-03 2.229189e-03 3.074767e-03
5.378399e+02 2.498860e-03 2.210818e-03 2.210818e-03 3.074945e-03
5.378670e+02 2.486037e-03 2.192150e-03 2.192150e-03 3.073813e-03
5.378940e+02 2.472659e-03 2.173272e-03 2.173272e-03 3.071432e-03
5.379211e+02 2.458805e-03 2.154272e-03 2.154272e-03 3.067871e-03
5.379481e+02 2.444560e-03 2.135239e-03 2.135239e-03 3.063201e-03
5.379752e+02 2.430006e-03 2.116259e-03 2.116259e-03 3.057501e-03
5.380022e+02 2.415231e-03 2.097421e-03 2.097421e-03 3.050851e-03
5.380293e+02 2.400319e-03 2.078810e-03 2.078810e-03 3.043338e-03
5.380563e+02 2.385357e-03 2.060510e-03 2.060510e-03 3.035051e-03
5.380834e+02 2.370430e-03 2.042605e-03 2.042605e-03 3.026082e-03
5.381104e+02 2.355625e-03 2.025175e-03 2.025175e-03 3.016526e-03
5.381375e+02 2.341026e-03 2.008300e-03 2.008299e-03 3.006479e-03
5.381645e+02 2.326716e-03 1.992054e-03 1.992054e-03 2.996042e-03
5.381916e+02 2.312777e-03 1.976511e-03 1.976511e-03 2.985311e-03
5.382186e+02 2.299289e-03 1.961740e-03 1.961740e-03 2.974388e-03
5.382457e+02 2.286329e-03 1.947809e-03 1.947809e-03 2.963370e-03
5.382727e+02 2.273972e-03 1.934779e-03 1.934779e-03 2.952358e-03
5.382998e+02 2.262290e-03 1.922710e-03 1.922710e-03 2.941449e-03
5.383268e+02 2.251350e-03 1.911657e-03 1.911657e-03 2.930737e-03
5.383539e+02 2.241219e-03 1.901671e-03 1.901671e-03 2.920317e-03
5.383809e+02 2.231958e-03 1.892798e-03 1.892798e-03 2.910278e-03
5.384080e+02 2.223623e-03 1.885081e-03 1.885081e-03 2.900709e-03
5.384350e+02 2.216269e-03 1.878557e-03 1.878557e-03 2.891692e-03
5.384621e+02 2.209944e-03 1.873262e-03 1.873262e-03 2.883308e-03
5.384891e+02 2.204692e-03 1.869223e-03 1.869223e-03 2.875632e-03
5.385162e+02 2.200555e-03 1.866466e-03 1.866466e-03 2.868733e-03
5.385432e+02 2.197566e-03 1.865011e-03 1.865011e-03 2.862677e-03
5.385703e+02 2.195757e-03 1.864874e-03 1.864874e-03 2.857524e-03
5.385973e+02 2.195154e-03 1.866067e-03 1.866067e-03 2.853328e-03
5.386244e+02 2.195778e-03 1.868599e-03 1.868599e-03 2.850138e-03
5.386514e+02 2.197646e-03 1.872471e-03 1.872471e-03 2.847995e-03
5.386785e+02 2.200769e-03 1.877685e-03 1.877685e-03 2.846937e-03
5.387055e+02 2.205154e-03 1.884235e-03 1.884235e-03 2.846993e-03
5.387326e+02 2.210804e-03 1.892113e-03 1.892113e-03 2.848187e-03
5.387596e+02 2.217718e-03 1.901308e-03 1.901308e-03 2.850537e-03
5.387867e+02 2.225888e-03 1.911805e-03 1.911805e-03 2.854053e-03
5.388137e+02 2.235304e-03 1.923584e-03 1.923584e-03 2.858742e-03
5.388408e+02 2.245950e-03 1.936625e-03 1.936625e-03 2.864600e-03
5.388678e+02 2.257808e-03 1.950902e-03 1.950902e-03 2.871621e-03
5.388949e+02 2.270856e-03 1.966388e-03 1.966388e-03 2.879792e-03
5.389219e+02 2.285065e-03 1.983051e-03 1.983051e-03 2.889092e-03
5.389490e+02 2.300406e-03 2.000860e-03 2.000860e-03 2.899497e-03
5.389760e+02 2.316844e-03 2.019778e-03 2.019778e-03 2.910975e-03
5.390031e+02 2.334343e-03 2.039769e-03 2.039769e-03 2.923492e-03
5.390301e+02 2.352863e-03 2.060791e-03 2.060791e-03 2.937006e-03
5.390572e+02 2.372359e-03 2.082803e-03 2.082803e-03 2.951472e-03
5.390842e+02 2.392787e-03 2.105761e-03 2.105761e-03 2.966838e-03
5.391113e+02 2.414097e-03 2.129620e-03 2.129620e-03 2.983052e-03
5.391383e+02 2.436240e-03 2.154333e-03 2.154333e-03 3.000055e-03
5.391654e+02 2.459163e-03 2.179851e-03 2.179851e-03 3.017786e-03
5.391924e+02 2.482810e-03 2.206124e-03 2.206124e-03 3.036181e-03
5.392195e+02 2.507125e-03 2.233101e-03 2.233101e-03 3.055173e-03
5.392465e+02 2.532052e-03 2.260731e-03 2.260731e-03 3.074694e-03
5.392736e+02 2.557531e-03 2.288961e-03 2.288961e-03 3.094672e-03
5.393006e+02 2.583503e-03 2.317736e-03 2.317736e-03 3.115037e-03
5.393277e+02 2.609907e-03 2.347002e-03 2.347002e-03 3.135716e-03
5.393547e+02 2.636682e-03 2.376705e-03 2.376705e-03 3.156637e-03
5.393818e+02 2.663769e-03 2.406789e-03 2.406789e-03 3.177729e-03
5.394088e+02 2.691105e-03 2.437198e-03 2.437198e-03 3.198920e-03
5.394359e+02 2.718632e-03 2.467877e-03 2.467877e-03 3.220141e-03
5.394629e+02 2.746288e-03 2.498770e-03 2.498770e-03 3.241325e-03
5.394900e+02 2.774016e-03 2.529821e-03 2.529821e-03 3.262405e-03
5.395170e+02 2.801757e-03 2.560975e-03 2.560975e-03 3.283321e-03
5.395441e+02 2.829455e-03 2.592177e-03 2.592177e-03 3.304011e-03
5.395711e+02 2.857055e-03 2.623371e-03 2.623371e-03 3.324422e-03
5.395982e+02 2.884503e-03 2.654504e-03 2.654504e-03 3.344502e-03
5.396252e+02 2.911749e-03 2.685522e-03 2.685522e-03 3.364204e-03
5.396523e+02 2.938744e-03 2.716374e-03 2.716374e-03 3.383485e-03
5.396793e+02 2.965440e-03 2.747006e-03 2.747006e-03 3.402307e-03
5.397064e+02 2.991792e-03 2.777369e-03 2.777369e-03 3.420639e-03
5.397334e+02 3.017760e-03 2.807413e-03 2.807413e-03 3.438453e-03
5.397605e+02 3.043302e-03 2.837090e-03 2.837090e-03 3.455727e-03
5.397875e+02 3.068383e-03 2.866353e-03 2.866353e-03 3.472442e-03
5.398146e+02 3.092968e-03 2.895157e-03 2.895158e-03 3.488588e-03
5.398416e+02 3.117025e-03 2.923459e-03 2.923459e-03 3.504157e-03
5.398687e+02 3.140525e-03 2.951215e-03 2.951215e-03 3.519145e-03
5.398957e+02 3.163443e-03 2.978387e-03 2.978387e-03 3.533555e-03
5.399228e+02 3.185753e-03 3.004934e-03 3.004934e-03 3.547390e-03
5.399498e+02 3.207434e-03 3.030822e-03 3.030822e-03 3.560659e-03
5.399769e+02 3.228468e-03 3.056015e-03 3.056015e-03 3.573375e-03
5.400039e+02 3.248836e-03 3.080480e-03 3.080480e-03 3.585549e-03
5.400310e+02 3.268524e-03 3.104188e-03 3.104188e-03 3.597196e-03
5.400580e+02 3.287518e-03 3.127110e-03 3.127110e-03 3.608334e-03
5.400851e+02 3.305807e-03 3.149221e-03 3.149221e-03 3.618978e-03
5.401121e+02 3.323378e-03 3.170496e-03 3.170496e-03 3.629144e-03
5.401392e+02 3.340225e-03 3.190914e-03 3.190914e-03 3.638846e-03
5.401662e+02 3.356337e-03 3.210456e-03 3.210456e-03 3.648097e-03
5.401933e+02 3.371707e-03 3.229106e-03 3.229106e-03 3.656908e-03
5.402203e+02 3.386328e-03 3.246849e-03 3.246849e-03 3.665285e-03
5.402474e+02 3.400193e-03 3.263674e-03 3.263674e-03 3.673232e-03
5.402744e+02 3.413296e-03 3.279570e-03 3.279570e-03 3.680748e-03
5.403015e+02 3.425630e-03 3.294532e-03 3.294532e-03 3.687826e-03
5.403285e+02 3.437187e-03 3.308553e-03 3.308553e-03 3.694455e-03
5.403556e+02 3.447961e-03 3.321633e-03 3.321633e-03 3.700618e-03
5.403826e+02 3.457945e-03 3.333772e-03 3.333772e-03 3.706291e-03
5.404097e+02 3.467129e-03 3.344971e-03 3.344971e-03 3.711446e-03
5.404367e+02 3.475506e-03 3.355236e-03 3.355236e-03 3.716045e-03
5.404638e+02 3.483065e-03 3.364574e-03 3.364574e-03 3.720049e-03
5.404908e+02 3.489798e-03 3.372993e-03 3.372993e-03 3.723408e-03
5.405179e+02 3.495694e-03 3.380506e-03 3.380506e-03 3.726068e-03
5.405449e+02 3.500741e-03 3.387126e-03 3.387126e-03 3.727971e-03
5.405720e+02 3.504929e-03 3.392868e-03 3.392868e-03 3.729051e-03
5.405990e+02 3.508246e-03 3.397748e-03 3.397748e-03 3.729240e-03
5.406261e+02 3.510679e-03 3.401787e-03 3.401787e-03 3.728464e-03
5.406531e+02 3.512218e-03 3.405003e-03 3.405003e-03 3.726648e-03
5.406802e+02 3.512849e-03 3.407418e-03 3.407418e-03 3.723712e-03
5.407072e+02 3.512563e-03 3.409055e-03 3.409055e-03 3.719577e-03
5.407343e+02 3.511346e-03 3.409938e-03 3.409938e-03 3.714163e-03
5.407613e+02 3.509190e-03 3.410092e-03 3.410092e-03 3.707387e-03
5.407884e+02 3.506085e-03 3.409540e-03 3.409540e-03 3.699173e-03
5.408154e+02 3.502021e-03 3.408310e-03 3.408310e-03 3.689443e-03
5.408425e+02 3.496992e-03 3.406427e-03 3.406427e-03 3.678124e-03
5.408695e+02 3.490993e-03 3.403916e-03 3.403916e-03 3.665147e-03
5.408966e+02 3.484018e-03 3.400803e-03 3.400803e-03 3.650448e-03
5.409236e+02 3.476066e-03 3.397113e-03 3.397113e-03 3.633971e-03
5.409507e+02 3.467135e-03 3.392870e-03 3.392870e-03 3.615666e-03
5.409777e+02 3.457228e-03 3.388097e-03 3.388097e-03 3.595490e-03
5.410048e+02 3.446348e-03 3.382818e-03 3.382818e-03 3.573409e-03
5.410318e+02 3.434502e-03 3.377053e-03 3.377053e-03 3.549401e-03
5.410589e+02 3.421697e-03 3.370821e-03 3.370821e-03 3.523449e-03
5.410859e+02 3.407944e-03 3.364141e-03 3.364141e-03 3.495552e-03
5.411130e+02 3.393257e-03 3.357028e-03 3.357028e-03 3.465714e-03
5.411400e+02 3.377650e-03 3.349498e-03 3.349498e-03 3.433954e-03
5.411671e+02 3.361142e-03 3.341563e-03 3.341563e-03 3.400301e-03
5.411941e+02 3.343754e-03 3.333233e-03 3.333233e-03 3.364794e-03
5.412212e+02 3.325506e-03 3.324517e-03 3.324518e-03 3.327484e-03
5.412482e+02 3.306426e-03 3.315422e-03 3.315423e-03 3.288432e-03
5.412753e+02 3.286539e-03 3.305953e-03 3.305953e-03 3.247709e-03
5.413023e+02 3.265875e-03 3.296113e-03 3.296113e-03 3.205399e-03
5.413294e+02 3.244465e-03 3.285902e-03 3.285902e-03 3.161590e-03
5.413564e+02 3.222343e-03 3.275323e-03 3.275323e-03 3.116385e-03
5.413835e+02 3.199545e-03 3.264372e-03 3.264372e-03 3.069890e-03
5.414105e+02 3.176107e-03 3.253049e-03 3.253049e-03 3.022223e-03
5.414376e+02 3.152068e-03 3.241350e-03 3.241350e-03 2.973505e-03
5.414646e+02 3.127470e-03 3.229273e-03 3.229273e-03 2.923865e-03
5.414917e+02 3.102355e-03 3.216814e-03 3.216814e-03 2.873438e-03
5.415187e+02 3.076767e-03 3.203970e-03 3.203970e-03 2.822360e-03
5.415458e+02 3.050751e-03 3.190740e-03 3.190740e-03 2.770775e-03
5.415728e+02 3.024357e-03 3.177123e-03 3.177123e-03 2.718825e-03
5.415999e+02 2.997631e-03 3.163119e-03 3.163119e-03 2.666657e-03
5.416269e+02 2.970627e-03 3.148731e-03 3.148731e-03 2.614418e-03
5.416540e+02 2.943395e-03 3.133965e-03 3.133965e-03 2.562254e-03
5.416810e+02 2.915989e-03 3.118827e-03 3.118827e-03 2.510313e-03
5.417081e+02 2.888467e-03 3.103331e-03 3.103331e-03 2.458739e-03
5.417351e+02 2.860884e-03 3.087488e-03 3.087488e-03 2.407675e-03
5.417622e+02 2.833300e-03 3.071320e-03 3.071320e-03 2.357262e-03
5.417892e+02 2.805777e-03 3.054847e-03 3.054847e-03 2.307637e-03
5.418163e+02 2.778375e-03 3.038097e-03 3.038097e-03 2.258933e-03
5.418433e+02 2.751160e-03 3.021101e-03 3.021101e-03 2.211279e-03
5.418704e+02 2.724197e-03 3.003896e-03 3.003896e-03 2.164801e-03
5.418974e+02 2.697554e-03 2.986522e-03 2.986522e-03 2.119617e-03
5.419245e+02 2.671297e-03 2.969026e-03 2.969026e-03 2.075841e-03
5.419515e+02 2.645499e-03 2.951457e-03 2.951457e-03 2.033582e-03
5.419786e+02 2.620228e-03 2.933871e-03 2.933871e-03 1.992942e-03
5.420056e+02 2.595557e-03 2.916328e-03 2.916328e-03 1.954017e-03
5.420327e+02 2.571558e-03 2.898889e-03 2.898889e-03 1.916895e-03
5.420597e+02 2.548303e-03 2.881624e-03 2.881624e-03 1.881660e-03
5.420868e+02 2.525863e-03 2.864601e-03 2.864601e-03 1.848387e-03
5.421138e+02 2.504310e-03 2.847894e-03 2.847894e-03 1.817143e-03
5.421409e+02 2.483715e-03 2.831578e-03 2.831578e-03 1.787990e-03
5.421679e+02 2.464147e-03 2.815730e-03 2.815730e-03 1.760981e-03
5.421950e+02 2.445671e-03 2.800426e-03 2.800426e-03 1.736161e-03
5.422220e+02 2.428352e-03 2.785744e-03 2.785744e-03 1.713568e-03
5.422491e+02 2.412250e-03 2.771760e-03 2.771760e-03 1.693230e-03
5.422761e+02 2.397423e-03 2.758550e-03 2.758550e-03 1.675168e-03
5.423032e+02 2.383921e-03 2.746184e-03 2.746184e-03 1.659395e-03
5.423302e+02 2.371792e-03 2.734732e-03 2.734732e-03 1.645913e-03
5.423573e+02 2.361077e-03 2.724257e-03 2.724257e-03 1.634718e-03
5.423843e+02 2.351810e-03 2.714819e-03 2.714819e-03 1.625793e-03
5.424114e+02 2.344018e-03 2.706470e-03 2.706470e-03 1.619115e-03
5.424384e+02 2.337721e-03 2.699255e-03 2.699255e-03 1.614651e-03
5.424655e+02 2.332928e-03 2.693213e-03 2.693213e-03 1.612358e-03
5.424925e+02 2.329643e-03 2.688372e-03 2.688372e-03 1.612183e-03
5.425196e+02 2.327856e-03 2.684753e-03 2.684753e-03 1.614063e-03
5.425466e+02 2.327553e-03 2.682365e-03 2.682365e-03 1.617928e-03
5.425737e+02 2.328703e-03 2.681207e-03 2.681207e-03 1.623696e-03
5.426007e+02 2.331271e-03 2.681268e-03 2.681268e-03 1.631277e-03
5.426278e+02 2.335208e-03 2.682525e-03 2.682525e-03 1.640572e-03
5.426548e+02 2.340454e-03 2.684945e-03 2.684945e-03 1.651471e-03
5.426819e+02 2.346941e-03 2.688481e-03 2.688481e-03 1.663860e-03
5.427089e+02 2.354588e-03 2.693076e-03 2.693076e-03 1.677613e-03
5.427360e+02 2.363307e-03 2.698661e-03 2.698661e-03 1.692598e-03
5.427630e+02 2.372997e-03 2.705157e-03 2.705157e-03 1.708677e-03
5.427901e+02 2.383550e-03 2.712472e-03 2.712472e-03 1.725705e-03
5.428171e+02 2.394849e-03 2.720506e-03 2.720506e-03 1.743533e-03
5.428442e+02 2.406767e-03 2.729149e-03 2.729149e-03 1.762004e-03
5.428712e+02 2.419175e-03 2.738281e-03 2.738281e-03 1.780962e-03
5.428983e+02 2.431931e-03 2.747774e-03 2.747774e-03 1.800246e-03
5.429253e+02 2.444894e-03 2.757495e-03 2.757495e-03 1.819693e-03
5.429524e+02 2.457915e-03 2.767302e-03 2.767303e-03 1.839140e-03
5.429794e+02 2.470843e-03 2.777052e-03 2.777052e-03 1.858425e-03
5.430065e+02 2.483525e-03 2.786594e-03 2.786595e-03 1.877387e-03
5.430335e+02 2.495809e-03 2.795779e-03 2.795779e-03 1.895868e-03
5.430606e+02 2.507540e-03 2.804453e-03 2.804453e-03 1.913714e-03
5.430876e+02 2.518568e-03 2.812464e-03 2.812464e-03 1.930777e-03
5.431147e+02 2.528746e-03 2.819663e-03 2.819663e-03 1.946911e-03
5.431417e+02 2.537929e-03 2.825902e-03 2.825902e-03 1.961983e-03
5.431688e+02 2.545980e-03 2.831038e-03 2.831038e-03 1.975863e-03
5.431958e+02 2.552766e-03 2.834932e-03 2.834932e-03 1.988433e-03
5.432229e+02 2.558165e-03 2.837455e-03 2.837456e-03 1.999583e-03
5.432499e+02 2.562061e-03 2.838484e-03 2.838484e-03 2.009214e-03
5.432770e+02 2.564350e-03 2.837905e-03 2.837905e-03 2.017238e-03
5.433040e+02 2.564936e-03 2.835615e-03 2.835615e-03 2.023580e-03
5.433311e+02 2.563738e-03 2.831520e-03 2.831520e-03 2.028175e-03
5.433581e+02 2.560684e-03 2.825541e-03 2.825541e-03 2.030971e-03
5.433852e+02 2.555716e-03 2.817609e-03 2.817609e-03 2.031930e-03
5.434122e+02 2.548788e-03 2.807669e-03 2.807669e-03 2.031025e-03
5.434393e+02 2.539868e-03 2.795681e-03 2.795681e-03 2.028242e-03
5.434663e+02 2.528938e-03 2.781616e-03 2.781616e-03 2.023580e-03
5.434934e+02 2.515991e-03 2.765462e-03 2.765462e-03 2.017050e-03
5.435204e+02 2.501037e-03 2.747219e-03 2.747219e-03 2.008675e-03
5.435475e+02 2.484097e-03 2.726902e-03 2.726902e-03 1.998488e-03
5.435745e+02 2.465204e-03 2.704539e-03 2.704539e-03 1.986534e-03
5.436016e+02 2.444405e-03 2.680174e-03 2.680174e-03 1.972868e-03
5.436286e+02 2.421759e-03 2.653861e-03 2.653861e-03 1.957554e-03
5.436557e+02 2.397333e-03 2.625667e-03 2.625667e-03 1.940665e-03
5.436827e+02 2.371209e-03 2.595673e-03 2.595673e-03 1.922281e-03
5.437098e+02 2.343476e-03 2.563969e-03 2.563969e-03 1.902489e-03
5.437368e+02 2.314231e-03 2.530655e-03 2.530655e-03 1.881382e-03
5.437639e+02 2.283580e-03 2.495841e-03 2.495841e-03 1.859058e-03
5.437909e+02 2.251635e-03 2.459644e-03 2.459644e-03 1.835617e-03
5.438180e+02 2.218516e-03 2.422191e-03 2.422191e-03 1.811164e-03
5.438450e+02 2.184344e-03 2.383612e-03 2.383612e-03 1.785807e-03
5.438721e+02 2.149246e-03 2.344042e-03 2.344042e-03 1.759652e-03
5.438991e+02 2.113350e-03 2.303623e-03 2.303623e-03 1.732806e-03
5.439262e+02 2.076789e-03 2.262495e-03 2.262495e-03 1.705377e-03
5.439532e+02 2.039692e-03 2.220803e-03 2.220803e-03 1.677470e-03
5.439803e+02 2.002190e-03 2.178691e-03 2.178691e-03 1.649187e-03
5.440073e+02 1.964412e-03 2.136302e-03 2.136302e-03 1.620630e-03
5.440344e+02 1.926484e-03 2.093779e-03 2.093779e-03 1.591894e-03
5.440614e+02 1.888530e-03 2.051260e-03 2.051260e-03 1.563071e-03
5.440885e+02 1.850670e-03 2.008880e-03 2.008880e-03 1.534250e-03
5.441155e+02 1.813018e-03 1.966770e-03 1.966770e-03 1.505513e-03
5.441426e+02 1.775683e-03 1.925056e-03 1.925056e-03 1.476938e-03
5.441696e+02 1.738769e-03 1.883856e-03 1.883856e-03 1.448595e-03
5.441967e+02 1.702372e-03 1.843283e-03 1.843283e-03 1.420552e-03
5.442237e+02 1.666584e-03 1.803442e-03 1.803442e-03 1.392868e-03
5.442508e+02 1.631486e-03 1.764430e-03 1.764430e-03 1.365597e-03
5.442778e+02 1.597154e-03 1.726336e-03 1.726336e-03 1.338788e-03
5.443049e+02 1.563655e-03 1.689241e-03 1.689242e-03 1.312482e-03
5.443319e+02 1.531050e-03 1.653217e-03 1.653217e-03 1.286716e-03
5.443590e+02 1.499390e-03 1.618325e-03 1.618325e-03 1.261520e-03
5.443860e+02 1.468720e-03 1.584619e-03 1.584619e-03 1.236921e-03
5.444131e+02 1.439076e-03 1.552145e-03 1.552145e-03 1.212938e-03
5.444401e+02 1.410487e-03 1.520937e-03 1.520937e-03 1.189586e-03
5.444672e+02 1.382973e-03 1.491022e-03 1.491022e-03 1.166876e-03
5.444942e+02 1.356551e-03 1.462419e-03 1.462419e-03 1.144815e-03
5.445213e+02 1.331225e-03 1.435136e-03 1.435136e-03 1.123403e-03
5.445483e+02 1.306998e-03 1.409177e-03 1.409177e-03 1.102641e-03
5.445754e+02 1.283863e-03 1.384534e-03 1.384534e-03 1.082523e-03
5.446024e+02 1.261810e-03 1.361194e-03 1.361194e-03 1.063041e-03
5.446295e+02 1.240820e-03 1.339137e-03 1.339137e-03 1.044186e-03
5.446565e+02 1.220873e-03 1.318337e-03 1.318337e-03 1.025944e-03
5.446836e+02 1.201941e-03 1.298761e-03 1.298761e-03 1.008301e-03
5.447106e+02 1.183994e-03 1.280371e-03 1.280371e-03 9.912401e-04
5.447377e+02 1.166998e-03 1.263124e-03 1.263124e-03 9.747445e-04
5.447647e+02 1.150914e-03 1.246974e-03 1.246974e-03 9.587949e-04
5.447918e+02 1.135703e-03 1.231869e-03 1.231869e-03 9.433718e-04
5.448188e+02 1.121322e-03 1.217756e-03 1.217756e-03 9.284549e-04
5.448459e+02 1.107726e-03 1.204577e-03 1.204577e-03 9.140235e-04
5.448729e+02 1.094868e-03 1.192274e-03 1.192274e-03 9.000568e-04
5.449000e+02 1.082701e-03 1.180785e-03 1.180785e-03 8.865341e-04
5.449270e+02 1.071178e-03 1.170050e-03 1.170050e-03 8.734347e-04
5.449541e+02 1.060249e-03 1.160005e-03 1.160005e-03 8.607381e-04
5.449811e+02 1.049866e-03 1.150587e-03 1.150587e-03 8.484245e-04
5.450082e+02 1.039981e-03 1.141735e-03 1.141735e-03 8.364744e-04
5.450352e+02 1.030546e-03 1.133385e-03 1.133385e-03 8.248690e-04
5.450623e+02 1.021515e-03 1.125477e-03 1.125477e-03 8.135901e-04
5.450893e+02 1.012841e-03 1.117951e-03 1.117951e-03 8.026202e-04
5.451164e+02 1.004480e-03 1.110748e-03 1.110748e-03 7.919428e-04
5.451434e+02 9.963894e-04 1.103813e-03 1.103813e-03 7.815418e-04
5.451705e+02 9.885282e-04 1.097091e-03 1.097091e-03 7.714022e-04
5.451975e+02 9.808570e-04 1.090531e-03 1.090531e-03 7.615097e-04
5.452246e+02 9.733388e-04 1.084083e-03 1.084083e-03 7.518509e-04
5.452516e+02 9.659383e-04 1.077701e-03 1.077701e-03 7.424131e-04
5.452787e+02 9.586228e-04 1.071342e-03 1.071342e-03 7.331843e-04
5.453057e+02 9.513617e-04 1.064966e-03 1.064966e-03 7.241536e-04
5.453328e+02 9.441268e-04 1.058535e-03 1.058535e-03 7.153106e-04
5.453598e+02 9.368924e-04 1.052016e-03 1.052016e-03 7.066456e-04
5.453869e+02 9.296351e-04 1.045378e-03 1.045378e-03 6.981498e-04
5.454139e+02 9.223340e-04 1.038594e-03 1.038594e-03 6.898149e-04
5.454410e+02 9.149705e-04 1.031639e-03 1.031639e-03 6.816334e-04
5.454680e+02 9.075286e-04 1.024494e-03 1.024494e-03 6.735983e-04
5.454951e+02 8.999944e-04 1.017140e-03 1.017140e-03 6.657034e-04
5.455221e+02 8.923566e-04 1.009563e-03 1.009563e-03 6.579429e-04
5.455492e+02 8.846060e-04 1.001753e-03 1.001753e-03 6.503117e-04
5.455762e+02 8.767356e-04 9.937008e-04 9.937007e-04 6.428053e-04
5.456033e+02 8.687406e-04 9.854011e-04 9.854011e-04 6.354195e-04
5.456303e+02 8.606182e-04 9.768518e-04 9.768518e-04 6.281509e-04
5.456574e+02 8.523676e-04 9.680531e-04 9.680531e-04 6.209965e-04
5.456844e+02 8.439899e-04 9.590079e-04 9.590079e-04 6.139539e-04
5.457115e+02 8.354879e-04 9.497213e-04 9.497213e-04 6.070211e-04
5.457385e+02 8.268662e-04 9.402009e-04 9.402009e-04 6.001968e-04
5.457656e+02 8.181309e-04 9.304564e-04 9.304564e-04 5.934799e-04
5.457926e+02 8.092897e-04 9.204994e-04 9.204994e-04 5.868701e-04
5.458197e+02 8.003514e-04 9.103434e-04 9.103434e-04 5.803676e-04
5.458467e+02 7.913265e-04 9.000033e-04 9.000033e-04 5.739728e-04
5.458738e+02 7.822263e-04 8.894959e-04 8.894959e-04 5.676870e-04
5.459008e+02 7.730632e-04 8.788390e-04 8.788390e-04 5.615117e-04
5.459279e+02 7.638509e-04 8.680518e-04 8.680518e-04 5.554491e-04
5.459549e+02 7.546035e-04 8.571543e-04 8.571543e-04 5.495018e-04
5.459820e+02 7.453361e-04 8.461676e-04 8.461676e-04 5.436731e-04
5.460090e+02 7.360644e-04 8.351133e-04 8.351133e-04 5.379666e-04
5.460361e+02 7.268047e-04 8.240137e-04 8.240137e-04 5.323866e-04
5.460631e+02 7.175737e-04 8.128916e-04 8.128916e-04 5.269377e-04
5.460902e+02 7.083884e-04 8.017699e-04 8.017699e-04 5.216254e-04
5.461172e+02 6.992663e-04 7.906718e-04 7.906718e-04 5.164552e-04
5.461443e+02 6.902249e-04 7.796205e-04 7.796205e-04 5.114337e-04
5.461713e+02 6.812819e-04 7.686391e-04 7.686391e-04 5.065675e-04
5.461984e+02 6.724550e-04 7.577505e-04 7.577505e-04 5.018640e-04
5.462254e+02 6.637619e-04 7.469773e-04 7.469773e-04 4.973311e-04
5.462525e+02 6.552202e-04 7.363418e-04 7.363418e-04 4.929771e-04
5.462795e+02 6.468473e-04 7.258656e-04 7.258656e-04 4.888109e-04
5.463066e+02 6.386605e-04 7.155699e-04 7.155699e-04 4.848418e-04
5.463336e+02 6.306767e-04 7.054752e-04 7.054752e-04 4.810797e-04
5.463607e+02 6.229125e-04 6.956013e-04 6.956013e-04 4.775349e-04
5.463877e+02 6.153842e-04 6.859672e-04 6.859672e-04 4.742183e-04
5.464148e+02 6.081076e-04 6.765909e-04 6.765909e-04 4.711410e-04
5.464418e+02 6.010981e-04 6.674897e-04 6.674897e-04 4.683149e-04
5.464689e+02 5.943706e-04 6.586799e-04 6.586799e-04 4.657520e-04
5.464959e+02 5.879395e-04 6.501767e-04 6.501767e-04 4.634650e-04
5.465230e+02 5.818186e-04 6.419944e-04 6.419944e-04 4.614670e-04
5.465500e+02 5.760212e-04 6.341462e-04 6.341462e-04 4.597713e-04
5.465771e+02 5.705600e-04 6.266442e-04 6.266442e-04 4.583917e-04
5.466041e+02 5.654471e-04 6.194994e-04 6.194994e-04 4.573425e-04
5.466312e+02 5.606939e-04 6.127217e-04 6.127217e-04 4.566381e-04
5.466582e+02 5.563112e-04 6.063200e-04 6.063200e-04 4.562934e-04
5.466853e+02 5.523091e-04 6.003019e-04 6.003019e-04 4.563236e-04
5.467123e+02 5.486972e-04 5.946739e-04 5.946739e-04 4.567439e-04
5.467394e+02 5.454843e-04 5.894414e-04 5.894414e-04 4.575702e-04
5.467664e+02 5.426786e-04 5.846088e-04 5.846088e-04 4.588182e-04
5.467935e+02 5.402874e-04 5.801791e-04 5.801791e-04 4.605039e-04
5.468205e+02 5.383175e-04 5.761546e-04 5.761546e-04 4.626435e-04
5.468476e+02 5.367751e-04 5.725361e-04 5.725361e-04 4.652531e-04
5.468746e+02 5.356655e-04 5.693238e-04 5.693238e-04 4.683491e-04
5.469017e+02 5.349935e-04 5.665164e-04 5.665164e-04 4.719476e-04
5.469287e+02 5.347630e-04 5.641121e-04 5.641121e-04 4.760648e-04
5.469558e+02 5.349773e-04 5.621077e-04 5.621077e-04 4.807166e-04
5.469828e+02 5.356392e-04 5.604994e-04 5.604993e-04 4.859190e-04
5.470099e+02 5.367506e-04 5.592822e-04 5.592822e-04 4.916875e-04
5.470369e+02 5.383128e-04 5.584506e-04 5.584506e-04 4.980372e-04
5.470640e+02 5.403264e-04 5.579981e-04 5.579981e-04 5.049830e-04
5.470910e+02 5.427913e-04 5.579174e-04 5.579174e-04 5.125392e-04
5.471181e+02 5.457069e-04 5.582006e-04 5.582006e-04 5.207196e-04
5.471451e+02 5.490719e-04 5.588392e-04 5.588392e-04 5.295373e-04
5.471722e+02 5.528842e-04 5.598241e-04 5.598241e-04 5.390046e-04
5.471992e+02 5.571413e-04 5.611454e-04 5.611454e-04 5.491330e-04
5.472263e+02 5.618398e-04 5.627931e-04 5.627931e-04 5.599333e-04
5.472533e+02 5.669760e-04 5.647566e-04 5.647566e-04 5.714148e-04
5.472804e+02 5.725453e-04 5.670249e-04 5.670249e-04 5.835861e-04
5.473074e+02 5.785427e-04 5.695868e-04 5.695868e-04 5.964545e-04
5.473345e+02 5.849625e-04 5.724309e-04 5.724309e-04 6.100257e-04
5.473615e+02 5.917983e-04 5.755453e-04 5.755453e-04 6.243042e-04
5.473886e+02 5.990433e-04 5.789185e-04 5.789184e-04 6.392929e-04
5.474156e+02 6.066899e-04 5.825384e-04 5.825384e-04 6.549930e-04
5.474427e+02 6.147302e-04 5.863933e-04 5.863933e-04 6.714041e-04
5.474697e+02 6.231554e-04 5.904712e-04 5.904712e-04 6.885238e-04
5.474968e+02 6.319562e-04 5.947606e-04 5.947606e-04 7.063476e-04
5.475238e+02 6.411228e-04 5.992496e-04 5.992496e-04 7.248692e-04
5.475509e+02 6.506446e-04 6.039268e-04 6.039268e-04 7.440801e-04
5.475779e+02 6.605105e-04 6.087810e-04 6.087810e-04 7.639694e-04
5.476050e+02 6.707088e-04 6.138011e-04 6.138011e-04 7.845240e-04
5.476320e+02 6.812270e-04 6.189763e-04 6.189763e-04 8.057284e-04
5.476591e+02 6.920522e-04 6.242961e-04 6.242961e-04 8.275645e-04
5.476861e+02 7.031707e-04 6.297501e-04 6.297501e-04 8.500119e-04
5.477132e+02 7.145682e-04 6.353286e-04 6.353286e-04 8.730473e-04
5.477402e+02 7.262296e-04 6.410218e-04 6.410218e-04 8.966451e-04
5.477673e+02 7.381393e-04 6.468205e-04 6.468205e-04 9.207769e-04
5.477943e+02 7.502810e-04 6.527156e-04 6.527156e-04 9.454117e-04
5.478214e+02 7.626376e-04 6.586985e-04 6.586985e-04 9.705158e-04
5.478484e+02 7.751915e-04 6.647607e-04 6.647607e-04 9.960531e-04
5.478755e+02 7.879244e-04 6.708943e-04 6.708943e-04 1.021985e-03
5.479025e+02 8.008172e-04 6.770914e-04 6.770914e-04 1.048269e-03
5.479296e+02 8.138505e-04 6.833445e-04 6.833445e-04 1.074862e-03
5.479566e+02 8.270038e-04 6.896464e-04 6.896464e-04 1.101719e-03
5.479837e+02 8.402566e-04 6.959902e-04 6.959902e-04 1.128789e-03
5.480107e+02 8.535874e-04 7.023692e-04 7.023691e-04 1.156024e-03
5.480378e+02 8.669745e-04 7.087769e-04 7.087769e-04 1.183370e-03
5.480648e+02 8.803955e-04 7.152072e-04 7.152071e-04 1.210772e-03
5.480919e+02 8.938279e-04 7.216541e-04 7.216541e-04 1.238175e-03
5.481189e+02 9.072486e-04 7.281121e-04 7.281121e-04 1.265522e-03
5.481460e+02 9.206345e-04 7.345757e-04 7.345757e-04 1.292752e-03
5.481730e+02 9.339622e-04 7.410399e-04 7.410399e-04 1.319807e-03
5.482001e+02 9.472081e-04 7.474997e-04 7.474997e-04 1.346625e-03
5.482271e+02 9.603488e-04 7.539508e-04 7.539508e-04 1.373145e-03
5.482542e+02 9.733610e-04 7.603889e-04 7.603889e-04 1.399305e-03
5.482812e+02 9.862213e-04 7.668102e-04 7.668102e-04 1.425044e-03
5.483083e+02 9.989069e-04 7.732111e-04 7.732111e-04 1.450298e-03
5.483353e+02 1.011395e-03 7.795888e-04 7.795888e-04 1.475008e-03
5.483624e+02 1.023664e-03 7.859404e-04 7.859404e-04 1.499112e-03
5.483894e+02 1.035693e-03 7.922638e-04 7.922638e-04 1.522551e-03
5.484165e+02 1.047460e-03 7.985573e-04 7.985573e-04 1.545264e-03
5.484435e+02 1.058945e-03 8.048196e-04 8.048196e-04 1.567196e-03
5.484706e+02 1.070130e-03 8.110500e-04 8.110500e-04 1.588291e-03
5.484976e+02 1.080997e-03 8.172484e-04 8.172484e-04 1.608493e-03
5.485247e+02 1.091528e-03 8.234151e-04 8.234151e-04 1.627753e-03
5.485517e+02 1.101707e-03 8.295512e-04 8.295512e-04 1.646020e-03
5.485788e+02 1.111521e-03 8.356580e-04 8.356580e-04 1.663246e-03
5.486058e+02 1.120955e-03 8.417377e-04 8.417377e-04 1.679389e-03
5.486329e+02 1.129997e-03 8.477928e-04 8.477928e-04 1.694407e-03
5.486599e+02 1.138638e-03 8.538267e-04 8.538267e-04 1.708260e-03
5.486870e+02 1.146867e-03 8.598429e-04 8.598429e-04 1.720915e-03
5.487140e+02 1.154677e-03 8.658457e-04 8.658457e-04 1.732339e-03
5.487411e+02 1.162061e-03 8.718397e-04 8.718397e-04 1.742504e-03
5.487681e+02 1.169015e-03 8.778299e-04 8.778299e-04 1.751385e-03
5.487952e+02 1.175535e-03 8.838219e-04 8.838219e-04 1.758961e-03
5.488222e+02 1.181619e-03 8.898213e-04 8.898213e-04 1.765215e-03
5.488493e+02 1.187267e-03 8.958343e-04 8.958343e-04 1.770133e-03
5.488763e+02 1.192480e-03 9.018670e-04 9.018670e-04 1.773705e-03
5.489034e+02 1.197259e-03 9.079259e-04 9.079259e-04 1.775926e-03
5.489304e+02 1.201609e-03 9.140174e-04 9.140174e-04 1.776793e-03
5.489575e+02 1.205535e-03 9.201481e-04 9.201481e-04 1.776308e-03
5.489845e+02 1.209042e-03 9.263245e-04 9.263245e-04 1.774478e-03
5.490116e+02 1.212139e-03 9.325530e-04 9.325530e-04 1.771311e-03
5.490386e+02 1.214834e-03 9.388399e-04 9.388399e-04 1.766822e-03
5.490657e+02 1.217137e-03 9.451914e-04 9.451914e-04 1.761028e-03
5.490927e+02 1.219059e-03 9.516133e-04 9.516133e-04 1.753950e-03
5.491198e+02 1.220612e-03 9.581114e-04 9.581113e-04 1.745613e-03
5.491468e+02 1.221809e-03 9.646910e-04 9.646910e-04 1.736046e-03
5.491739e+02 1.222665e-03 9.713575e-04 9.713574e-04 1.725281e-03
5.492009e+02 1.223195e-03 9.781156e-04 9.781155e-04 1.713353e-03
5.492280e+02 1.223414e-03 9.849700e-04 9.849700e-04 1.700301e-03
5.492550e+02 1.223339e-03 9.919252e-04 9.919252e-04 1.686167e-03
5.492821e+02 1.222989e-03 9.989855e-04 9.989854e-04 1.670997e-03
5.493091e+02 1.222383e-03 1.006155e-03 1.006155e-03 1.654839e-03
5.493362e+02 1.221539e-03 1.013437e-03 1.013437e-03 1.637743e-03
5.493632e+02 1.220479e-03 1.020837e-03 1.020837e-03 1.619765e-03
5.493903e+02 1.219225e-03 1.028357e-03 1.028357e-03 1.600959e-03
5.494173e+02 1.217797e-03 1.036003e-03 1.036003e-03 1.581385e-03
5.494444e+02 1.216220e-03 1.043778e-03 1.043778e-03 1.561103e-03
5.494714e+02 1.214517e-03 1.051687e-03 1.051687e-03 1.540176e-03
5.494985e+02 1.212713e-03 1.059735e-03 1.059735e-03 1.518669e-03
5.495255e+02 1.210834e-03 1.067928e-03 1.067928e-03 1.496646e-03
5.495526e+02 1.208906e-03 1.076271e-03 1.076271e-03 1.474177e-03
5.495796e+02 1.206957e-03 1.084771e-03 1.084771e-03 1.451328e-03
5.496067e+02 1.205013e-03 1.093435e-03 1.093435e-03 1.428170e-03
5.496337e+02 1.203105e-03 1.102272e-03 1.102272e-03 1.404771e-03
5.496608e+02 1.201261e-03 1.111291e-03 1.111291e-03 1.381202e-03
5.496878e+02 1.199511e-03 1.120500e-03 1.120500e-03 1.357534e-03
5.497149e+02 1.197886e-03 1.129912e-03 1.129912e-03 1.333835e-03
5.497419e+02 1.196417e-03 1.139537e-03 1.139537e-03 1.310177e-03
5.497690e+02 1.195135e-03 1.149389e-03 1.149389e-03 1.286627e-03
5.497960e+02 1.194072e-03 1.159481e-03 1.159481e-03 1.263253e-03
5.498231e+02 1.193260e-03 1.169828e-03 1.169828e-03 1.240123e-03
5.498501e+02 1.192730e-03 1.180445e-03 1.180445e-03 1.217301e-03
