5.227731e+02 0.000000e+00 0.000000e+00 0.000000e+00 0.000000e+00
5.228001e+02 0.000000e+00 0.000000e+00 0.000000e+00 0.000000e+00
5.228272e+02 0.000000e+00 0.000000e+00 0.000000e+00 0.000000e+00
5.228542e+02 0.000000e+00 0.000000e+00 0.000000e+00 0.000000e+00
5.228813e+02 0.000000e+00 0.000000e+00 0.000000e+00 0.000000e+00
5.229083e+02 0.000000e+00 0.000000e+00 0.000000e+00 0.000000e+00
5.229354e+02 0.000000e+00 0.000000e+00 0.000000e+00 0.000000e+00
5.229624e+02 0.000000e+00 0.000000e+00 0.000000e+00 0.000000e+00
5.229895e+02 0.000000e+00 0.000000e+00 0.000000e+00 0.000000e+00
5.230165e+02 0.000000e+00 0.000000e+00 0.000000e+00 0.000000e+00
5.230436e+02 0.000000e+00 0.000000e+00 0.000000e+00 0.000000e+00
5.230706e+02 0.000000e+00 0.000000e+00 0.000000e+00 0.000000e+00
5.230977e+02 0.000000e+00 0.000000e+00 0.000000e+00 0.000000e+00
5.231247e+02 0.000000e+00 0.000000e+00 0.000000e+00 0.000000e+00
5.231518e+02 0.000000e+00 0.000000e+00 0.000000e+00 0.000000e+00
5.231788e+02 0.000000e+00 0.000000e+00 0.000000e+00 0.000000e+00
5.232059e+02 0.000000e+00 0.000000e+00 0.000000e+00 0.000000e+00
5.232329e+02 0.000000e+00 0.000000e+00 0.000000e+00 0.000000e+00
5.232600e+02 0.000000e+00 0.000000e+00 0.000000e+00 0.000000e+00
5.232870e+02 0.000000e+00 0.000000e+00 0.000000e+00 0.000000e+00
5.233141e+02 0.000000e+00 0.000000e+00 0.000000e+00 0.000000e+00
5.233411e+02 0.000000e+00 0.000000e+00 0.000000e+00 0.000000e+00
5.233682e+02 0.000000e+00 0.000000e+00 0.000000e+00 0.000000e+00
5.233952e+02 0.000000e+00 0.000000e+00 0.000000e+00 0.000000e+00
5.234223e+02 0.000000e+00 0.000000e+00 0.000000e+00 0.000000e+00
5.234493e+02 0.000000e+00 0.000000e+00 0.000000e+00 0.000000e+00
5.234764e+02 0.000000e+00 0.000000e+00 0.000000e+00 0.000000e+00
5.235034e+02 0.000000e+00 0.000000e+00 0.000000e+00 0.000000e+00
5.235305e+02 0.000000e+00 0.000000e+00 0.000000e+00 0.000000e+00
5.235575e+02 0.000000e+00 0.000000e+00 0.000000e+00 0.000000e+00
5.235846e+02 0.000000e+00 0.000000e+00 0.000000e+00 0.000000e+00
5.236116e+02 0.000000e+00 0.000000e+00 0.000000e+00 0.000000e+00
5.236387e+02 0.000000e+00 0.000000e+00 0.000000e+00 0.000000e+00
5.236657e+02 0.000000e+00 0.000000e+00 0.000000e+00 0.000000e+00
5.236928e+02 0.000000e+00 0.000000e+00 0.000000e+00 0.000000e+00
5.237198e+02 0.000000e+00 0.000000e+00 0.000000e+00 0.000000e+00
5.237469e+02 0.000000e+00 0.000000e+00 0.000000e+00 0.000000e+00
5.237739e+02 0.000000e+00 0.000000e+00 0.000000e+00 0.000000e+00
5.238010e+02 0.000000e+00 0.000000e+00 0.000000e+00 0.000000e+00
5.238280e+02 0.000000e+00 0.000000e+00 0.000000e+00 0.000000e+00
5.238551e+02 0.000000e+00 0.000000e+00 0.000000e+00 0.000000e+00
5.238821e+02 0.000000e+00 0.000000e+00 0.000000e+00 0.000000e+00
5.239092e+02 0.000000e+00 0.000000e+00 0.000000e+00 0.000000e+00
5.239362e+02 0.000000e+00 0.000000e+00 0.000000e+00 0.000000e+00
5.239633e+02 0.000000e+00 0.000000e+00 0.000000e+00 0.000000e+00
5.239903e+02 0.000000e+00 0.000000e+00 0.000000e+00 0.000000e+00
5.240174e+02 0.000000e+00 0.000000e+00 0.000000e+00 0.000000e+00
5.240444e+02 0.000000e+00 0.000000e+00 0.000000e+00 0.000000e+00
5.240715e+02 0.000000e+00 0.000000e+00 0.000000e+00 0.000000e+00
5.240985e+02 0.000000e+00 0.000000e+00 0.000000e+00 0.000000e+00
5.241256e+02 0.000000e+00 0.000000e+00 0.000000e+00 0.000000e+00
5.241526e+02 2.203859e-13 3.305726e-13 3.305767e-13 8.316271e-18
5.241797e+02 4.716159e-13 7.074148e-13 7.074190e-13 1.403510e-17
5.242067e+02 9.727234e-13 1.459063e-12 1.459076e-12 3.160761e-17
5.242338e+02 1.826690e-12 2.636680e-12 2.636710e-12 2.066792e-13
5.242608e+02 3.221188e-12 4.622661e-12 4.622712e-12 4.181907e-13
5.242879e+02 5.418726e-12 7.718592e-12 7.718683e-12 8.189050e-13
5.243149e+02 7.077591e-12 1.008045e-11 1.008057e-11 1.071760e-12
5.243420e+02 1.080630e-11 1.532120e-11 1.532140e-11 1.776291e-12
5.243690e+02 1.407857e-11 1.995843e-11 1.995868e-11 2.318603e-12
5.243961e+02 1.889062e-11 2.671287e-11 2.671320e-11 3.245788e-12
5.244231e+02 2.502539e-11 3.532909e-11 3.532952e-11 4.417548e-12
5.244502e+02 3.393988e-11 4.778479e-11 4.778536e-11 6.249494e-12
5.244772e+02 4.428019e-11 6.223988e-11 6.224061e-11 8.360076e-12
5.245043e+02 5.936001e-11 8.330184e-11 8.330278e-11 1.147542e-11
5.245313e+02 7.783537e-11 1.089045e-10 1.089057e-10 1.569590e-11
5.245584e+02 1.008167e-10 1.408183e-10 1.408198e-10 2.081203e-11
5.245854e+02 1.299044e-10 1.810507e-10 1.810527e-10 2.760965e-11
5.246125e+02 1.677948e-10 2.328191e-10 2.328216e-10 3.774363e-11
5.246395e+02 2.156531e-10 2.983369e-10 2.983402e-10 5.028211e-11
5.246666e+02 2.767641e-10 3.821962e-10 3.822003e-10 6.589582e-11
5.246936e+02 3.558949e-10 4.898806e-10 4.898858e-10 8.791823e-11
5.247207e+02 4.561647e-10 6.268401e-10 6.268467e-10 1.148072e-10
5.247477e+02 5.828782e-10 7.990476e-10 7.990560e-10 1.505311e-10
5.247748e+02 7.419141e-10 1.015381e-09 1.015391e-09 1.949700e-10
5.248018e+02 9.438351e-10 1.290424e-09 1.290438e-09 2.506432e-10
5.248289e+02 1.196779e-09 1.634653e-09 1.634670e-09 3.210138e-10
5.248559e+02 1.512867e-09 2.064569e-09 2.064590e-09 4.094432e-10
5.248830e+02 1.910215e-09 2.603419e-09 2.603446e-09 5.237810e-10
5.249100e+02 2.404846e-09 3.274283e-09 3.274316e-09 6.659372e-10
5.249371e+02 3.020845e-09 4.108941e-09 4.108983e-09 8.446125e-10
5.249641e+02 3.786752e-09 5.144126e-09 5.144177e-09 1.071952e-09
5.249912e+02 4.738504e-09 6.429236e-09 6.429300e-09 1.356975e-09
5.250182e+02 5.916750e-09 8.019953e-09 8.020032e-09 1.710266e-09
5.250453e+02 7.371851e-09 9.982434e-09 9.982532e-09 2.150586e-09
5.250723e+02 9.166441e-09 1.239981e-08 1.239993e-08 2.699576e-09
5.250994e+02 1.137700e-08 1.537426e-08 1.537441e-08 3.382320e-09
5.251264e+02 1.409350e-08 1.902529e-08 1.902547e-08 4.229753e-09
5.251535e+02 1.742469e-08 2.349714e-08 2.349737e-08 5.279558e-09
5.251805e+02 2.150289e-08 2.896508e-08 2.896536e-08 6.578234e-09
5.252076e+02 2.648498e-08 3.563666e-08 3.563700e-08 8.181283e-09
5.252346e+02 3.256040e-08 4.376218e-08 4.376259e-08 1.015643e-08
5.252617e+02 3.995430e-08 5.363868e-08 5.363918e-08 1.258502e-08
5.252887e+02 4.893506e-08 6.561924e-08 6.561985e-08 1.556607e-08
5.253158e+02 5.982253e-08 8.012414e-08 8.012488e-08 1.921855e-08
5.253428e+02 7.299613e-08 9.765089e-08 9.765179e-08 2.368572e-08
5.253699e+02 8.890437e-08 1.187870e-07 1.187880e-07 2.913810e-08
5.253969e+02 1.080774e-07 1.442258e-07 1.442271e-07 3.577911e-08
5.254240e+02 1.311408e-07 1.747837e-07 1.747853e-07 4.385336e-08
5.254510e+02 1.588309e-07 2.114192e-07 2.114211e-07 5.365231e-08
5.254781e+02 1.920113e-07 2.552546e-07 2.552568e-07 6.552255e-08
5.255051e+02 2.316938e-07 3.076027e-07 3.076054e-07 7.987322e-08
5.255322e+02 2.790627e-07 3.699965e-07 3.699998e-07 9.719178e-08
5.255592e+02 3.354955e-07 4.442159e-07 4.442198e-07 1.180507e-07
5.255863e+02 4.025986e-07 5.323322e-07 5.323367e-07 1.431267e-07
5.256133e+02 4.822360e-07 6.367433e-07 6.367487e-07 1.732161e-07
5.256404e+02 5.765684e-07 7.602232e-07 7.602296e-07 2.092523e-07
5.256674e+02 6.880930e-07 9.059709e-07 9.059784e-07 2.523297e-07
5.256945e+02 8.196908e-07 1.077669e-06 1.077677e-06 3.037264e-07
5.257215e+02 9.746785e-07 1.279546e-06 1.279556e-06 3.649335e-07
5.257486e+02 1.156865e-06 1.516449e-06 1.516461e-06 4.376853e-07
5.257756e+02 1.370615e-06 1.793917e-06 1.793931e-06 5.239958e-07
5.258027e+02 1.620919e-06 2.118271e-06 2.118287e-06 6.261979e-07
5.258297e+02 1.913470e-06 2.496701e-06 2.496721e-06 7.469881e-07
5.258568e+02 2.254751e-06 2.937376e-06 2.937399e-06 8.894766e-07
5.258838e+02 2.652121e-06 3.449548e-06 3.449574e-06 1.057242e-06
5.259109e+02 3.113924e-06 4.043674e-06 4.043704e-06 1.254393e-06
5.259379e+02 3.649588e-06 4.731546e-06 4.731582e-06 1.485636e-06
5.259650e+02 4.269753e-06 5.526434e-06 5.526475e-06 1.756351e-06
5.259920e+02 4.986392e-06 6.443229e-06 6.443276e-06 2.072671e-06
5.260191e+02 5.812949e-06 7.498609e-06 7.498663e-06 2.441575e-06
5.260461e+02 6.764485e-06 8.711206e-06 8.711267e-06 2.870982e-06
5.260732e+02 7.857834e-06 1.010179e-05 1.010186e-05 3.369862e-06
5.261002e+02 9.111766e-06 1.169344e-05 1.169352e-05 3.948345e-06
5.261273e+02 1.054716e-05 1.351177e-05 1.351186e-05 4.617848e-06
5.261543e+02 1.218719e-05 1.558513e-05 1.558523e-05 5.391206e-06
5.261814e+02 1.405751e-05 1.794480e-05 1.794492e-05 6.282816e-06
5.262084e+02 1.618646e-05 2.062523e-05 2.062536e-05 7.308782e-06
5.262355e+02 1.860524e-05 2.366425e-05 2.366440e-05 8.487078e-06
5.262625e+02 2.134818e-05 2.710333e-05 2.710350e-05 9.837711e-06
5.262896e+02 2.445289e-05 3.098779e-05 3.098798e-05 1.138290e-05
5.263166e+02 2.796050e-05 3.536702e-05 3.536723e-05 1.314724e-05
5.263437e+02 3.191587e-05 4.029473e-05 4.029497e-05 1.515792e-05
5.263707e+02 3.636784e-05 4.582918e-05 4.582944e-05 1.744489e-05
5.263978e+02 4.136936e-05 5.203336e-05 5.203365e-05 2.004105e-05
5.264248e+02 4.697776e-05 5.897525e-05 5.897557e-05 2.298246e-05
5.264519e+02 5.325493e-05 6.672795e-05 6.672831e-05 2.630853e-05
5.264789e+02 6.026746e-05 7.536989e-05 7.537029e-05 3.006221e-05
5.265060e+02 6.808686e-05 8.498499e-05 8.498542e-05 3.429017e-05
5.265330e+02 7.678963e-05 9.566272e-05 9.566320e-05 3.904298e-05
5.265601e+02 8.645745e-05 1.074983e-04 1.074988e-04 4.437527e-05
5.265871e+02 9.717721e-05 1.205926e-04 1.205931e-04 5.034589e-05
5.266142e+02 1.090411e-04 1.350523e-04 1.350529e-04 5.701803e-05
5.266412e+02 1.221465e-04 1.509898e-04 1.509905e-04 6.445933e-05
5.266683e+02 1.365963e-04 1.685231e-04 1.685239e-04 7.274195e-05
5.266953e+02 1.524984e-04 1.877759e-04 1.877767e-04 8.194263e-05
5.267224e+02 1.699657e-04 2.088768e-04 2.088777e-04 9.214269e-05
5.267494e+02 1.891163e-04 2.319599e-04 2.319609e-04 1.034280e-04
5.267765e+02 2.100725e-04 2.571638e-04 2.571648e-04 1.158889e-04
5.268035e+02 2.329613e-04 2.846314e-04 2.846324e-04 1.296201e-04
5.268306e+02 2.579135e-04 3.145094e-04 3.145105e-04 1.447205e-04
5.268576e+02 2.850633e-04 3.469479e-04 3.469491e-04 1.612929e-04
5.268847e+02 3.145481e-04 3.820997e-04 3.821009e-04 1.794435e-04
5.269117e+02 3.465073e-04 4.201192e-04 4.201206e-04 1.992822e-04
5.269388e+02 3.810824e-04 4.611623e-04 4.611637e-04 2.209213e-04
5.269658e+02 4.184154e-04 5.053847e-04 5.053861e-04 2.444754e-04
5.269929e+02 4.586485e-04 5.529415e-04 5.529430e-04 2.700611e-04
5.270199e+02 5.019230e-04 6.039859e-04 6.039875e-04 2.977957e-04
5.270470e+02 5.483783e-04 6.586683e-04 6.586699e-04 3.277967e-04
5.270740e+02 5.981506e-04 7.171344e-04 7.171361e-04 3.601814e-04
5.271011e+02 6.513722e-04 7.795248e-04 7.795265e-04 3.950653e-04
5.271281e+02 7.081697e-04 8.459728e-04 8.459746e-04 4.325615e-04
5.271552e+02 7.686630e-04 9.166038e-04 9.166056e-04 4.727797e-04
5.271822e+02 8.329642e-04 9.915329e-04 9.915348e-04 5.158250e-04
5.272093e+02 9.011756e-04 1.070864e-03 1.070866e-03 5.617965e-04
5.272363e+02 9.733888e-04 1.154689e-03 1.154691e-03 6.107867e-04
5.272634e+02 1.049683e-03 1.243084e-03 1.243085e-03 6.628795e-04
5.272904e+02 1.130123e-03 1.336109e-03 1.336111e-03 7.181495e-04
5.273175e+02 1.214759e-03 1.433808e-03 1.433810e-03 7.766603e-04
5.273445e+02 1.303625e-03 1.536205e-03 1.536207e-03 8.384636e-04
5.273716e+02 1.396735e-03 1.643303e-03 1.643305e-03 9.035974e-04
5.273986e+02 1.494085e-03 1.755084e-03 1.755086e-03 9.720851e-04
5.274257e+02 1.595650e-03 1.871507e-03 1.871508e-03 1.043934e-03
5.274527e+02 1.701382e-03 1.992504e-03 1.992506e-03 1.119135e-03
5.274798e+02 1.811210e-03 2.117985e-03 2.117986e-03 1.197660e-03
5.275068e+02 1.925041e-03 2.247831e-03 2.247831e-03 1.279461e-03
5.275339e+02 2.042754e-03 2.381895e-03 2.381896e-03 1.364472e-03
5.275609e+02 2.164205e-03 2.520005e-03 2.520006e-03 1.452603e-03
5.275880e+02 2.289221e-03 2.661959e-03 2.661959e-03 1.543746e-03
5.276150e+02 2.417605e-03 2.807524e-03 2.807524e-03 1.637768e-03
5.276421e+02 2.549132e-03 2.956442e-03 2.956441e-03 1.734514e-03
5.276691e+02 2.683551e-03 3.108424e-03 3.108423e-03 1.833808e-03
5.276962e+02 2.820585e-03 3.263153e-03 3.263152e-03 1.935450e-03
5.277232e+02 2.959930e-03 3.420287e-03 3.420285e-03 2.039218e-03
5.277503e+02 3.101259e-03 3.579455e-03 3.579453e-03 2.144869e-03
5.277773e+02 3.244219e-03 3.740262e-03 3.740259e-03 2.252137e-03
5.278044e+02 3.388436e-03 3.902287e-03 3.902284e-03 2.360737e-03
5.278314e+02 3.533514e-03 4.065090e-03 4.065087e-03 2.470366e-03
5.278585e+02 3.679039e-03 4.228210e-03 4.228206e-03 2.580700e-03
5.278855e+02 3.824577e-03 4.391166e-03 4.391161e-03 2.691403e-03
5.279126e+02 3.969681e-03 4.553465e-03 4.553459e-03 2.802119e-03
5.279396e+02 4.113890e-03 4.714596e-03 4.714590e-03 2.912485e-03
5.279667e+02 4.256734e-03 4.874044e-03 4.874037e-03 3.022123e-03
5.279937e+02 4.397735e-03 5.031281e-03 5.031274e-03 3.130649e-03
5.280208e+02 4.536408e-03 5.185780e-03 5.185772e-03 3.237672e-03
5.280478e+02 4.672270e-03 5.337010e-03 5.337001e-03 3.342799e-03
5.280749e+02 4.804836e-03 5.484443e-03 5.484433e-03 3.445633e-03
5.281019e+02 4.933629e-03 5.627558e-03 5.627547e-03 3.545783e-03
5.281290e+02 5.058177e-03 5.765841e-03 5.765830e-03 3.642859e-03
5.281560e+02 5.178019e-03 5.898795e-03 5.898782e-03 3.736480e-03
5.281831e+02 5.292709e-03 6.025934e-03 6.025921e-03 3.826274e-03
5.282101e+02 5.401819e-03 6.146794e-03 6.146780e-03 3.911883e-03
5.282372e+02 5.504938e-03 6.260933e-03 6.260918e-03 3.992963e-03
5.282642e+02 5.601680e-03 6.367934e-03 6.367919e-03 4.069187e-03
5.282913e+02 5.691685e-03 6.467410e-03 6.467394e-03 4.140250e-03
5.283183e+02 5.774619e-03 6.559003e-03 6.558986e-03 4.205869e-03
5.283454e+02 5.850181e-03 6.642389e-03 6.642371e-03 4.265784e-03
5.283724e+02 5.918100e-03 6.717278e-03 6.717260e-03 4.319762e-03
5.283995e+02 5.978140e-03 6.783420e-03 6.783401e-03 4.367599e-03
5.284265e+02 6.030101e-03 6.840603e-03 6.840583e-03 4.409118e-03
5.284536e+02 6.073821e-03 6.888653e-03 6.888633e-03 4.444176e-03
5.284806e+02 6.109173e-03 6.927441e-03 6.927420e-03 4.472658e-03
5.285077e+02 6.136071e-03 6.956875e-03 6.956853e-03 4.494485e-03
5.285347e+02 6.154468e-03 6.976910e-03 6.976887e-03 4.509609e-03
5.285618e+02 6.164355e-03 6.987537e-03 6.987514e-03 4.518014e-03
5.285888e+02 6.165762e-03 6.988795e-03 6.988771e-03 4.519719e-03
5.286159e+02 6.158755e-03 6.980758e-03 6.980734e-03 4.514774e-03
5.286429e+02 6.143442e-03 6.963544e-03 6.963519e-03 4.503264e-03
5.286700e+02 6.119963e-03 6.937306e-03 6.937281e-03 4.485303e-03
5.286970e+02 6.088495e-03 6.902237e-03 6.902211e-03 4.461037e-03
5.287241e+02 6.049247e-03 6.858563e-03 6.858536e-03 4.430641e-03
5.287511e+02 6.002459e-03 6.806543e-03 6.806516e-03 4.394317e-03
5.287782e+02 5.948402e-03 6.746468e-03 6.746441e-03 4.352298e-03
5.288052e+02 5.887375e-03 6.678658e-03 6.678630e-03 4.304836e-03
5.288323e+02 5.819698e-03 6.603455e-03 6.603427e-03 4.252213e-03
5.288593e+02 5.745719e-03 6.521229e-03 6.521201e-03 4.194728e-03
5.288864e+02 5.665803e-03 6.432367e-03 6.432339e-03 4.132703e-03
5.289134e+02 5.580333e-03 6.337277e-03 6.337248e-03 4.066475e-03
5.289405e+02 5.489709e-03 6.236378e-03 6.236349e-03 3.996401e-03
5.289675e+02 5.394343e-03 6.130105e-03 6.130076e-03 3.922848e-03
5.289946e+02 5.294657e-03 6.018900e-03 6.018871e-03 3.846201e-03
5.290216e+02 5.191082e-03 5.903213e-03 5.903184e-03 3.766849e-03
5.290487e+02 5.084055e-03 5.783499e-03 5.783470e-03 3.685196e-03
5.290757e+02 4.974016e-03 5.660214e-03 5.660185e-03 3.601649e-03
5.291028e+02 4.861407e-03 5.533814e-03 5.533785e-03 3.516622e-03
5.291298e+02 4.746669e-03 5.404752e-03 5.404723e-03 3.430532e-03
5.291569e+02 4.630243e-03 5.273479e-03 5.273450e-03 3.343800e-03
5.291839e+02 4.512564e-03 5.140437e-03 5.140408e-03 3.256847e-03
5.292110e+02 4.394062e-03 5.006061e-03 5.006032e-03 3.170093e-03
5.292380e+02 4.275162e-03 4.870778e-03 4.870749e-03 3.083958e-03
5.292651e+02 4.156279e-03 4.735003e-03 4.734974e-03 2.998859e-03
5.292921e+02 4.037821e-03 4.599140e-03 4.599113e-03 2.915209e-03
5.293192e+02 3.920185e-03 4.463583e-03 4.463555e-03 2.833417e-03
5.293462e+02 3.803759e-03 4.328709e-03 4.328681e-03 2.753886e-03
5.293733e+02 3.688918e-03 4.194883e-03 4.194857e-03 2.677013e-03
5.294003e+02 3.576026e-03 4.062458e-03 4.062432e-03 2.603188e-03
5.294274e+02 3.465436e-03 3.931771e-03 3.931745e-03 2.532794e-03
5.294544e+02 3.357488e-03 3.803143e-03 3.803118e-03 2.466204e-03
5.294815e+02 3.252509e-03 3.676885e-03 3.676860e-03 2.403783e-03
5.295085e+02 3.150814e-03 3.553291e-03 3.553266e-03 2.345885e-03
5.295356e+02 3.052704e-03 3.432640e-03 3.432616e-03 2.292855e-03
5.295626e+02 2.958468e-03 3.315201e-03 3.315177e-03 2.245025e-03
5.295897e+02 2.868381e-03 3.201226e-03 3.201203e-03 2.202713e-03
5.296167e+02 2.782706e-03 3.090956e-03 3.090934e-03 2.166228e-03
5.296438e+02 2.701692e-03 2.984619e-03 2.984598e-03 2.135860e-03
5.296708e+02 2.625576e-03 2.882431e-03 2.882410e-03 2.111886e-03
5.296979e+02 2.554578e-03 2.784595e-03 2.784574e-03 2.094566e-03
5.297249e+02 2.488909e-03 2.691302e-03 2.691282e-03 2.084142e-03
5.297520e+02 2.428762e-03 2.602734e-03 2.602715e-03 2.080836e-03
5.297790e+02 2.374318e-03 2.519060e-03 2.519042e-03 2.084851e-03
5.298061e+02 2.325742e-03 2.440439e-03 2.440421e-03 2.096367e-03
5.298331e+02 2.283186e-03 2.367017e-03 2.367000e-03 2.115539e-03
5.298602e+02 2.246783e-03 2.298933e-03 2.298917e-03 2.142498e-03
5.298872e+02 2.216653e-03 2.236313e-03 2.236297e-03 2.177349e-03
5.299143e+02 2.192897e-03 2.179270e-03 2.179255e-03 2.220166e-03
5.299413e+02 2.175600e-03 2.127910e-03 2.127895e-03 2.270996e-03
5.299684e+02 2.164828e-03 2.082323e-03 2.082310e-03 2.329850e-03
5.299954e+02 2.160627e-03 2.042592e-03 2.042579e-03 2.396710e-03
5.300225e+02 2.163025e-03 2.008784e-03 2.008771e-03 2.471520e-03
5.300495e+02 2.172028e-03 1.980953e-03 1.980942e-03 2.554189e-03
5.300766e+02 2.187621e-03 1.959142e-03 1.959131e-03 2.644589e-03
5.301036e+02 2.209766e-03 1.943378e-03 1.943367e-03 2.742553e-03
5.301307e+02 2.238404e-03 1.933673e-03 1.933663e-03 2.847876e-03
5.301577e+02 2.273449e-03 1.930023e-03 1.930014e-03 2.960311e-03
5.301848e+02 2.314795e-03 1.932410e-03 1.932402e-03 3.079573e-03
5.302118e+02 2.362307e-03 1.940796e-03 1.940788e-03 3.205336e-03
5.302389e+02 2.415827e-03 1.955127e-03 1.955120e-03 3.337235e-03
5.302659e+02 2.475172e-03 1.975328e-03 1.975322e-03 3.474866e-03
5.302930e+02 2.540131e-03 2.001307e-03 2.001301e-03 3.617785e-03
5.303200e+02 2.610470e-03 2.032952e-03 2.032946e-03 3.765513e-03
5.303471e+02 2.685928e-03 2.070127e-03 2.070122e-03 3.917535e-03
5.303741e+02 2.766220e-03 2.112679e-03 2.112675e-03 4.073306e-03
5.304012e+02 2.851036e-03 2.160432e-03 2.160429e-03 4.232246e-03
5.304282e+02 2.940042e-03 2.213189e-03 2.213186e-03 4.393750e-03
5.304553e+02 3.032882e-03 2.270729e-03 2.270727e-03 4.557189e-03
5.304823e+02 3.129178e-03 2.332812e-03 2.332811e-03 4.721911e-03
5.305094e+02 3.228534e-03 2.399177e-03 2.399177e-03 4.887248e-03
5.305364e+02 3.330534e-03 2.469541e-03 2.469541e-03 5.052519e-03
5.305635e+02 3.434745e-03 2.543599e-03 2.543600e-03 5.217034e-03
5.305905e+02 3.540720e-03 2.621031e-03 2.621032e-03 5.380097e-03
5.306176e+02 3.648001e-03 2.701494e-03 2.701496e-03 5.541014e-03
5.306446e+02 3.756120e-03 2.784631e-03 2.784634e-03 5.699094e-03
5.306717e+02 3.864599e-03 2.870069e-03 2.870072e-03 5.853657e-03
5.306987e+02 3.972959e-03 2.957418e-03 2.957422e-03 6.004036e-03
5.307258e+02 4.080716e-03 3.046279e-03 3.046284e-03 6.149583e-03
5.307528e+02 4.187388e-03 3.136242e-03 3.136248e-03 6.289675e-03
5.307799e+02 4.292497e-03 3.226886e-03 3.226893e-03 6.423712e-03
5.308069e+02 4.395572e-03 3.317789e-03 3.317797e-03 6.551131e-03
5.308340e+02 4.496150e-03 3.408520e-03 3.408529e-03 6.671400e-03
5.308610e+02 4.593781e-03 3.498652e-03 3.498661e-03 6.784030e-03
5.308881e+02 4.688030e-03 3.587754e-03 3.587765e-03 6.888571e-03
5.309151e+02 4.778480e-03 3.675405e-03 3.675416e-03 6.984618e-03
5.309422e+02 4.864733e-03 3.761186e-03 3.761198e-03 7.071816e-03
5.309692e+02 4.946416e-03 3.844690e-03 3.844703e-03 7.149855e-03
5.309963e+02 5.023178e-03 3.925521e-03 3.925535e-03 7.218480e-03
5.310233e+02 5.094698e-03 4.003298e-03 4.003313e-03 7.277483e-03
5.310504e+02 5.160681e-03 4.077658e-03 4.077673e-03 7.326711e-03
5.310774e+02 5.220862e-03 4.148255e-03 4.148271e-03 7.366062e-03
5.311045e+02 5.275012e-03 4.214767e-03 4.214784e-03 7.395484e-03
5.311315e+02 5.322928e-03 4.276896e-03 4.276912e-03 7.414977e-03
5.311586e+02 5.364447e-03 4.334366e-03 4.334384e-03 7.424590e-03
5.311856e+02 5.399434e-03 4.386934e-03 4.386952e-03 7.424418e-03
5.312127e+02 5.427794e-03 4.434380e-03 4.434399e-03 7.414603e-03
5.312397e+02 5.449461e-03 4.476518e-03 4.476537e-03 7.395327e-03
5.312668e+02 5.464406e-03 4.513191e-03 4.513211e-03 7.366815e-03
5.312938e+02 5.472631e-03 4.544273e-03 4.544294e-03 7.329327e-03
5.313209e+02 5.474174e-03 4.569672e-03 4.569693e-03 7.283157e-03
5.313479e+02 5.469101e-03 4.589326e-03 4.589347e-03 7.228630e-03
5.313750e+02 5.457509e-03 4.603205e-03 4.603226e-03 7.166095e-03
5.314020e+02 5.439524e-03 4.611310e-03 4.611332e-03 7.095929e-03
5.314291e+02 5.415299e-03 4.613675e-03 4.613697e-03 7.018524e-03
5.314561e+02 5.385012e-03 4.610361e-03 4.610383e-03 6.934293e-03
5.314832e+02 5.348865e-03 4.601457e-03 4.601480e-03 6.843657e-03
5.315102e+02 5.307079e-03 4.587083e-03 4.587105e-03 6.747049e-03
5.315373e+02 5.259896e-03 4.567379e-03 4.567401e-03 6.644908e-03
5.315643e+02 5.207574e-03 4.542512e-03 4.542535e-03 6.537675e-03
5.315914e+02 5.150386e-03 4.512671e-03 4.512693e-03 6.425793e-03
5.316184e+02 5.088616e-03 4.478062e-03 4.478085e-03 6.309700e-03
5.316455e+02 5.022558e-03 4.438911e-03 4.438933e-03 6.189832e-03
5.316725e+02 4.952516e-03 4.395456e-03 4.395478e-03 6.066615e-03
5.316996e+02 4.878797e-03 4.347951e-03 4.347972e-03 5.940468e-03
5.317266e+02 4.801711e-03 4.296657e-03 4.296678e-03 5.811797e-03
5.317537e+02 4.721571e-03 4.241847e-03 4.241868e-03 5.680999e-03
5.317807e+02 4.638689e-03 4.183796e-03 4.183817e-03 5.548455e-03
5.318078e+02 4.553374e-03 4.122785e-03 4.122805e-03 5.414531e-03
5.318348e+02 4.465929e-03 4.059094e-03 4.059114e-03 5.279579e-03
5.318619e+02 4.376655e-03 3.993005e-03 3.993025e-03 5.143934e-03
5.318889e+02 4.285842e-03 3.924795e-03 3.924814e-03 5.007915e-03
5.319160e+02 4.193773e-03 3.854737e-03 3.854756e-03 4.871825e-03
5.319430e+02 4.100721e-03 3.783098e-03 3.783116e-03 4.735950e-03
5.319701e+02 4.006949e-03 3.710136e-03 3.710153e-03 4.600558e-03
5.319971e+02 3.912706e-03 3.636101e-03 3.636117e-03 4.465901e-03
5.320242e+02 3.818231e-03 3.561231e-03 3.561247e-03 4.332215e-03
5.320512e+02 3.723749e-03 3.485755e-03 3.485770e-03 4.199720e-03
5.320783e+02 3.629470e-03 3.409886e-03 3.409901e-03 4.068621e-03
5.321053e+02 3.535592e-03 3.333828e-03 3.333842e-03 3.939106e-03
5.321324e+02 3.442298e-03 3.257766e-03 3.257780e-03 3.811349e-03
5.321594e+02 3.349759e-03 3.181877e-03 3.181890e-03 3.685510e-03
5.321865e+02 3.258129e-03 3.106319e-03 3.106331e-03 3.561735e-03
5.322135e+02 3.167548e-03 3.031238e-03 3.031250e-03 3.440158e-03
5.322406e+02 3.078146e-03 2.956765e-03 2.956776e-03 3.320896e-03
5.322676e+02 2.990035e-03 2.883018e-03 2.883028e-03 3.204059e-03
5.322947e+02 2.903317e-03 2.810100e-03 2.810110e-03 3.089741e-03
5.323217e+02 2.818080e-03 2.738102e-03 2.738111e-03 2.978027e-03
5.323488e+02 2.734400e-03 2.667101e-03 2.667110e-03 2.868989e-03
5.323758e+02 2.652342e-03 2.597164e-03 2.597171e-03 2.762690e-03
5.324029e+02 2.571958e-03 2.528344e-03 2.528351e-03 2.659181e-03
5.324299e+02 2.493294e-03 2.460685e-03 2.460691e-03 2.558506e-03
5.324570e+02 2.416381e-03 2.394221e-03 2.394227e-03 2.460696e-03
5.324840e+02 2.341245e-03 2.328977e-03 2.328982e-03 2.365776e-03
5.325111e+02 2.267900e-03 2.264969e-03 2.264973e-03 2.273759e-03
5.325381e+02 2.196357e-03 2.202206e-03 2.202211e-03 2.184654e-03
5.325652e+02 2.126615e-03 2.140692e-03 2.140696e-03 2.098457e-03
5.325922e+02 2.058670e-03 2.080423e-03 2.080426e-03 2.015161e-03
5.326193e+02 1.992511e-03 2.021391e-03 2.021393e-03 1.934748e-03
5.326463e+02 1.928121e-03 1.963583e-03 1.963585e-03 1.857196e-03
5.326734e+02 1.865481e-03 1.906984e-03 1.906985e-03 1.782474e-03
5.327004e+02 1.804566e-03 1.851575e-03 1.851576e-03 1.710548e-03
5.327275e+02 1.745350e-03 1.797336e-03 1.797337e-03 1.641376e-03
5.327545e+02 1.687801e-03 1.744245e-03 1.744245e-03 1.574911e-03
5.327816e+02 1.631887e-03 1.692279e-03 1.692279e-03 1.511103e-03
5.328086e+02 1.577575e-03 1.641415e-03 1.641414e-03 1.449896e-03
5.328357e+02 1.524829e-03 1.591628e-03 1.591627e-03 1.391231e-03
5.328627e+02 1.473613e-03 1.542898e-03 1.542896e-03 1.335046e-03
5.328898e+02 1.423891e-03 1.495200e-03 1.495198e-03 1.281276e-03
5.329168e+02 1.375627e-03 1.448515e-03 1.448512e-03 1.229853e-03
5.329439e+02 1.328783e-03 1.402822e-03 1.402819e-03 1.180708e-03
5.329709e+02 1.283325e-03 1.358104e-03 1.358101e-03 1.133771e-03
5.329980e+02 1.239217e-03 1.314344e-03 1.314340e-03 1.088969e-03
5.330250e+02 1.196427e-03 1.271527e-03 1.271523e-03 1.046230e-03
5.330521e+02 1.154919e-03 1.229640e-03 1.229636e-03 1.005483e-03
5.330791e+02 1.114665e-03 1.188672e-03 1.188668e-03 9.666544e-04
5.331062e+02 1.075633e-03 1.148615e-03 1.148610e-03 9.296739e-04
5.331332e+02 1.037795e-03 1.109460e-03 1.109455e-03 8.944708e-04
5.331603e+02 1.001125e-03 1.071202e-03 1.071197e-03 8.609759e-04
5.331873e+02 9.655965e-04 1.033836e-03 1.033831e-03 8.291218e-04
5.332144e+02 9.311867e-04 9.973613e-04 9.973561e-04 7.988428e-04
5.332414e+02 8.978734e-04 9.617752e-04 9.617698e-04 7.700750e-04
5.332685e+02 8.656360e-04 9.270782e-04 9.270726e-04 7.427572e-04
5.332955e+02 8.344556e-04 8.932712e-04 8.932656e-04 7.168301e-04
5.333226e+02 8.043148e-04 8.603564e-04 8.603507e-04 6.922372e-04
5.333496e+02 7.751972e-04 8.283366e-04 8.283307e-04 6.689242e-04
5.333767e+02 7.470879e-04 7.972149e-04 7.972090e-04 6.468399e-04
5.334037e+02 7.199731e-04 7.669951e-04 7.669891e-04 6.259352e-04
5.334308e+02 6.938401e-04 7.376811e-04 7.376751e-04 6.061640e-04
5.334578e+02 6.686768e-04 7.092769e-04 7.092709e-04 5.874828e-04
5.334849e+02 6.444724e-04 6.817863e-04 6.817803e-04 5.698505e-04
5.335119e+02 6.212162e-04 6.552131e-04 6.552071e-04 5.532284e-04
5.335390e+02 5.988985e-04 6.295604e-04 6.295544e-04 5.375806e-04
5.335660e+02 5.775098e-04 6.048311e-04 6.048251e-04 5.228732e-04
5.335931e+02 5.570411e-04 5.810273e-04 5.810214e-04 5.090746e-04
5.336201e+02 5.374834e-04 5.581505e-04 5.581446e-04 4.961551e-04
5.336472e+02 5.188280e-04 5.362013e-04 5.361955e-04 4.840873e-04
5.336742e+02 5.010663e-04 5.151796e-04 5.151738e-04 4.728454e-04
5.337013e+02 4.841894e-04 4.950843e-04 4.950786e-04 4.624053e-04
5.337283e+02 4.681885e-04 4.759134e-04 4.759078e-04 4.527445e-04
5.337554e+02 4.530547e-04 4.576638e-04 4.576584e-04 4.438418e-04
5.337824e+02 4.387786e-04 4.403318e-04 4.403264e-04 4.356775e-04
5.338095e+02 4.253507e-04 4.239122e-04 4.239070e-04 4.282330e-04
5.338365e+02 4.127614e-04 4.083993e-04 4.083942e-04 4.214907e-04
5.338636e+02 4.010004e-04 3.937861e-04 3.937812e-04 4.154339e-04
5.338906e+02 3.900574e-04 3.800650e-04 3.800602e-04 4.100470e-04
5.339177e+02 3.799218e-04 3.672275e-04 3.672228e-04 4.053150e-04
5.339447e+02 3.705824e-04 3.552641e-04 3.552596e-04 4.012234e-04
5.339718e+02 3.620280e-04 3.441648e-04 3.441604e-04 3.977587e-04
5.339988e+02 3.542470e-04 3.339188e-04 3.339146e-04 3.949076e-04
5.340259e+02 3.472278e-04 3.245149e-04 3.245109e-04 3.926576e-04
5.340529e+02 3.409583e-04 3.159412e-04 3.159374e-04 3.909963e-04
5.340800e+02 3.354265e-04 3.081855e-04 3.081818e-04 3.899120e-04
5.341070e+02 3.306201e-04 3.012353e-04 3.012317e-04 3.893934e-04
5.341341e+02 3.265271e-04 2.950776e-04 2.950742e-04 3.894295e-04
5.341611e+02 3.231351e-04 2.896996e-04 2.896963e-04 3.900095e-04
5.341882e+02 3.204321e-04 2.850881e-04 2.850850e-04 3.911233e-04
5.342152e+02 3.184060e-04 2.812301e-04 2.812272e-04 3.927609e-04
5.342423e+02 3.170451e-04 2.781127e-04 2.781099e-04 3.949128e-04
5.342693e+02 3.163377e-04 2.757230e-04 2.757203e-04 3.975698e-04
5.342964e+02 3.162726e-04 2.740485e-04 2.740460e-04 4.007234e-04
5.343234e+02 3.168389e-04 2.730770e-04 2.730746e-04 4.043650e-04
5.343505e+02 3.180259e-04 2.727965e-04 2.727942e-04 4.084870e-04
5.343775e+02 3.198237e-04 2.731957e-04 2.731935e-04 4.130818e-04
5.344046e+02 3.222226e-04 2.742637e-04 2.742615e-04 4.181425e-04
5.344316e+02 3.252135e-04 2.759900e-04 2.759879e-04 4.236627e-04
5.344587e+02 3.287881e-04 2.783649e-04 2.783629e-04 4.296364e-04
5.344857e+02 3.329383e-04 2.813793e-04 2.813773e-04 4.360584e-04
5.345128e+02 3.376570e-04 2.850247e-04 2.850227e-04 4.429236e-04
5.345398e+02 3.429376e-04 2.892933e-04 2.892914e-04 4.502279e-04
5.345669e+02 3.487741e-04 2.941782e-04 2.941763e-04 4.579676e-04
5.345939e+02 3.551613e-04 2.996731e-04 2.996712e-04 4.661396e-04
5.346210e+02 3.620947e-04 3.057724e-04 3.057705e-04 4.747412e-04
5.346480e+02 3.695706e-04 3.124716e-04 3.124695e-04 4.837707e-04
5.346751e+02 3.775858e-04 3.197665e-04 3.197644e-04 4.932265e-04
5.347021e+02 3.861380e-04 3.276541e-04 3.276519e-04 5.031081e-04
5.347292e+02 3.952256e-04 3.361320e-04 3.361298e-04 5.134151e-04
5.347562e+02 4.048477e-04 3.451987e-04 3.451963e-04 5.241480e-04
5.347833e+02 4.150039e-04 3.548532e-04 3.548507e-04 5.353078e-04
5.348103e+02 4.256947e-04 3.650955e-04 3.650928e-04 5.468959e-04
5.348374e+02 4.369212e-04 3.759261e-04 3.759233e-04 5.589143e-04
5.348644e+02 4.486852e-04 3.873466e-04 3.873435e-04 5.713656e-04
5.348915e+02 4.609890e-04 3.993587e-04 3.993555e-04 5.842527e-04
5.349185e+02 4.738355e-04 4.119653e-04 4.119618e-04 5.975793e-04
5.349456e+02 4.872281e-04 4.251695e-04 4.251658e-04 6.113491e-04
5.349726e+02 5.011710e-04 4.389753e-04 4.389712e-04 6.255665e-04
5.349997e+02 5.156685e-04 4.533869e-04 4.533825e-04 6.402362e-04
5.350267e+02 5.307257e-04 4.684092e-04 4.684046e-04 6.553632e-04
5.350538e+02 5.463478e-04 4.840477e-04 4.840427e-04 6.709531e-04
5.350808e+02 5.625406e-04 5.003079e-04 5.003026e-04 6.870114e-04
5.351079e+02 5.793101e-04 5.171960e-04 5.171903e-04 7.035442e-04
5.351349e+02 5.966627e-04 5.347183e-04 5.347122e-04 7.205576e-04
5.351620e+02 6.146048e-04 5.528815e-04 5.528750e-04 7.380580e-04
5.351890e+02 6.331433e-04 5.716923e-04 5.716854e-04 7.560522e-04
5.352161e+02 6.522849e-04 5.911576e-04 5.911503e-04 7.745468e-04
5.352431e+02 6.720366e-04 6.112844e-04 6.112767e-04 7.935488e-04
5.352702e+02 6.924055e-04 6.320797e-04 6.320716e-04 8.130651e-04
5.352972e+02 7.133983e-04 6.535503e-04 6.535417e-04 8.331029e-04
5.353243e+02 7.350220e-04 6.757029e-04 6.756938e-04 8.536693e-04
5.353513e+02 7.572833e-04 6.985440e-04 6.985344e-04 8.747715e-04
5.353784e+02 7.801886e-04 7.220796e-04 7.220696e-04 8.964166e-04
5.354054e+02 8.037442e-04 7.463156e-04 7.463050e-04 9.186119e-04
5.354325e+02 8.279558e-04 7.712571e-04 7.712460e-04 9.413645e-04
5.354595e+02 8.528291e-04 7.969088e-04 7.968972e-04 9.646813e-04
5.354866e+02 8.783688e-04 8.232746e-04 8.232625e-04 9.885694e-04
5.355136e+02 9.045796e-04 8.503578e-04 8.503452e-04 1.013036e-03
5.355407e+02 9.314650e-04 8.781607e-04 8.781476e-04 1.038087e-03
5.355677e+02 9.590282e-04 9.066846e-04 9.066710e-04 1.063729e-03
5.355948e+02 9.872716e-04 9.359298e-04 9.359157e-04 1.089969e-03
5.356218e+02 1.016196e-03 9.658954e-04 9.658807e-04 1.116813e-03
5.356489e+02 1.045803e-03 9.965791e-04 9.965640e-04 1.144267e-03
5.356759e+02 1.076092e-03 1.027977e-03 1.027962e-03 1.172336e-03
5.357030e+02 1.107060e-03 1.060085e-03 1.060069e-03 1.201025e-03
5.357300e+02 1.138705e-03 1.092896e-03 1.092879e-03 1.230340e-03
5.357571e+02 1.171023e-03 1.126400e-03 1.126383e-03 1.260285e-03
5.357841e+02 1.204008e-03 1.160589e-03 1.160572e-03 1.290864e-03
5.358112e+02 1.237654e-03 1.195450e-03 1.195432e-03 1.322080e-03
5.358382e+02 1.271951e-03 1.230968e-03 1.230950e-03 1.353936e-03
5.358653e+02 1.306891e-03 1.267128e-03 1.267109e-03 1.386435e-03
5.358923e+02 1.342460e-03 1.303910e-03 1.303891e-03 1.419579e-03
5.359194e+02 1.378646e-03 1.341295e-03 1.341275e-03 1.453368e-03
5.359464e+02 1.415433e-03 1.379258e-03 1.379238e-03 1.487802e-03
5.359735e+02 1.452803e-03 1.417775e-03 1.417754e-03 1.522881e-03
5.360005e+02 1.490738e-03 1.456816e-03 1.456795e-03 1.558604e-03
5.360276e+02 1.529217e-03 1.496352e-03 1.496331e-03 1.594967e-03
5.360546e+02 1.568215e-03 1.536350e-03 1.536328e-03 1.631967e-03
5.360817e+02 1.607708e-03 1.576773e-03 1.576751e-03 1.669600e-03
5.361087e+02 1.647668e-03 1.617583e-03 1.617561e-03 1.707859e-03
5.361358e+02 1.688064e-03 1.658740e-03 1.658717e-03 1.746736e-03
5.361628e+02 1.728866e-03 1.700199e-03 1.700176e-03 1.786224e-03
5.361899e+02 1.770039e-03 1.741914e-03 1.741891e-03 1.826312e-03
5.362169e+02 1.811547e-03 1.783838e-03 1.783814e-03 1.866989e-03
5.362440e+02 1.853351e-03 1.825918e-03 1.825894e-03 1.908241e-03
5.362710e+02 1.895410e-03 1.868101e-03 1.868077e-03 1.950053e-03
5.362981e+02 1.937683e-03 1.910331e-03 1.910307e-03 1.992409e-03
5.363251e+02 1.980123e-03 1.952551e-03 1.952527e-03 2.035291e-03
5.363522e+02 2.022685e-03 1.994701e-03 1.994676e-03 2.078678e-03
5.363792e+02 2.065320e-03 2.036718e-03 2.036694e-03 2.122548e-03
5.364063e+02 2.107977e-03 2.078539e-03 2.078515e-03 2.166878e-03
5.364333e+02 2.150605e-03 2.120099e-03 2.120075e-03 2.211640e-03
5.364604e+02 2.193148e-03 2.161332e-03 2.161307e-03 2.256807e-03
5.364874e+02 2.235554e-03 2.202169e-03 2.202144e-03 2.302348e-03
5.365145e+02 2.277763e-03 2.242542e-03 2.242517e-03 2.348231e-03
5.365415e+02 2.319719e-03 2.282381e-03 2.282356e-03 2.394421e-03
5.365686e+02 2.361364e-03 2.321617e-03 2.321592e-03 2.440882e-03
5.365956e+02 2.402636e-03 2.360179e-03 2.360154e-03 2.487574e-03
5.366227e+02 2.443475e-03 2.397998e-03 2.397973e-03 2.534455e-03
5.366497e+02 2.483822e-03 2.435003e-03 2.434978e-03 2.581484e-03
5.366768e+02 2.523613e-03 2.471125e-03 2.471100e-03 2.628612e-03
5.367038e+02 2.562787e-03 2.506296e-03 2.506271e-03 2.675793e-03
5.367309e+02 2.601283e-03 2.540449e-03 2.540424e-03 2.722977e-03
5.367579e+02 2.639039e-03 2.573516e-03 2.573491e-03 2.770110e-03
5.367850e+02 2.675995e-03 2.605435e-03 2.605410e-03 2.817140e-03
5.368120e+02 2.712089e-03 2.636143e-03 2.636118e-03 2.864008e-03
5.368391e+02 2.747263e-03 2.665579e-03 2.665554e-03 2.910657e-03
5.368661e+02 2.781458e-03 2.693687e-03 2.693662e-03 2.957026e-03
5.368932e+02 2.814617e-03 2.720411e-03 2.720386e-03 3.003054e-03
5.369202e+02 2.846684e-03 2.745700e-03 2.745675e-03 3.048677e-03
5.369473e+02 2.877605e-03 2.769506e-03 2.769481e-03 3.093830e-03
5.369743e+02 2.907329e-03 2.791783e-03 2.791758e-03 3.138446e-03
5.370014e+02 2.935805e-03 2.812492e-03 2.812467e-03 3.182457e-03
5.370284e+02 2.962987e-03 2.831594e-03 2.831570e-03 3.225797e-03
5.370555e+02 2.988829e-03 2.849059e-03 2.849035e-03 3.268395e-03
5.370825e+02 3.013290e-03 2.864857e-03 2.864833e-03 3.310181e-03
5.371096e+02 3.036331e-03 2.878965e-03 2.878941e-03 3.351087e-03
5.371366e+02 3.057917e-03 2.891366e-03 2.891342e-03 3.391043e-03
5.371637e+02 3.078015e-03 2.902044e-03 2.902020e-03 3.429979e-03
5.371907e+02 3.096597e-03 2.910993e-03 2.910969e-03 3.467828e-03
5.372178e+02 3.113638e-03 2.918208e-03 2.918185e-03 3.504521e-03
5.372448e+02 3.129119e-03 2.923693e-03 2.923670e-03 3.539994e-03
5.372719e+02 3.143023e-03 2.927455e-03 2.927432e-03 3.574182e-03
5.372989e+02 3.155338e-03 2.929506e-03 2.929484e-03 3.607024e-03
5.373260e+02 3.166057e-03 2.929867e-03 2.929845e-03 3.638460e-03
5.373530e+02 3.175178e-03 2.928561e-03 2.928539e-03 3.668434e-03
5.373801e+02 3.182703e-03 2.925618e-03 2.925596e-03 3.696895e-03
5.374071e+02 3.188638e-03 2.921073e-03 2.921051e-03 3.723792e-03
5.374342e+02 3.192997e-03 2.914966e-03 2.914944e-03 3.749081e-03
5.374612e+02 3.195796e-03 2.907344e-03 2.907322e-03 3.772723e-03
5.374883e+02 3.197058e-03 2.898257e-03 2.898236e-03 3.794681e-03
5.375153e+02 3.196809e-03 2.887761e-03 2.887740e-03 3.814927e-03
5.375424e+02 3.195083e-03 2.875917e-03 2.875896e-03 3.833435e-03
5.375694e+02 3.191916e-03 2.862790e-03 2.862770e-03 3.850188e-03
5.375965e+02 3.187351e-03 2.848449e-03 2.848430e-03 3.865174e-03
5.376235e+02 3.181436e-03 2.832969e-03 2.832950e-03 3.878387e-03
5.376506e+02 3.174221e-03 2.816427e-03 2.816408e-03 3.889829e-03
5.376776e+02 3.165764e-03 2.798903e-03 2.798884e-03 3.899506e-03
5.377047e+02 3.156126e-03 2.780482e-03 2.780464e-03 3.907433e-03
5.377317e+02 3.145372e-03 2.761250e-03 2.761232e-03 3.913634e-03
5.377588e+02 3.133571e-03 2.741297e-03 2.741280e-03 3.918135e-03
5.377858e+02 3.120795e-03 2.720715e-03 2.720697e-03 3.920973e-03
5.378129e+02 3.107122e-03 2.699595e-03 2.699578e-03 3.922191e-03
5.378399e+02 3.092629e-03 2.678033e-03 2.678016e-03 3.921838e-03
5.378670e+02 3.077400e-03 2.656123e-03 2.656107e-03 3.919970e-03
5.378940e+02 3.061519e-03 2.633962e-03 2.633946e-03 3.916649e-03
5.379211e+02 3.045072e-03 2.611644e-03 2.611629e-03 3.911943e-03
5.379481e+02 3.028148e-03 2.589266e-03 2.589251e-03 3.905927e-03
5.379752e+02 3.010836e-03 2.566921e-03 2.566906e-03 3.898681e-03
5.380022e+02 2.993227e-03 2.544703e-03 2.544689e-03 3.890288e-03
5.380293e+02 2.975411e-03 2.522704e-03 2.522690e-03 3.880838e-03
5.380563e+02 2.957479e-03 2.501014e-03 2.501000e-03 3.870423e-03
5.380834e+02 2.939522e-03 2.479719e-03 2.479706e-03 3.859141e-03
5.381104e+02 2.921630e-03 2.458906e-03 2.458893e-03 3.847089e-03
5.381375e+02 2.903891e-03 2.438657e-03 2.438644e-03 3.834371e-03
5.381645e+02 2.886392e-03 2.419049e-03 2.419037e-03 3.821090e-03
5.381916e+02 2.869220e-03 2.400160e-03 2.400148e-03 3.807351e-03
5.382186e+02 2.852456e-03 2.382060e-03 2.382048e-03 3.793259e-03
5.382457e+02 2.836181e-03 2.364816e-03 2.364805e-03 3.778920e-03
5.382727e+02 2.820472e-03 2.348494e-03 2.348483e-03 3.764440e-03
5.382998e+02 2.805405e-03 2.333152e-03 2.333141e-03 3.749921e-03
5.383268e+02 2.791049e-03 2.318845e-03 2.318834e-03 3.735467e-03
5.383539e+02 2.777471e-03 2.305624e-03 2.305613e-03 3.721177e-03
5.383809e+02 2.764736e-03 2.293535e-03 2.293524e-03 3.707150e-03
5.384080e+02 2.752902e-03 2.282618e-03 2.282608e-03 3.693479e-03
5.384350e+02 2.742023e-03 2.272912e-03 2.272902e-03 3.680256e-03
5.384621e+02 2.732150e-03 2.264447e-03 2.264437e-03 3.667566e-03
5.384891e+02 2.723329e-03 2.257252e-03 2.257242e-03 3.655493e-03
5.385162e+02 2.715601e-03 2.251350e-03 2.251340e-03 3.644114e-03
5.385432e+02 2.709003e-03 2.246759e-03 2.246749e-03 3.633500e-03
5.385703e+02 2.703565e-03 2.243494e-03 2.243484e-03 3.623719e-03
5.385973e+02 2.699317e-03 2.241564e-03 2.241554e-03 3.614832e-03
5.386244e+02 2.696279e-03 2.240976e-03 2.240966e-03 3.606894e-03
5.386514e+02 2.694470e-03 2.241732e-03 2.241722e-03 3.599955e-03
5.386785e+02 2.693902e-03 2.243829e-03 2.243819e-03 3.594058e-03
5.387055e+02 2.694585e-03 2.247264e-03 2.247254e-03 3.589239e-03
5.387326e+02 2.696524e-03 2.252025e-03 2.252015e-03 3.585530e-03
5.387596e+02 2.699716e-03 2.258103e-03 2.258093e-03 3.582954e-03
5.387867e+02 2.704160e-03 2.265480e-03 2.265470e-03 3.581529e-03
5.388137e+02 2.709845e-03 2.274139e-03 2.274129e-03 3.581267e-03
5.388408e+02 2.716760e-03 2.284059e-03 2.284049e-03 3.582173e-03
5.388678e+02 2.724889e-03 2.295216e-03 2.295205e-03 3.584247e-03
5.388949e+02 2.734212e-03 2.307583e-03 2.307572e-03 3.587481e-03
5.389219e+02 2.744706e-03 2.321133e-03 2.321121e-03 3.591863e-03
5.389490e+02 2.756343e-03 2.335834e-03 2.335822e-03 3.597374e-03
5.389760e+02 2.769095e-03 2.351653e-03 2.351641e-03 3.603991e-03
5.390031e+02 2.782929e-03 2.368557e-03 2.368545e-03 3.611685e-03
5.390301e+02 2.797808e-03 2.386508e-03 2.386496e-03 3.620421e-03
5.390572e+02 2.813696e-03 2.405470e-03 2.405457e-03 3.630160e-03
5.390842e+02 2.830550e-03 2.425402e-03 2.425389e-03 3.640860e-03
5.391113e+02 2.848329e-03 2.446264e-03 2.446251e-03 3.652473e-03
5.391383e+02 2.866988e-03 2.468015e-03 2.468001e-03 3.664948e-03
5.391654e+02 2.886479e-03 2.490610e-03 2.490597e-03 3.678231e-03
5.391924e+02 2.906755e-03 2.514007e-03 2.513993e-03 3.692264e-03
5.392195e+02 2.927764e-03 2.538160e-03 2.538145e-03 3.706987e-03
5.392465e+02 2.949456e-03 2.563023e-03 2.563008e-03 3.722338e-03
5.392736e+02 2.971780e-03 2.588550e-03 2.588535e-03 3.738254e-03
5.393006e+02 2.994680e-03 2.614694e-03 2.614679e-03 3.754668e-03
5.393277e+02 3.018104e-03 2.641406e-03 2.641391e-03 3.771516e-03
5.393547e+02 3.041998e-03 2.668640e-03 2.668624e-03 3.788731e-03
5.393818e+02 3.066307e-03 2.696345e-03 2.696330e-03 3.806246e-03
5.394088e+02 3.090976e-03 2.724474e-03 2.724458e-03 3.823996e-03
5.394359e+02 3.115952e-03 2.752976e-03 2.752961e-03 3.841917e-03
5.394629e+02 3.141179e-03 2.781804e-03 2.781788e-03 3.859946e-03
5.394900e+02 3.166606e-03 2.810906e-03 2.810891e-03 3.878022e-03
5.395170e+02 3.192180e-03 2.840235e-03 2.840219e-03 3.896086e-03
5.395441e+02 3.217849e-03 2.869740e-03 2.869724e-03 3.914083e-03
5.395711e+02 3.243563e-03 2.899372e-03 2.899356e-03 3.931960e-03
5.395982e+02 3.269272e-03 2.929082e-03 2.929067e-03 3.949667e-03
5.396252e+02 3.294930e-03 2.958823e-03 2.958807e-03 3.967161e-03
5.396523e+02 3.320491e-03 2.988544e-03 2.988529e-03 3.984400e-03
5.396793e+02 3.345910e-03 3.018199e-03 3.018184e-03 4.001346e-03
5.397064e+02 3.371145e-03 3.047741e-03 3.047726e-03 4.017969e-03
5.397334e+02 3.396156e-03 3.077122e-03 3.077107e-03 4.034239e-03
5.397605e+02 3.420904e-03 3.106296e-03 3.106283e-03 4.050134e-03
5.397875e+02 3.445354e-03 3.135220e-03 3.135206e-03 4.065635e-03
5.398146e+02 3.469470e-03 3.163848e-03 3.163835e-03 4.080727e-03
5.398416e+02 3.493220e-03 3.192136e-03 3.192124e-03 4.095400e-03
5.398687e+02 3.516575e-03 3.220043e-03 3.220031e-03 4.109649e-03
5.398957e+02 3.539505e-03 3.247528e-03 3.247516e-03 4.123471e-03
5.399228e+02 3.561984e-03 3.274549e-03 3.274538e-03 4.136867e-03
5.399498e+02 3.583989e-03 3.301068e-03 3.301058e-03 4.149840e-03
5.399769e+02 3.605495e-03 3.327048e-03 3.327039e-03 4.162396e-03
5.400039e+02 3.626480e-03 3.352453e-03 3.352444e-03 4.174545e-03
5.400310e+02 3.646926e-03 3.377246e-03 3.377238e-03 4.186295e-03
5.400580e+02 3.666813e-03 3.401396e-03 3.401388e-03 4.197656e-03
5.400851e+02 3.686124e-03 3.424869e-03 3.424862e-03 4.208639e-03
5.401121e+02 3.704840e-03 3.447637e-03 3.447631e-03 4.219253e-03
5.401392e+02 3.722947e-03 3.469670e-03 3.469665e-03 4.229507e-03
5.401662e+02 3.740428e-03 3.490942e-03 3.490937e-03 4.239406e-03
5.401933e+02 3.757269e-03 3.511427e-03 3.511424e-03 4.248956e-03
5.402203e+02 3.773453e-03 3.531104e-03 3.531101e-03 4.258155e-03
5.402474e+02 3.788966e-03 3.549949e-03 3.549947e-03 4.267003e-03
5.402744e+02 3.803793e-03 3.567946e-03 3.567944e-03 4.275490e-03
5.403015e+02 3.817919e-03 3.585075e-03 3.585075e-03 4.283606e-03
5.403285e+02 3.831326e-03 3.601323e-03 3.601323e-03 4.291332e-03
5.403556e+02 3.844000e-03 3.616676e-03 3.616677e-03 4.298647e-03
5.403826e+02 3.855923e-03 3.631123e-03 3.631125e-03 4.305522e-03
5.404097e+02 3.867078e-03 3.644656e-03 3.644658e-03 4.311921e-03
5.404367e+02 3.877448e-03 3.657267e-03 3.657271e-03 4.317806e-03
5.404638e+02 3.887014e-03 3.668954e-03 3.668958e-03 4.323130e-03
5.404908e+02 3.895757e-03 3.679713e-03 3.679718e-03 4.327840e-03
5.405179e+02 3.903657e-03 3.689544e-03 3.689550e-03 4.331878e-03
5.405449e+02 3.910696e-03 3.698450e-03 3.698456e-03 4.335182e-03
5.405720e+02 3.916853e-03 3.706434e-03 3.706441e-03 4.337684e-03
5.405990e+02 3.922108e-03 3.713503e-03 3.713511e-03 4.339311e-03
5.406261e+02 3.926442e-03 3.719665e-03 3.719673e-03 4.339987e-03
5.406531e+02 3.929834e-03 3.724929e-03 3.724938e-03 4.339634e-03
5.406802e+02 3.932265e-03 3.729308e-03 3.729317e-03 4.338170e-03
5.407072e+02 3.933717e-03 3.732814e-03 3.732823e-03 4.335513e-03
5.407343e+02 3.934171e-03 3.735461e-03 3.735471e-03 4.331579e-03
5.407613e+02 3.933610e-03 3.737267e-03 3.737278e-03 4.326286e-03
5.407884e+02 3.932020e-03 3.738248e-03 3.738259e-03 4.319552e-03
5.408154e+02 3.929385e-03 3.738423e-03 3.738434e-03 4.311297e-03
5.408425e+02 3.925693e-03 3.737810e-03 3.737821e-03 4.301447e-03
5.408695e+02 3.920932e-03 3.736428e-03 3.736440e-03 4.289929e-03
5.408966e+02 3.915095e-03 3.734298e-03 3.734310e-03 4.276677e-03
5.409236e+02 3.908174e-03 3.731440e-03 3.731452e-03 4.261629e-03
5.409507e+02 3.900164e-03 3.727873e-03 3.727886e-03 4.244734e-03
5.409777e+02 3.891064e-03 3.723618e-03 3.723631e-03 4.225944e-03
5.410048e+02 3.880874e-03 3.718694e-03 3.718707e-03 4.205222e-03
5.410318e+02 3.869597e-03 3.713120e-03 3.713133e-03 4.182540e-03
5.410589e+02 3.857239e-03 3.706913e-03 3.706926e-03 4.157879e-03
5.410859e+02 3.843808e-03 3.700091e-03 3.700103e-03 4.131229e-03
5.411130e+02 3.829314e-03 3.692668e-03 3.692681e-03 4.102592e-03
5.411400e+02 3.813772e-03 3.684661e-03 3.684674e-03 4.071981e-03
5.411671e+02 3.797198e-03 3.676082e-03 3.676095e-03 4.039418e-03
5.411941e+02 3.779612e-03 3.666942e-03 3.666956e-03 4.004937e-03
5.412212e+02 3.761033e-03 3.657253e-03 3.657266e-03 3.968581e-03
5.412482e+02 3.741488e-03 3.647023e-03 3.647036e-03 3.930405e-03
5.412753e+02 3.721002e-03 3.636259e-03 3.636272e-03 3.890476e-03
5.413023e+02 3.699605e-03 3.624967e-03 3.624981e-03 3.848866e-03
5.413294e+02 3.677327e-03 3.613152e-03 3.613166e-03 3.805662e-03
5.413564e+02 3.654202e-03 3.600818e-03 3.600832e-03 3.760954e-03
5.413835e+02 3.630265e-03 3.587968e-03 3.587982e-03 3.714846e-03
5.414105e+02 3.605555e-03 3.574602e-03 3.574616e-03 3.667447e-03
5.414376e+02 3.580110e-03 3.560723e-03 3.560737e-03 3.618871e-03
5.414646e+02 3.553972e-03 3.546331e-03 3.546345e-03 3.569241e-03
5.414917e+02 3.527185e-03 3.531427e-03 3.531442e-03 3.518685e-03
5.415187e+02 3.499792e-03 3.516014e-03 3.516029e-03 3.467334e-03
5.415458e+02 3.471842e-03 3.500093e-03 3.500108e-03 3.415325e-03
5.415728e+02 3.443382e-03 3.483667e-03 3.483683e-03 3.362796e-03
5.415999e+02 3.414462e-03 3.466742e-03 3.466758e-03 3.309887e-03
5.416269e+02 3.385135e-03 3.449324e-03 3.449340e-03 3.256742e-03
5.416540e+02 3.355454e-03 3.431422e-03 3.431438e-03 3.203502e-03
5.416810e+02 3.325474e-03 3.413047e-03 3.413063e-03 3.150312e-03
5.417081e+02 3.295252e-03 3.394214e-03 3.394231e-03 3.097311e-03
5.417351e+02 3.264847e-03 3.374941e-03 3.374958e-03 3.044642e-03
5.417622e+02 3.234319e-03 3.355249e-03 3.355266e-03 2.992442e-03
5.417892e+02 3.203730e-03 3.335163e-03 3.335180e-03 2.940847e-03
5.418163e+02 3.173144e-03 3.314713e-03 3.314731e-03 2.889989e-03
5.418433e+02 3.142627e-03 3.293932e-03 3.293951e-03 2.839997e-03
5.418704e+02 3.112245e-03 3.272860e-03 3.272878e-03 2.790996e-03
5.418974e+02 3.082067e-03 3.251538e-03 3.251557e-03 2.743106e-03
5.419245e+02 3.052163e-03 3.230013e-03 3.230032e-03 2.696443e-03
5.419515e+02 3.022604e-03 3.208338e-03 3.208358e-03 2.651115e-03
5.419786e+02 2.993462e-03 3.186568e-03 3.186588e-03 2.607228e-03
5.420056e+02 2.964810e-03 3.164765e-03 3.164785e-03 2.564881e-03
5.420327e+02 2.936723e-03 3.142991e-03 3.143012e-03 2.524165e-03
5.420597e+02 2.909273e-03 3.121316e-03 3.121336e-03 2.485168e-03
5.420868e+02 2.882536e-03 3.099809e-03 3.099830e-03 2.447968e-03
5.421138e+02 2.856583e-03 3.078544e-03 3.078565e-03 2.412640e-03
5.421409e+02 2.831488e-03 3.057597e-03 3.057619e-03 2.379249e-03
5.421679e+02 2.807322e-03 3.037046e-03 3.037067e-03 2.347853e-03
5.421950e+02 2.784154e-03 3.016968e-03 3.016989e-03 2.318504e-03
5.422220e+02 2.762050e-03 2.997441e-03 2.997462e-03 2.291247e-03
5.422491e+02 2.741074e-03 2.978543e-03 2.978564e-03 2.266116e-03
5.422761e+02 2.721287e-03 2.960349e-03 2.960371e-03 2.243141e-03
5.423032e+02 2.702744e-03 2.942935e-03 2.942956e-03 2.222341e-03
5.423302e+02 2.685495e-03 2.926369e-03 2.926390e-03 2.203727e-03
5.423573e+02 2.669586e-03 2.910718e-03 2.910739e-03 2.187302e-03
5.423843e+02 2.655057e-03 2.896044e-03 2.896065e-03 2.173061e-03
5.424114e+02 2.641939e-03 2.882403e-03 2.882424e-03 2.160989e-03
5.424384e+02 2.630258e-03 2.869845e-03 2.869865e-03 2.151063e-03
5.424655e+02 2.620030e-03 2.858410e-03 2.858430e-03 2.143248e-03
5.424925e+02 2.611264e-03 2.848134e-03 2.848154e-03 2.137504e-03
5.425196e+02 2.603961e-03 2.839041e-03 2.839060e-03 2.133780e-03
5.425466e+02 2.598110e-03 2.831148e-03 2.831166e-03 2.132015e-03
5.425737e+02 2.593692e-03 2.824459e-03 2.824477e-03 2.132140e-03
5.426007e+02 2.590680e-03 2.818972e-03 2.818990e-03 2.134078e-03
5.426278e+02 2.589033e-03 2.814671e-03 2.814688e-03 2.137740e-03
5.426548e+02 2.588704e-03 2.811531e-03 2.811547e-03 2.143033e-03
5.426819e+02 2.589632e-03 2.809514e-03 2.809530e-03 2.149852e-03
5.427089e+02 2.591751e-03 2.808574e-03 2.808589e-03 2.158088e-03
5.427360e+02 2.594980e-03 2.808652e-03 2.808666e-03 2.167622e-03
5.427630e+02 2.599233e-03 2.809678e-03 2.809692e-03 2.178330e-03
5.427901e+02 2.604414e-03 2.811573e-03 2.811586e-03 2.190081e-03
5.428171e+02 2.610416e-03 2.814248e-03 2.814261e-03 2.202740e-03
5.428442e+02 2.617129e-03 2.817604e-03 2.817616e-03 2.216168e-03
5.428712e+02 2.624433e-03 2.821534e-03 2.821545e-03 2.230220e-03
5.428983e+02 2.632202e-03 2.825923e-03 2.825933e-03 2.244750e-03
5.429253e+02 2.640307e-03 2.830649e-03 2.830658e-03 2.259612e-03
5.429524e+02 2.648611e-03 2.835584e-03 2.835593e-03 2.274656e-03
5.429794e+02 2.656978e-03 2.840596e-03 2.840604e-03 2.289733e-03
5.430065e+02 2.665267e-03 2.845548e-03 2.845554e-03 2.304698e-03
5.430335e+02 2.673337e-03 2.850300e-03 2.850306e-03 2.319406e-03
5.430606e+02 2.681049e-03 2.854713e-03 2.854718e-03 2.333715e-03
5.430876e+02 2.688262e-03 2.858646e-03 2.858650e-03 2.347489e-03
5.431147e+02 2.694839e-03 2.861958e-03 2.861962e-03 2.360596e-03
5.431417e+02 2.700648e-03 2.864514e-03 2.864517e-03 2.372912e-03
5.431688e+02 2.705560e-03 2.866180e-03 2.866182e-03 2.384317e-03
5.431958e+02 2.709452e-03 2.866826e-03 2.866827e-03 2.394703e-03
5.432229e+02 2.712209e-03 2.866330e-03 2.866330e-03 2.403968e-03
5.432499e+02 2.713724e-03 2.864576e-03 2.864576e-03 2.412021e-03
5.432770e+02 2.713897e-03 2.861456e-03 2.861456e-03 2.418780e-03
5.433040e+02 2.712640e-03 2.856873e-03 2.856872e-03 2.424173e-03
5.433311e+02 2.709872e-03 2.850737e-03 2.850736e-03 2.428141e-03
5.433581e+02 2.705525e-03 2.842972e-03 2.842969e-03 2.430634e-03
5.433852e+02 2.699544e-03 2.833509e-03 2.833506e-03 2.431615e-03
5.434122e+02 2.691882e-03 2.822296e-03 2.822292e-03 2.431057e-03
5.434393e+02 2.682506e-03 2.809289e-03 2.809286e-03 2.428944e-03
5.434663e+02 2.671397e-03 2.794460e-03 2.794456e-03 2.425273e-03
5.434934e+02 2.658544e-03 2.777793e-03 2.777789e-03 2.420051e-03
5.435204e+02 2.643953e-03 2.759284e-03 2.759279e-03 2.413294e-03
5.435475e+02 2.627637e-03 2.738943e-03 2.738938e-03 2.405031e-03
5.435745e+02 2.609625e-03 2.716791e-03 2.716786e-03 2.395297e-03
5.436016e+02 2.589954e-03 2.692865e-03 2.692859e-03 2.384139e-03
5.436286e+02 2.568675e-03 2.667210e-03 2.667204e-03 2.371611e-03
5.436557e+02 2.545846e-03 2.639885e-03 2.639879e-03 2.357774e-03
5.436827e+02 2.521536e-03 2.610960e-03 2.610953e-03 2.342695e-03
5.437098e+02 2.495823e-03 2.580513e-03 2.580506e-03 2.326449e-03
5.437368e+02 2.468792e-03 2.548634e-03 2.548627e-03 2.309114e-03
5.437639e+02 2.440536e-03 2.515420e-03 2.515414e-03 2.290773e-03
5.437909e+02 2.411153e-03 2.480977e-03 2.480971e-03 2.271512e-03
5.438180e+02 2.380748e-03 2.445417e-03 2.445410e-03 2.251418e-03
5.438450e+02 2.349429e-03 2.408856e-03 2.408849e-03 2.230582e-03
5.438721e+02 2.317308e-03 2.371418e-03 2.371411e-03 2.209094e-03
5.438991e+02 2.284498e-03 2.333228e-03 2.333221e-03 2.187044e-03
5.439262e+02 2.251114e-03 2.294414e-03 2.294408e-03 2.164521e-03
5.439532e+02 2.217274e-03 2.255108e-03 2.255101e-03 2.141613e-03
5.439803e+02 2.183091e-03 2.215438e-03 2.215431e-03 2.118404e-03
5.440073e+02 2.148681e-03 2.175536e-03 2.175529e-03 2.094979e-03
5.440344e+02 2.114156e-03 2.135529e-03 2.135523e-03 2.071415e-03
5.440614e+02 2.079624e-03 2.095545e-03 2.095538e-03 2.047789e-03
5.440885e+02 2.045191e-03 2.055705e-03 2.055699e-03 2.024170e-03
5.441155e+02 2.010960e-03 2.016130e-03 2.016124e-03 2.000627e-03
5.441426e+02 1.977026e-03 1.976932e-03 1.976927e-03 1.977220e-03
5.441696e+02 1.943481e-03 1.938222e-03 1.938216e-03 1.954007e-03
5.441967e+02 1.910411e-03 1.900100e-03 1.900095e-03 1.931039e-03
5.442237e+02 1.877895e-03 1.862664e-03 1.862659e-03 1.908363e-03
5.442508e+02 1.846007e-03 1.826002e-03 1.825998e-03 1.886020e-03
5.442778e+02 1.814812e-03 1.790196e-03 1.790191e-03 1.864048e-03
5.443049e+02 1.784370e-03 1.755318e-03 1.755314e-03 1.842477e-03
5.443319e+02 1.754734e-03 1.721435e-03 1.721432e-03 1.821334e-03
5.443590e+02 1.725949e-03 1.688605e-03 1.688601e-03 1.800640e-03
5.443860e+02 1.698054e-03 1.656875e-03 1.656872e-03 1.780414e-03
5.444131e+02 1.671081e-03 1.626288e-03 1.626286e-03 1.760669e-03
5.444401e+02 1.645055e-03 1.596877e-03 1.596874e-03 1.741413e-03
5.444672e+02 1.619994e-03 1.568665e-03 1.568663e-03 1.722653e-03
5.444942e+02 1.595910e-03 1.541670e-03 1.541668e-03 1.704391e-03
5.445213e+02 1.572809e-03 1.515901e-03 1.515900e-03 1.686626e-03
5.445483e+02 1.550691e-03 1.491360e-03 1.491359e-03 1.669354e-03
5.445754e+02 1.529551e-03 1.468042e-03 1.468041e-03 1.652571e-03
5.446024e+02 1.509379e-03 1.445934e-03 1.445935e-03 1.636267e-03
5.446295e+02 1.490158e-03 1.425020e-03 1.425021e-03 1.620434e-03
5.446565e+02 1.471870e-03 1.405275e-03 1.405276e-03 1.605059e-03
5.446836e+02 1.454490e-03 1.386669e-03 1.386671e-03 1.590130e-03
5.447106e+02 1.437992e-03 1.369170e-03 1.369171e-03 1.575634e-03
5.447377e+02 1.422344e-03 1.352736e-03 1.352739e-03 1.561555e-03
5.447647e+02 1.407513e-03 1.337328e-03 1.337330e-03 1.547880e-03
5.447918e+02 1.393464e-03 1.322897e-03 1.322900e-03 1.534593e-03
5.448188e+02 1.380158e-03 1.309396e-03 1.309400e-03 1.521678e-03
5.448459e+02 1.367557e-03 1.296773e-03 1.296777e-03 1.509120e-03
5.448729e+02 1.355619e-03 1.284974e-03 1.284978e-03 1.496904e-03
5.449000e+02 1.344303e-03 1.273944e-03 1.273949e-03 1.485014e-03
5.449270e+02 1.333566e-03 1.263628e-03 1.263633e-03 1.473437e-03
5.449541e+02 1.323366e-03 1.253968e-03 1.253974e-03 1.462158e-03
5.449811e+02 1.313661e-03 1.244908e-03 1.244914e-03 1.451162e-03
5.450082e+02 1.304409e-03 1.236391e-03 1.236397e-03 1.440438e-03
5.450352e+02 1.295567e-03 1.228361e-03 1.228367e-03 1.429972e-03
5.450623e+02 1.287094e-03 1.220762e-03 1.220768e-03 1.419754e-03
5.450893e+02 1.278952e-03 1.213540e-03 1.213546e-03 1.409770e-03
5.451164e+02 1.271101e-03 1.206642e-03 1.206649e-03 1.400013e-03
5.451434e+02 1.263505e-03 1.200018e-03 1.200026e-03 1.390470e-03
5.451705e+02 1.256127e-03 1.193619e-03 1.193627e-03 1.381134e-03
5.451975e+02 1.248933e-03 1.187398e-03 1.187406e-03 1.371996e-03
5.452246e+02 1.241892e-03 1.181311e-03 1.181319e-03 1.363047e-03
5.452516e+02 1.234973e-03 1.175315e-03 1.175323e-03 1.354281e-03
5.452787e+02 1.228148e-03 1.169372e-03 1.169380e-03 1.345691e-03
5.453057e+02 1.221390e-03 1.163446e-03 1.163454e-03 1.337271e-03
5.453328e+02 1.214676e-03 1.157502e-03 1.157511e-03 1.329014e-03
5.453598e+02 1.207983e-03 1.151511e-03 1.151520e-03 1.320917e-03
5.453869e+02 1.201291e-03 1.145445e-03 1.145454e-03 1.312973e-03
5.454139e+02 1.194582e-03 1.139279e-03 1.139288e-03 1.305180e-03
5.454410e+02 1.187841e-03 1.132992e-03 1.133001e-03 1.297532e-03
5.454680e+02 1.181055e-03 1.126564e-03 1.126574e-03 1.290026e-03
5.454951e+02 1.174211e-03 1.119981e-03 1.119991e-03 1.282660e-03
5.455221e+02 1.167300e-03 1.113230e-03 1.113239e-03 1.275431e-03
5.455492e+02 1.160314e-03 1.106299e-03 1.106308e-03 1.268335e-03
5.455762e+02 1.153248e-03 1.099182e-03 1.099191e-03 1.261372e-03
5.456033e+02 1.146099e-03 1.091874e-03 1.091883e-03 1.254539e-03
5.456303e+02 1.138863e-03 1.084373e-03 1.084382e-03 1.247834e-03
5.456574e+02 1.131541e-03 1.076678e-03 1.076687e-03 1.241258e-03
5.456844e+02 1.124134e-03 1.068793e-03 1.068801e-03 1.234809e-03
5.457115e+02 1.116645e-03 1.060721e-03 1.060729e-03 1.228486e-03
5.457385e+02 1.109079e-03 1.052469e-03 1.052477e-03 1.222290e-03
5.457656e+02 1.101440e-03 1.044045e-03 1.044054e-03 1.216220e-03
5.457926e+02 1.093736e-03 1.035460e-03 1.035469e-03 1.210278e-03
5.458197e+02 1.085974e-03 1.026726e-03 1.026734e-03 1.204464e-03
5.458467e+02 1.078165e-03 1.017854e-03 1.017862e-03 1.198779e-03
5.458738e+02 1.070318e-03 1.008861e-03 1.008869e-03 1.193226e-03
5.459008e+02 1.062445e-03 9.997604e-04 9.997681e-04 1.187805e-03
5.459279e+02 1.054556e-03 9.905699e-04 9.905773e-04 1.182520e-03
5.459549e+02 1.046664e-03 9.813066e-04 9.813138e-04 1.177373e-03
5.459820e+02 1.038784e-03 9.719886e-04 9.719955e-04 1.172367e-03
5.460090e+02 1.030927e-03 9.626346e-04 9.626413e-04 1.167506e-03
5.460361e+02 1.023109e-03 9.532638e-04 9.532702e-04 1.162793e-03
5.460631e+02 1.015344e-03 9.438956e-04 9.439017e-04 1.158233e-03
5.460902e+02 1.007645e-03 9.345496e-04 9.345555e-04 1.153831e-03
5.461172e+02 1.000029e-03 9.252456e-04 9.252512e-04 1.149590e-03
5.461443e+02 9.925098e-04 9.160033e-04 9.160087e-04 1.145518e-03
5.461713e+02 9.851025e-04 9.068422e-04 9.068473e-04 1.141618e-03
5.461984e+02 9.778221e-04 8.977817e-04 8.977865e-04 1.137898e-03
5.462254e+02 9.706834e-04 8.888407e-04 8.888453e-04 1.134364e-03
5.462525e+02 9.637010e-04 8.800378e-04 8.800421e-04 1.131023e-03
5.462795e+02 9.568894e-04 8.713910e-04 8.713951e-04 1.127882e-03
5.463066e+02 9.502627e-04 8.629179e-04 8.629216e-04 1.124949e-03
5.463336e+02 9.438349e-04 8.546351e-04 8.546386e-04 1.122231e-03
5.463607e+02 9.376193e-04 8.465590e-04 8.465622e-04 1.119737e-03
5.463877e+02 9.316292e-04 8.387048e-04 8.387078e-04 1.117475e-03
5.464148e+02 9.258773e-04 8.310870e-04 8.310898e-04 1.115455e-03
5.464418e+02 9.203757e-04 8.237195e-04 8.237220e-04 1.113686e-03
5.464689e+02 9.151361e-04 8.166149e-04 8.166172e-04 1.112176e-03
5.464959e+02 9.101699e-04 8.097852e-04 8.097873e-04 1.110937e-03
5.465230e+02 9.054878e-04 8.032414e-04 8.032432e-04 1.109979e-03
5.465500e+02 9.010997e-04 7.969934e-04 7.969950e-04 1.109311e-03
5.465771e+02 8.970155e-04 7.910501e-04 7.910515e-04 1.108945e-03
5.466041e+02 8.932439e-04 7.854197e-04 7.854209e-04 1.108891e-03
5.466312e+02 8.897936e-04 7.801091e-04 7.801100e-04 1.109162e-03
5.466582e+02 8.866722e-04 7.751242e-04 7.751250e-04 1.109767e-03
5.466853e+02 8.838871e-04 7.704702e-04 7.704709e-04 1.110720e-03
5.467123e+02 8.814448e-04 7.661511e-04 7.661515e-04 1.112032e-03
5.467394e+02 8.793513e-04 7.621698e-04 7.621701e-04 1.113714e-03
5.467664e+02 8.776122e-04 7.585285e-04 7.585286e-04 1.115780e-03
5.467935e+02 8.762321e-04 7.552282e-04 7.552281e-04 1.118240e-03
5.468205e+02 8.752154e-04 7.522692e-04 7.522690e-04 1.121108e-03
5.468476e+02 8.745656e-04 7.496508e-04 7.496504e-04 1.124396e-03
5.468746e+02 8.742858e-04 7.473713e-04 7.473708e-04 1.128115e-03
5.469017e+02 8.743784e-04 7.454284e-04 7.454278e-04 1.132279e-03
5.469287e+02 8.748452e-04 7.438188e-04 7.438181e-04 1.136899e-03
5.469558e+02 8.756877e-04 7.425386e-04 7.425377e-04 1.141987e-03
5.469828e+02 8.769064e-04 7.415829e-04 7.415818e-04 1.147555e-03
5.470099e+02 8.785016e-04 7.409463e-04 7.409451e-04 1.153613e-03
5.470369e+02 8.804730e-04 7.406227e-04 7.406214e-04 1.160175e-03
5.470640e+02 8.828196e-04 7.406055e-04 7.406041e-04 1.167249e-03
5.470910e+02 8.855399e-04 7.408873e-04 7.408857e-04 1.174847e-03
5.471181e+02 8.886322e-04 7.414603e-04 7.414587e-04 1.182977e-03
5.471451e+02 8.920938e-04 7.423164e-04 7.423147e-04 1.191650e-03
5.471722e+02 8.959220e-04 7.434469e-04 7.434450e-04 1.200874e-03
5.471992e+02 9.001132e-04 7.448427e-04 7.448408e-04 1.210656e-03
5.472263e+02 9.046636e-04 7.464946e-04 7.464925e-04 1.221004e-03
5.472533e+02 9.095688e-04 7.483930e-04 7.483908e-04 1.231923e-03
5.472804e+02 9.148241e-04 7.505281e-04 7.505259e-04 1.243418e-03
5.473074e+02 9.204242e-04 7.528901e-04 7.528878e-04 1.255495e-03
5.473345e+02 9.263633e-04 7.554689e-04 7.554665e-04 1.268155e-03
5.473615e+02 9.326354e-04 7.582545e-04 7.582520e-04 1.281400e-03
5.473886e+02 9.392339e-04 7.612369e-04 7.612343e-04 1.295231e-03
5.474156e+02 9.461519e-04 7.644060e-04 7.644033e-04 1.309646e-03
5.474427e+02 9.533818e-04 7.677519e-04 7.677491e-04 1.324644e-03
5.474697e+02 9.609160e-04 7.712650e-04 7.712621e-04 1.340221e-03
5.474968e+02 9.687460e-04 7.749354e-04 7.749325e-04 1.356370e-03
5.475238e+02 9.768632e-04 7.787540e-04 7.787510e-04 1.373085e-03
5.475509e+02 9.852585e-04 7.827114e-04 7.827083e-04 1.390356e-03
5.475779e+02 9.939223e-04 7.867987e-04 7.867955e-04 1.408173e-03
5.476050e+02 1.002844e-03 7.910073e-04 7.910041e-04 1.426522e-03
5.476320e+02 1.012014e-03 7.953288e-04 7.953254e-04 1.445389e-03
5.476591e+02 1.021421e-03 7.997550e-04 7.997515e-04 1.464758e-03
5.476861e+02 1.031054e-03 8.042781e-04 8.042746e-04 1.484608e-03
5.477132e+02 1.040899e-03 8.088906e-04 8.088870e-04 1.504920e-03
5.477402e+02 1.050945e-03 8.135853e-04 8.135816e-04 1.525669e-03
5.477673e+02 1.061179e-03 8.183551e-04 8.183514e-04 1.546831e-03
5.477943e+02 1.071587e-03 8.231935e-04 8.231896e-04 1.568377e-03
5.478214e+02 1.082154e-03 8.280938e-04 8.280899e-04 1.590279e-03
5.478484e+02 1.092866e-03 8.330499e-04 8.330459e-04 1.612503e-03
5.478755e+02 1.103708e-03 8.380556e-04 8.380516e-04 1.635016e-03
5.479025e+02 1.114662e-03 8.431051e-04 8.431010e-04 1.657781e-03
5.479296e+02 1.125714e-03 8.481927e-04 8.481886e-04 1.680760e-03
5.479566e+02 1.136844e-03 8.533127e-04 8.533084e-04 1.703911e-03
5.479837e+02 1.148036e-03 8.584594e-04 8.584551e-04 1.727193e-03
5.480107e+02 1.159270e-03 8.636275e-04 8.636231e-04 1.750561e-03
5.480378e+02 1.170529e-03 8.688113e-04 8.688069e-04 1.773968e-03
5.480648e+02 1.181791e-03 8.740053e-04 8.740009e-04 1.797365e-03
5.480919e+02 1.193036e-03 8.792041e-04 8.791996e-04 1.820705e-03
5.481189e+02 1.204244e-03 8.844018e-04 8.843973e-04 1.843933e-03
5.481460e+02 1.215394e-03 8.895928e-04 8.895882e-04 1.867000e-03
5.481730e+02 1.226462e-03 8.947712e-04 8.947665e-04 1.889849e-03
5.482001e+02 1.237428e-03 8.999309e-04 8.999262e-04 1.912426e-03
5.482271e+02 1.248268e-03 9.050658e-04 9.050611e-04 1.934676e-03
5.482542e+02 1.258959e-03 9.101694e-04 9.101646e-04 1.956542e-03
5.482812e+02 1.269477e-03 9.152351e-04 9.152304e-04 1.977966e-03
5.483083e+02 1.279799e-03 9.202562e-04 9.202514e-04 1.998891e-03
5.483353e+02 1.289902e-03 9.252255e-04 9.252207e-04 2.019259e-03
5.483624e+02 1.299760e-03 9.301356e-04 9.301308e-04 2.039012e-03
5.483894e+02 1.309349e-03 9.349791e-04 9.349743e-04 2.058094e-03
5.484165e+02 1.318646e-03 9.397480e-04 9.397432e-04 2.076446e-03
5.484435e+02 1.327625e-03 9.444341e-04 9.444293e-04 2.094012e-03
5.484706e+02 1.336263e-03 9.490289e-04 9.490241e-04 2.110736e-03
5.484976e+02 1.344535e-03 9.535235e-04 9.535187e-04 2.126564e-03
5.485247e+02 1.352418e-03 9.579089e-04 9.579041e-04 2.141442e-03
5.485517e+02 1.359887e-03 9.621754e-04 9.621706e-04 2.155316e-03
5.485788e+02 1.366920e-03 9.663131e-04 9.663084e-04 2.168137e-03
5.486058e+02 1.373491e-03 9.703117e-04 9.703070e-04 2.179855e-03
5.486329e+02 1.379579e-03 9.741605e-04 9.741558e-04 2.190422e-03
5.486599e+02 1.385161e-03 9.778481e-04 9.778435e-04 2.199792e-03
5.486870e+02 1.390215e-03 9.813630e-04 9.813584e-04 2.207923e-03
5.487140e+02 1.394718e-03 9.846930e-04 9.846885e-04 2.214773e-03
5.487411e+02 1.398650e-03 9.878253e-04 9.878208e-04 2.220303e-03
5.487681e+02 1.401989e-03 9.907468e-04 9.907424e-04 2.224476e-03
5.487952e+02 1.404714e-03 9.934436e-04 9.934393e-04 2.227260e-03
5.488222e+02 1.406807e-03 9.959015e-04 9.958972e-04 2.228623e-03
5.488493e+02 1.408248e-03 9.981054e-04 9.981012e-04 2.228536e-03
5.488763e+02 1.409017e-03 1.000040e-03 1.000036e-03 2.226975e-03
5.489034e+02 1.409097e-03 1.001689e-03 1.001685e-03 2.223918e-03
5.489304e+02 1.408471e-03 1.003035e-03 1.003031e-03 2.219345e-03
5.489575e+02 1.407121e-03 1.004062e-03 1.004059e-03 2.213242e-03
5.489845e+02 1.405032e-03 1.004752e-03 1.004749e-03 2.205594e-03
5.490116e+02 1.402188e-03 1.005086e-03 1.005083e-03 2.196394e-03
5.490386e+02 1.398575e-03 1.005046e-03 1.005043e-03 2.185636e-03
5.490657e+02 1.394180e-03 1.004613e-03 1.004609e-03 2.173318e-03
5.490927e+02 1.388990e-03 1.003766e-03 1.003763e-03 2.159441e-03
5.491198e+02 1.382994e-03 1.002487e-03 1.002484e-03 2.144012e-03
5.491468e+02 1.376182e-03 1.000756e-03 1.000753e-03 2.127038e-03
5.491739e+02 1.368545e-03 9.985529e-04 9.985500e-04 2.108533e-03
5.492009e+02 1.360076e-03 9.958582e-04 9.958555e-04 2.088514e-03
5.492280e+02 1.350768e-03 9.926526e-04 9.926500e-04 2.067000e-03
5.492550e+02 1.340616e-03 9.889173e-04 9.889148e-04 2.044017e-03
5.492821e+02 1.329619e-03 9.846338e-04 9.846315e-04 2.019592e-03
5.493091e+02 1.317775e-03 9.797848e-04 9.797826e-04 1.993758e-03
5.493362e+02 1.305085e-03 9.743537e-04 9.743516e-04 1.966549e-03
5.493632e+02 1.291552e-03 9.683249e-04 9.683229e-04 1.938007e-03
5.493903e+02 1.277180e-03 9.616845e-04 9.616826e-04 1.908174e-03
5.494173e+02 1.261978e-03 9.544197e-04 9.544181e-04 1.877098e-03
5.494444e+02 1.245955e-03 9.465199e-04 9.465184e-04 1.844828e-03
5.494714e+02 1.229123e-03 9.379760e-04 9.379746e-04 1.811420e-03
5.494985e+02 1.211497e-03 9.287810e-04 9.287798e-04 1.776930e-03
5.495255e+02 1.193093e-03 9.189304e-04 9.189293e-04 1.741419e-03
5.495526e+02 1.173931e-03 9.084218e-04 9.084209e-04 1.704951e-03
5.495796e+02 1.154035e-03 8.972557e-04 8.972548e-04 1.667593e-03
5.496067e+02 1.133427e-03 8.854348e-04 8.854341e-04 1.629414e-03
5.496337e+02 1.112138e-03 8.729650e-04 8.729644e-04 1.590484e-03
5.496608e+02 1.090196e-03 8.598548e-04 8.598544e-04 1.550880e-03
5.496878e+02 1.067635e-03 8.461158e-04 8.461155e-04 1.510675e-03
5.497149e+02 1.044491e-03 8.317625e-04 8.317623e-04 1.469947e-03
5.497419e+02 1.020800e-03 8.168123e-04 8.168122e-04 1.428775e-03
5.497690e+02 9.966036e-04 8.012856e-04 8.012856e-04 1.387239e-03
5.497960e+02 9.719439e-04 7.852058e-04 7.852060e-04 1.345420e-03
5.498231e+02 9.468654e-04 7.685991e-04 7.685994e-04 1.303398e-03
5.498501e+02 9.214142e-04 7.514944e-04 7.514947e-04 1.261254e-03
