-5.013189999999999813e+00 0.000000000000000000e+00
-4.985644999999999882e+00 0.000000000000000000e+00
-4.958099999999999952e+00 0.000000000000000000e+00
-4.930555000000000021e+00 0.000000000000000000e+00
-4.903010000000000090e+00 0.000000000000000000e+00
-4.875465000000000160e+00 0.000000000000000000e+00
-4.847920000000000229e+00 0.000000000000000000e+00
-4.820375000000000298e+00 0.000000000000000000e+00
-4.792830000000000368e+00 0.000000000000000000e+00
-4.765285000000000437e+00 0.000000000000000000e+00
-4.737739999999999618e+00 0.000000000000000000e+00
-4.710194999999999688e+00 0.000000000000000000e+00
-4.682649999999999757e+00 0.000000000000000000e+00
-4.655104999999999826e+00 0.000000000000000000e+00
-4.627559999999999896e+00 0.000000000000000000e+00
-4.600014999999999965e+00 0.000000000000000000e+00
-4.572470000000000034e+00 0.000000000000000000e+00
-4.544925000000000104e+00 0.000000000000000000e+00
-4.517380000000000173e+00 0.000000000000000000e+00
-4.489835000000000242e+00 0.000000000000000000e+00
-4.462290000000000312e+00 0.000000000000000000e+00
-4.434745000000000381e+00 0.000000000000000000e+00
-4.407199999999999562e+00 0.000000000000000000e+00
-4.379654999999999632e+00 0.000000000000000000e+00
-4.352109999999999701e+00 0.000000000000000000e+00
-4.324564999999999770e+00 0.000000000000000000e+00
-4.297019999999999840e+00 0.000000000000000000e+00
-4.269474999999999909e+00 0.000000000000000000e+00
-4.241929999999999978e+00 0.000000000000000000e+00
-4.214385000000000048e+00 0.000000000000000000e+00
-4.186840000000000117e+00 0.000000000000000000e+00
-4.159295000000000186e+00 0.000000000000000000e+00
-4.131750000000000256e+00 0.000000000000000000e+00
-4.104205000000000325e+00 0.000000000000000000e+00
-4.076660000000000394e+00 0.000000000000000000e+00
-4.049114999999999576e+00 0.000000000000000000e+00
-4.021569999999999645e+00 0.000000000000000000e+00
-3.994025000000000158e+00 0.000000000000000000e+00
-3.966479999999999784e+00 0.000000000000000000e+00
-3.938934999999999853e+00 0.000000000000000000e+00
-3.911389999999999922e+00 0.000000000000000000e+00
-3.883844999999999992e+00 0.000000000000000000e+00
-3.856300000000000061e+00 0.000000000000000000e+00
-3.828755000000000130e+00 0.000000000000000000e+00
-3.801210000000000200e+00 0.000000000000000000e+00
-3.773664999999999825e+00 0.000000000000000000e+00
-3.746119999999999894e+00 0.000000000000000000e+00
-3.718574999999999964e+00 0.000000000000000000e+00
-3.691030000000000033e+00 0.000000000000000000e+00
-3.663485000000000102e+00 0.000000000000000000e+00
-3.635940000000000172e+00 0.000000000000000000e+00
-3.608394999999999797e+00 0.000000000000000000e+00
-3.580849999999999866e+00 0.000000000000000000e+00
-3.553304999999999936e+00 0.000000000000000000e+00
-3.525760000000000005e+00 0.000000000000000000e+00
-3.498215000000000074e+00 0.000000000000000000e+00
-3.470670000000000144e+00 0.000000000000000000e+00
-3.443125000000000213e+00 0.000000000000000000e+00
-3.415579999999999838e+00 0.000000000000000000e+00
-3.388034999999999908e+00 0.000000000000000000e+00
-3.360489999999999977e+00 0.000000000000000000e+00
-3.332945000000000046e+00 0.000000000000000000e+00
-3.305400000000000116e+00 0.000000000000000000e+00
-3.277855000000000185e+00 0.000000000000000000e+00
-3.250309999999999810e+00 0.000000000000000000e+00
-3.222764999999999880e+00 0.000000000000000000e+00
-3.195219999999999949e+00 0.000000000000000000e+00
-3.167675000000000018e+00 0.000000000000000000e+00
-3.140130000000000088e+00 0.000000000000000000e+00
-3.112585000000000157e+00 0.000000000000000000e+00
-3.085039999999999782e+00 0.000000000000000000e+00
-3.057494999999999852e+00 0.000000000000000000e+00
-3.029949999999999921e+00 5.316374000000000361e-09
-3.002404999999999990e+00 7.847269000000000439e-09
-2.974860000000000060e+00 1.164938999999999920e-08
-2.947315000000000129e+00 1.634426000000000080e-08
-2.919770000000000199e+00 2.287256000000000110e-08
-2.892224999999999824e+00 3.179870999999999927e-08
-2.864679999999999893e+00 4.384893000000000194e-08
-2.837134999999999962e+00 6.015591000000000387e-08
-2.809590000000000032e+00 8.246782000000000319e-08
-2.782045000000000101e+00 1.125322999999999945e-07
-2.754500000000000171e+00 1.529087999999999987e-07
-2.726954999999999796e+00 2.072203000000000017e-07
-2.699409999999999865e+00 2.798252999999999825e-07
-2.671864999999999934e+00 3.767465999999999836e-07
-2.644320000000000004e+00 5.055710999999999603e-07
-2.616775000000000073e+00 6.763775999999999487e-07
-2.589230000000000143e+00 9.021460000000000104e-07
-2.561685000000000212e+00 1.199635000000000035e-06
-2.534139999999999837e+00 1.590389999999999989e-06
-2.506594999999999906e+00 2.102038999999999967e-06
-2.479049999999999976e+00 2.769932999999999793e-06
-2.451505000000000045e+00 3.638996000000000116e-06
-2.423960000000000115e+00 4.766295000000000078e-06
-2.396415000000000184e+00 6.224005000000000390e-06
-2.368869999999999809e+00 8.103020999999999274e-06
-2.341324999999999878e+00 1.051753999999999993e-05
-2.313779999999999948e+00 1.361037000000000061e-05
-2.286235000000000017e+00 1.755961999999999841e-05
-2.258690000000000087e+00 2.258655999999999877e-05
-2.231145000000000156e+00 2.896508000000000017e-05
-2.203599999999999781e+00 3.703310000000000293e-05
-2.176054999999999851e+00 4.720581000000000196e-05
-2.148509999999999920e+00 5.999173999999999967e-05
-2.120964999999999989e+00 7.601130999999999578e-05
-2.093420000000000059e+00 9.601870999999999670e-05
-2.065875000000000128e+00 1.209274000000000037e-04
-2.038330000000000197e+00 1.518395000000000020e-04
-2.010784999999999823e+00 1.900801000000000031e-04
-1.983239999999999892e+00 2.372358000000000030e-04
-1.955694999999999961e+00 2.951995999999999917e-04
-1.928150000000000031e+00 3.662213000000000100e-04
-1.900605000000000100e+00 4.529642999999999755e-04
-1.873059999999999947e+00 5.585692000000000391e-04
-1.845515000000000017e+00 6.867251999999999688e-04
-1.817970000000000086e+00 8.417483000000000127e-04
-1.790424999999999933e+00 1.028667999999999944e-03
-1.762880000000000003e+00 1.253318999999999918e-03
-1.735335000000000072e+00 1.522446999999999906e-03
-1.707789999999999919e+00 1.843814999999999951e-03
-1.680244999999999989e+00 2.226316999999999793e-03
-1.652700000000000058e+00 2.680103999999999993e-03
-1.625154999999999905e+00 3.216707999999999981e-03
-1.597609999999999975e+00 3.849172000000000097e-03
-1.570065000000000044e+00 4.592180999999999867e-03
-1.542519999999999891e+00 5.462192999999999736e-03
-1.514974999999999961e+00 6.477565000000000232e-03
-1.487430000000000030e+00 7.658675000000000205e-03
-1.459885000000000099e+00 9.028031000000000597e-03
-1.432339999999999947e+00 1.061036999999999918e-02
-1.404795000000000016e+00 1.243271999999999954e-02
-1.377250000000000085e+00 1.452447999999999934e-02
-1.349704999999999933e+00 1.691743000000000066e-02
-1.322160000000000002e+00 1.964571000000000026e-02
-1.294615000000000071e+00 2.274581999999999993e-02
-1.267069999999999919e+00 2.625645000000000062e-02
-1.239524999999999988e+00 3.021841999999999931e-02
-1.211980000000000057e+00 3.467444000000000082e-02
-1.184434999999999905e+00 3.966883000000000215e-02
-1.156889999999999974e+00 4.524728000000000083e-02
-1.129345000000000043e+00 5.145637000000000127e-02
-1.101799999999999891e+00 5.834316999999999975e-02
-1.074254999999999960e+00 6.595473000000000308e-02
-1.046710000000000029e+00 7.433742000000000127e-02
-1.019165000000000099e+00 8.353631999999999724e-02
-9.916199999999999459e-01 9.359452000000000049e-02
-9.640750000000000153e-01 1.045523000000000008e-01
-9.365299999999999736e-01 1.164460999999999968e-01
-9.089850000000000430e-01 1.293082999999999871e-01
-8.814400000000000013e-01 1.431655000000000011e-01
-8.538949999999999596e-01 1.580380999999999869e-01
-8.263500000000000290e-01 1.739391999999999883e-01
-7.988049999999999873e-01 1.908739999999999881e-01
-7.712599999999999456e-01 2.088385000000000102e-01
-7.437150000000000150e-01 2.278190999999999966e-01
-7.161699999999999733e-01 2.477914999999999979e-01
-6.886250000000000426e-01 2.687205999999999761e-01
-6.610800000000000010e-01 2.905593000000000203e-01
-6.335349999999999593e-01 3.132487999999999939e-01
-6.059900000000000286e-01 3.367180000000000173e-01
-5.784449999999999870e-01 3.608833000000000180e-01
-5.508999999999999453e-01 3.856493999999999756e-01
-5.233550000000000146e-01 4.109088000000000185e-01
-4.958099999999999730e-01 4.365429000000000115e-01
-4.682649999999999868e-01 4.624226000000000170e-01
-4.407200000000000006e-01 4.884088999999999792e-01
-4.131750000000000145e-01 5.143548000000000009e-01
-3.856299999999999728e-01 5.401057000000000219e-01
-3.580849999999999866e-01 5.655014999999999903e-01
-3.305400000000000005e-01 5.903781999999999641e-01
-3.029950000000000143e-01 6.145694000000000434e-01
-2.754499999999999726e-01 6.379084999999999894e-01
-2.479049999999999865e-01 6.602306000000000008e-01
-2.203600000000000003e-01 6.813744000000000467e-01
-1.928149999999999864e-01 7.011842000000000352e-01
-1.652700000000000002e-01 7.195120000000000404e-01
-1.377249999999999863e-01 7.362197000000000324e-01
-1.101800000000000002e-01 7.511803999999999704e-01
-8.263500000000000012e-02 7.642805000000000293e-01
-5.509000000000000008e-02 7.754208999999999685e-01
-2.754500000000000004e-02 7.845189000000000190e-01
0.000000000000000000e+00 7.915086999999999540e-01
2.754500000000000004e-02 7.963428000000000173e-01
5.509000000000000008e-02 7.989920999999999829e-01
8.263500000000000012e-02 7.994468000000000130e-01
1.101800000000000002e-01 7.977161000000000390e-01
1.377249999999999863e-01 7.938279000000000307e-01
1.652700000000000002e-01 7.878289000000000541e-01
1.928149999999999864e-01 7.797830999999999513e-01
2.203600000000000003e-01 7.697715000000000529e-01
2.479049999999999865e-01 7.578903999999999641e-01
2.754499999999999726e-01 7.442501000000000255e-01
3.029950000000000143e-01 7.289736999999999467e-01
3.305400000000000005e-01 7.121948000000000167e-01
3.580849999999999866e-01 6.940560000000000063e-01
3.856299999999999728e-01 6.747071000000000041e-01
4.131750000000000145e-01 6.543029999999999680e-01
4.407200000000000006e-01 6.330017000000000005e-01
4.682649999999999868e-01 6.109626000000000223e-01
4.958099999999999730e-01 5.883445999999999954e-01
5.233550000000000146e-01 5.653042999999999818e-01
5.508999999999999453e-01 5.419943999999999873e-01
5.784449999999999870e-01 5.185621000000000258e-01
6.059900000000000286e-01 4.951481999999999828e-01
6.335349999999999593e-01 4.718854000000000104e-01
6.610800000000000010e-01 4.488972999999999991e-01
6.886250000000000426e-01 4.262983000000000189e-01
7.161699999999999733e-01 4.041920999999999986e-01
7.437150000000000150e-01 3.826718000000000064e-01
7.712599999999999456e-01 3.618195000000000161e-01
7.988049999999999873e-01 3.417062000000000155e-01
8.263500000000000290e-01 3.223919000000000090e-01
8.538949999999999596e-01 3.039256000000000180e-01
8.814400000000000013e-01 2.863459999999999894e-01
9.089850000000000430e-01 2.696814000000000155e-01
9.365299999999999736e-01 2.539509999999999823e-01
9.640750000000000153e-01 2.391648000000000107e-01
9.916199999999999459e-01 2.253245000000000109e-01
1.019165000000000099e+00 2.124244000000000132e-01
1.046710000000000029e+00 2.004518000000000133e-01
1.074254999999999960e+00 1.893882000000000065e-01
1.101799999999999891e+00 1.792094999999999938e-01
1.129345000000000043e+00 1.698871999999999882e-01
1.156889999999999974e+00 1.613887999999999989e-01
1.184434999999999905e+00 1.536788000000000043e-01
1.211980000000000057e+00 1.467188000000000103e-01
1.239524999999999988e+00 1.404688000000000048e-01
1.267069999999999919e+00 1.348872999999999878e-01
1.294615000000000071e+00 1.299318999999999891e-01
1.322160000000000002e+00 1.255596999999999963e-01
1.349704999999999933e+00 1.217279000000000000e-01
1.377250000000000085e+00 1.183939999999999992e-01
1.404795000000000016e+00 1.155161999999999994e-01
1.432339999999999947e+00 1.130536000000000041e-01
1.459885000000000099e+00 1.109665999999999986e-01
1.487430000000000030e+00 1.092166999999999999e-01
1.514974999999999961e+00 1.077671000000000046e-01
1.542519999999999891e+00 1.065827000000000024e-01
1.570065000000000044e+00 1.056301000000000045e-01
1.597609999999999975e+00 1.048777000000000043e-01
1.625154999999999905e+00 1.042957999999999941e-01
1.652700000000000058e+00 1.038566999999999962e-01
1.680244999999999989e+00 1.035343999999999987e-01
1.707789999999999919e+00 1.033050999999999969e-01
1.735335000000000072e+00 1.031468999999999997e-01
1.762880000000000003e+00 1.030396999999999980e-01
1.790424999999999933e+00 1.029652999999999957e-01
1.817970000000000086e+00 1.029072999999999932e-01
1.845515000000000017e+00 1.028513000000000066e-01
1.873059999999999947e+00 1.027842000000000061e-01
1.900605000000000100e+00 1.026949999999999946e-01
1.928150000000000031e+00 1.025741000000000014e-01
1.955694999999999961e+00 1.024132999999999988e-01
1.983239999999999892e+00 1.022060000000000052e-01
2.010784999999999823e+00 1.019468000000000041e-01
2.038330000000000197e+00 1.016317000000000054e-01
2.065875000000000128e+00 1.012577000000000060e-01
2.093420000000000059e+00 1.008230999999999988e-01
2.120964999999999989e+00 1.003267999999999938e-01
2.148509999999999920e+00 9.976897999999999322e-02
2.176054999999999851e+00 9.915026000000000395e-02
2.203599999999999781e+00 9.847211999999999632e-02
2.231145000000000156e+00 9.773656000000000010e-02
2.258690000000000087e+00 9.694608999999999865e-02
2.286235000000000017e+00 9.610359999999999736e-02
2.313779999999999948e+00 9.521232000000000306e-02
2.341324999999999878e+00 9.427570000000000394e-02
2.368869999999999809e+00 9.329737999999999920e-02
2.396415000000000184e+00 9.228107000000000670e-02
2.423960000000000115e+00 9.123054999999999359e-02
2.451505000000000045e+00 9.014954000000000023e-02
2.479049999999999976e+00 8.904172999999999949e-02
2.506594999999999906e+00 8.791068999999999967e-02
2.534139999999999837e+00 8.675987000000000282e-02
2.561685000000000212e+00 8.559253000000000000e-02
2.589230000000000143e+00 8.441176000000000235e-02
2.616775000000000073e+00 8.322045000000000137e-02
2.644320000000000004e+00 8.202130000000000531e-02
2.671864999999999934e+00 8.081676999999999611e-02
2.699409999999999865e+00 7.960913999999999491e-02
2.726954999999999796e+00 7.840047999999999462e-02
2.754500000000000171e+00 7.719268999999999437e-02
2.782045000000000101e+00 7.598746000000000667e-02
2.809590000000000032e+00 7.478635000000000144e-02
2.837134999999999962e+00 7.359074999999999644e-02
2.864679999999999893e+00 7.240195000000000658e-02
2.892224999999999824e+00 7.122109999999999552e-02
2.919770000000000199e+00 7.004928000000000543e-02
2.947315000000000129e+00 6.888750000000000429e-02
2.974860000000000060e+00 6.773669000000000218e-02
3.002404999999999990e+00 6.659774000000000249e-02
3.029949999999999921e+00 6.547153999999999474e-02
3.057494999999999852e+00 6.435892999999999475e-02
3.085039999999999782e+00 6.326075000000000448e-02
3.112585000000000157e+00 6.217784999999999979e-02
3.140130000000000088e+00 6.111106000000000177e-02
3.167675000000000018e+00 6.006124000000000185e-02
3.195219999999999949e+00 5.902926000000000006e-02
3.222764999999999880e+00 5.801597000000000004e-02
3.250309999999999810e+00 5.702226999999999990e-02
3.277855000000000185e+00 5.604901000000000327e-02
3.305400000000000116e+00 5.509709000000000134e-02
3.332945000000000046e+00 5.416736999999999941e-02
3.360489999999999977e+00 5.326068999999999942e-02
3.388034999999999908e+00 5.237789000000000333e-02
3.415579999999999838e+00 5.151975999999999778e-02
3.443125000000000213e+00 5.068704999999999739e-02
3.470670000000000144e+00 4.988047999999999788e-02
3.498215000000000074e+00 4.910069000000000239e-02
3.525760000000000005e+00 4.834828000000000042e-02
3.553304999999999936e+00 4.762374999999999942e-02
3.580849999999999866e+00 4.692753999999999676e-02
3.608394999999999797e+00 4.626000999999999724e-02
3.635940000000000172e+00 4.562142999999999754e-02
3.663485000000000102e+00 4.501196999999999837e-02
3.691030000000000033e+00 4.443169999999999759e-02
3.718574999999999964e+00 4.388062999999999686e-02
3.746119999999999894e+00 4.335863000000000217e-02
3.773664999999999825e+00 4.286550000000000082e-02
3.801210000000000200e+00 4.240093000000000334e-02
3.828755000000000130e+00 4.196454000000000156e-02
3.856300000000000061e+00 4.155583999999999667e-02
3.883844999999999992e+00 4.117425999999999725e-02
3.911389999999999922e+00 4.081916000000000017e-02
3.938934999999999853e+00 4.048982000000000275e-02
3.966479999999999784e+00 4.018545999999999924e-02
3.994025000000000158e+00 3.990522999999999987e-02
4.021569999999999645e+00 3.964824000000000126e-02
4.049114999999999576e+00 3.941353999999999691e-02
4.076660000000000394e+00 3.920015999999999778e-02
4.104205000000000325e+00 3.900707999999999953e-02
4.131750000000000256e+00 3.883327999999999780e-02
4.159295000000000186e+00 3.867770999999999709e-02
4.186840000000000117e+00 3.853931000000000023e-02
4.214385000000000048e+00 3.841702000000000311e-02
4.241929999999999978e+00 3.830980999999999970e-02
4.269474999999999909e+00 3.821661999999999976e-02
4.297019999999999840e+00 3.813644000000000062e-02
4.324564999999999770e+00 3.806824999999999792e-02
4.352109999999999701e+00 3.801105999999999929e-02
4.379654999999999632e+00 3.796392999999999990e-02
4.407199999999999562e+00 3.792591000000000018e-02
4.434745000000000381e+00 3.789610999999999674e-02
4.462290000000000312e+00 3.787362999999999841e-02
4.489835000000000242e+00 3.785763000000000322e-02
4.517380000000000173e+00 3.784727999999999704e-02
4.544925000000000104e+00 3.784177999999999847e-02
4.572470000000000034e+00 3.784035000000000176e-02
4.600014999999999965e+00 3.784221000000000112e-02
4.627559999999999896e+00 3.784661999999999749e-02
4.655104999999999826e+00 3.785283999999999871e-02
4.682649999999999757e+00 3.786012999999999878e-02
4.710194999999999688e+00 3.786777000000000198e-02
4.737739999999999618e+00 3.787502999999999703e-02
4.765285000000000437e+00 3.788116999999999873e-02
4.792830000000000368e+00 3.788546000000000274e-02
4.820375000000000298e+00 3.788715000000000138e-02
4.847920000000000229e+00 3.788546999999999748e-02
4.875465000000000160e+00 3.787966999999999723e-02
4.903010000000000090e+00 3.786893999999999677e-02
4.930555000000000021e+00 3.785250999999999894e-02
4.958099999999999952e+00 3.782955999999999819e-02
4.985644999999999882e+00 3.779927999999999760e-02
5.013189999999999813e+00 3.776083999999999691e-02
5.040734999999999744e+00 3.771341000000000276e-02
5.068279999999999674e+00 3.765618999999999911e-02
5.095824999999999605e+00 3.758833999999999786e-02
5.123370000000000424e+00 3.750905999999999685e-02
5.150915000000000354e+00 3.741757999999999890e-02
5.178460000000000285e+00 3.731312999999999991e-02
5.206005000000000216e+00 3.719499999999999890e-02
5.233550000000000146e+00 3.706250999999999990e-02
5.261095000000000077e+00 3.691501999999999978e-02
5.288640000000000008e+00 3.675197999999999660e-02
5.316184999999999938e+00 3.657288000000000205e-02
5.343729999999999869e+00 3.637730000000000130e-02
5.371274999999999800e+00 3.616488999999999815e-02
5.398819999999999730e+00 3.593539999999999929e-02
5.426364999999999661e+00 3.568865999999999705e-02
5.453909999999999592e+00 3.542462999999999862e-02
5.481455000000000410e+00 3.514334000000000208e-02
5.509000000000000341e+00 3.484493999999999786e-02
5.536545000000000272e+00 3.452970999999999818e-02
5.564090000000000202e+00 3.419802000000000258e-02
5.591635000000000133e+00 3.385035000000000127e-02
5.619180000000000064e+00 3.348730999999999930e-02
5.646724999999999994e+00 3.310959000000000124e-02
5.674269999999999925e+00 3.271800999999999876e-02
5.701814999999999856e+00 3.231347999999999859e-02
5.729359999999999786e+00 3.189700000000000174e-02
5.756904999999999717e+00 3.146966999999999820e-02
5.784449999999999648e+00 3.103266000000000011e-02
5.811994999999999578e+00 3.058721999999999830e-02
5.839540000000000397e+00 3.013466000000000061e-02
5.867085000000000328e+00 2.967637000000000053e-02
5.894630000000000258e+00 2.921375999999999834e-02
5.922175000000000189e+00 2.874830000000000094e-02
5.949720000000000120e+00 2.828148999999999941e-02
5.977265000000000050e+00 2.781484999999999860e-02
6.004809999999999981e+00 2.734993999999999967e-02
6.032354999999999912e+00 2.688832999999999848e-02
6.059899999999999842e+00 2.643157000000000145e-02
6.087444999999999773e+00 2.598127000000000075e-02
6.114989999999999704e+00 2.553899999999999920e-02
6.142534999999999634e+00 2.510634000000000129e-02
6.170079999999999565e+00 2.468491000000000088e-02
6.197625000000000384e+00 2.427628000000000077e-02
6.225170000000000314e+00 2.388206000000000009e-02
6.252715000000000245e+00 2.350386999999999962e-02
6.280260000000000176e+00 2.314331000000000027e-02
6.307805000000000106e+00 2.280203999999999911e-02
6.335350000000000037e+00 2.248170000000000029e-02
6.362894999999999968e+00 2.218397000000000077e-02
6.390439999999999898e+00 2.191057999999999895e-02
6.417984999999999829e+00 2.166326000000000015e-02
6.445529999999999760e+00 2.144379000000000077e-02
6.473074999999999690e+00 2.125397000000000050e-02
6.500619999999999621e+00 2.109565000000000051e-02
6.528165000000000440e+00 2.097072000000000172e-02
6.555710000000000370e+00 2.088107000000000157e-02
6.583255000000000301e+00 2.082863000000000075e-02
6.610800000000000232e+00 2.081531999999999827e-02
6.638345000000000162e+00 2.084307000000000173e-02
6.665890000000000093e+00 2.091375999999999999e-02
6.693435000000000024e+00 2.102926000000000101e-02
6.720979999999999954e+00 2.119133000000000128e-02
6.748524999999999885e+00 2.140167000000000111e-02
6.776069999999999816e+00 2.166181000000000009e-02
6.803614999999999746e+00 2.197313999999999864e-02
6.831159999999999677e+00 2.233686000000000005e-02
6.858704999999999607e+00 2.275390000000000051e-02
6.886250000000000426e+00 2.322493999999999947e-02
6.913795000000000357e+00 2.375031999999999838e-02
6.941340000000000288e+00 2.433002999999999902e-02
6.968885000000000218e+00 2.496367000000000030e-02
6.996430000000000149e+00 2.565038999999999861e-02
7.023975000000000080e+00 2.638887999999999998e-02
7.051520000000000010e+00 2.717732000000000134e-02
7.079064999999999941e+00 2.801338000000000092e-02
7.106609999999999872e+00 2.889417999999999848e-02
7.134154999999999802e+00 2.981626999999999889e-02
7.161699999999999733e+00 3.077565000000000162e-02
7.189244999999999663e+00 3.176777000000000073e-02
7.216789999999999594e+00 3.278750999999999888e-02
7.244335000000000413e+00 3.382923999999999654e-02
7.271880000000000344e+00 3.488684000000000229e-02
7.299425000000000274e+00 3.595372000000000151e-02
7.326970000000000205e+00 3.702289999999999748e-02
7.354515000000000136e+00 3.808704999999999730e-02
7.382060000000000066e+00 3.913855000000000112e-02
7.409604999999999997e+00 4.016959999999999975e-02
7.437149999999999928e+00 4.117226999999999693e-02
7.464694999999999858e+00 4.213858999999999660e-02
7.492239999999999789e+00 4.306064999999999893e-02
7.519784999999999719e+00 4.393070000000000308e-02
7.547329999999999650e+00 4.474121999999999821e-02
7.574874999999999581e+00 4.548504999999999909e-02
7.602420000000000400e+00 4.615545000000000064e-02
7.629965000000000330e+00 4.674621999999999805e-02
7.657510000000000261e+00 4.725172999999999873e-02
7.685055000000000192e+00 4.766706999999999889e-02
7.712600000000000122e+00 4.798804000000000264e-02
7.740145000000000053e+00 4.821124999999999716e-02
7.767689999999999984e+00 4.833417999999999742e-02
7.795234999999999914e+00 4.835516000000000120e-02
7.822779999999999845e+00 4.827342999999999912e-02
7.850324999999999775e+00 4.808914000000000244e-02
7.877869999999999706e+00 4.780335000000000140e-02
7.905414999999999637e+00 4.741796999999999679e-02
7.932959999999999567e+00 4.693579999999999974e-02
7.960505000000000386e+00 4.636041999999999941e-02
7.988050000000000317e+00 4.569617000000000123e-02
8.015594999999999359e+00 4.494809999999999778e-02
8.043139999999999290e+00 4.412184000000000245e-02
8.070684999999999221e+00 4.322357999999999756e-02
8.098229999999999151e+00 4.225994999999999752e-02
8.125775000000000858e+00 4.123795000000000238e-02
8.153320000000000789e+00 4.016484000000000026e-02
8.180865000000000720e+00 3.904805000000000081e-02
8.208410000000000650e+00 3.789511999999999742e-02
8.235955000000000581e+00 3.671354999999999758e-02
8.263500000000000512e+00 3.551077999999999874e-02
8.291045000000000442e+00 3.429407000000000288e-02
8.318590000000000373e+00 3.307042999999999788e-02
8.346135000000000304e+00 3.184656999999999766e-02
8.373680000000000234e+00 3.062882999999999925e-02
8.401225000000000165e+00 2.942314999999999861e-02
8.428770000000000095e+00 2.823499000000000148e-02
8.456315000000000026e+00 2.706934000000000076e-02
8.483859999999999957e+00 2.593066999999999941e-02
8.511404999999999887e+00 2.482294000000000167e-02
8.538949999999999818e+00 2.374957999999999930e-02
8.566494999999999749e+00 2.271348999999999937e-02
8.594039999999999679e+00 2.171705999999999984e-02
8.621584999999999610e+00 2.076220999999999969e-02
8.649129999999999541e+00 1.985036999999999913e-02
8.676674999999999471e+00 1.898251000000000105e-02
8.704219999999999402e+00 1.815922999999999843e-02
8.731764999999999333e+00 1.738073000000000048e-02
8.759309999999999263e+00 1.664687999999999932e-02
8.786854999999999194e+00 1.595726000000000089e-02
8.814399999999999125e+00 1.531118000000000062e-02
8.841945000000000832e+00 1.470774000000000040e-02
8.869490000000000762e+00 1.414587999999999957e-02
8.897035000000000693e+00 1.362435000000000035e-02
8.924580000000000624e+00 1.314185000000000006e-02
8.952125000000000554e+00 1.269698000000000007e-02
8.979670000000000485e+00 1.228828000000000038e-02
9.007215000000000416e+00 1.191432000000000081e-02
9.034760000000000346e+00 1.157362999999999968e-02
9.062305000000000277e+00 1.126481000000000010e-02
9.089850000000000207e+00 1.098646999999999992e-02
9.117395000000000138e+00 1.073731999999999985e-02
9.144940000000000069e+00 1.051611000000000039e-02
9.172484999999999999e+00 1.032167999999999974e-02
9.200029999999999930e+00 1.015296000000000080e-02
9.227574999999999861e+00 1.000896000000000077e-02
9.255119999999999791e+00 9.888776999999999637e-03
9.282664999999999722e+00 9.791602999999999418e-03
9.310209999999999653e+00 9.716703000000000146e-03
9.337754999999999583e+00 9.663418000000000008e-03
9.365299999999999514e+00 9.631160999999999195e-03
9.392844999999999445e+00 9.619403000000000328e-03
9.420389999999999375e+00 9.627669999999999631e-03
9.447934999999999306e+00 9.655531000000000183e-03
9.475479999999999237e+00 9.702588999999999311e-03
9.503024999999999167e+00 9.768469999999999584e-03
9.530570000000000874e+00 9.852816000000000352e-03
9.558115000000000805e+00 9.955277999999999697e-03
9.585660000000000736e+00 1.007549999999999939e-02
9.613205000000000666e+00 1.021311999999999914e-02
9.640750000000000597e+00 1.036775000000000023e-02
9.668295000000000528e+00 1.053898999999999982e-02
9.695840000000000458e+00 1.072641000000000046e-02
9.723385000000000389e+00 1.092951999999999986e-02
9.750930000000000319e+00 1.114782999999999920e-02
9.778475000000000250e+00 1.138078000000000006e-02
9.806020000000000181e+00 1.162778000000000075e-02
9.833565000000000111e+00 1.188817999999999993e-02
9.861110000000000042e+00 1.216130999999999983e-02
9.888654999999999973e+00 1.244643999999999959e-02
9.916199999999999903e+00 1.274280000000000031e-02
9.943744999999999834e+00 1.304956999999999992e-02
9.971289999999999765e+00 1.336590999999999994e-02
9.998834999999999695e+00 1.369095000000000034e-02
1.002637999999999963e+01 1.402375999999999970e-02
1.005391999999999975e+01 1.436341000000000007e-02
1.008146999999999949e+01 1.470894000000000021e-02
1.010900999999999961e+01 1.505938000000000068e-02
1.013655999999999935e+01 1.541375000000000037e-02
1.016409999999999947e+01 1.577104000000000006e-02
1.019164999999999921e+01 1.613028000000000031e-02
1.021918999999999933e+01 1.649047999999999833e-02
1.024674000000000085e+01 1.685067000000000162e-02
1.027429000000000059e+01 1.720988000000000032e-02
1.030183000000000071e+01 1.756718000000000168e-02
1.032938000000000045e+01 1.792167000000000066e-02
1.035692000000000057e+01 1.827244999999999911e-02
1.038447000000000031e+01 1.861867999999999856e-02
1.041201000000000043e+01 1.895954999999999863e-02
1.043956000000000017e+01 1.929428999999999866e-02
1.046710000000000029e+01 1.962217000000000128e-02
1.049465000000000003e+01 1.994251000000000010e-02
1.052219000000000015e+01 2.025466000000000072e-02
1.054973999999999990e+01 2.055803999999999965e-02
1.057728000000000002e+01 2.085209999999999841e-02
1.060482000000000014e+01 2.113635999999999987e-02
1.063236999999999988e+01 2.141035999999999981e-02
1.065991000000000000e+01 2.167370999999999881e-02
1.068745999999999974e+01 2.192604999999999901e-02
1.071499999999999986e+01 2.216705999999999885e-02
1.074254999999999960e+01 2.239649000000000154e-02
1.077008999999999972e+01 2.261408999999999989e-02
1.079763999999999946e+01 2.281969000000000011e-02
1.082517999999999958e+01 2.301310999999999982e-02
1.085272999999999932e+01 2.319424999999999959e-02
1.088026999999999944e+01 2.336299999999999835e-02
1.090781999999999918e+01 2.351929999999999993e-02
1.093537000000000070e+01 2.366309999999999941e-02
1.096291000000000082e+01 2.379440000000000027e-02
1.099046000000000056e+01 2.391319000000000083e-02
1.101800000000000068e+01 2.401949999999999918e-02
1.104555000000000042e+01 2.411338000000000023e-02
1.107309000000000054e+01 2.419489000000000015e-02
1.110064000000000028e+01 2.426410999999999846e-02
1.112818000000000040e+01 2.432114000000000151e-02
1.115573000000000015e+01 2.436610000000000165e-02
1.118327000000000027e+01 2.439913000000000151e-02
1.121082000000000001e+01 2.442039999999999836e-02
1.123836000000000013e+01 2.443007999999999985e-02
1.126590999999999987e+01 2.442839000000000121e-02
1.129344999999999999e+01 2.441555000000000114e-02
1.132099000000000011e+01 2.439182999999999976e-02
1.134853999999999985e+01 2.435752000000000056e-02
1.137607999999999997e+01 2.431292999999999996e-02
1.140362999999999971e+01 2.425843000000000096e-02
1.143116999999999983e+01 2.419438000000000144e-02
1.145871999999999957e+01 2.412121000000000057e-02
1.148625999999999969e+01 2.403937999999999908e-02
1.151380999999999943e+01 2.394935000000000119e-02
1.154134999999999955e+01 2.385166000000000022e-02
1.156889999999999930e+01 2.374684000000000170e-02
1.159643999999999942e+01 2.363546999999999870e-02
1.162398999999999916e+01 2.351813999999999988e-02
1.165154000000000067e+01 2.339547000000000154e-02
1.167908000000000079e+01 2.326809999999999989e-02
1.170663000000000054e+01 2.313667999999999975e-02
1.173417000000000066e+01 2.300185999999999897e-02
1.176172000000000040e+01 2.286428999999999892e-02
1.178926000000000052e+01 2.272464000000000081e-02
1.181681000000000026e+01 2.258353999999999917e-02
1.184435000000000038e+01 2.244161999999999893e-02
1.187190000000000012e+01 2.229948000000000000e-02
1.189944000000000024e+01 2.215769999999999892e-02
1.192698999999999998e+01 2.201681999999999945e-02
1.195453000000000010e+01 2.187733999999999859e-02
1.198207999999999984e+01 2.173972000000000057e-02
1.200961999999999996e+01 2.160435999999999954e-02
1.203716000000000008e+01 2.147162999999999849e-02
1.206470999999999982e+01 2.134182999999999913e-02
1.209224999999999994e+01 2.121518999999999835e-02
1.211979999999999968e+01 2.109190000000000023e-02
1.214733999999999980e+01 2.097208000000000058e-02
1.217488999999999955e+01 2.085578999999999905e-02
1.220242999999999967e+01 2.074302999999999911e-02
1.222997999999999941e+01 2.063374999999999931e-02
1.225751999999999953e+01 2.052783000000000038e-02
1.228506999999999927e+01 2.042510000000000159e-02
1.231260999999999939e+01 2.032536000000000065e-02
1.234015999999999913e+01 2.022832000000000102e-02
1.236771000000000065e+01 2.013370000000000090e-02
1.239525000000000077e+01 2.004115000000000063e-02
1.242280000000000051e+01 1.995030000000000067e-02
1.245034000000000063e+01 1.986076000000000161e-02
1.247789000000000037e+01 1.977210999999999899e-02
1.250543000000000049e+01 1.968392000000000058e-02
1.253298000000000023e+01 1.959574999999999859e-02
1.256052000000000035e+01 1.950717000000000076e-02
1.258807000000000009e+01 1.941773999999999931e-02
1.261561000000000021e+01 1.932702999999999852e-02
1.264315999999999995e+01 1.923462999999999909e-02
1.267070000000000007e+01 1.914015000000000161e-02
1.269824999999999982e+01 1.904319999999999971e-02
1.272578999999999994e+01 1.894345000000000057e-02
1.275333000000000006e+01 1.884057000000000093e-02
1.278087999999999980e+01 1.873429000000000066e-02
1.280841999999999992e+01 1.862435000000000132e-02
1.283596999999999966e+01 1.851053000000000073e-02
1.286350999999999978e+01 1.839266999999999985e-02
1.289105999999999952e+01 1.827062000000000130e-02
1.291859999999999964e+01 1.814427999999999874e-02
1.294614999999999938e+01 1.801358999999999946e-02
1.297368999999999950e+01 1.787853000000000012e-02
1.300123999999999924e+01 1.773910000000000070e-02
1.302877999999999936e+01 1.759534000000000098e-02
1.305633000000000088e+01 1.744733000000000048e-02
1.308388000000000062e+01 1.729516999999999860e-02
1.311142000000000074e+01 1.713898000000000157e-02
1.313897000000000048e+01 1.697892000000000151e-02
1.316651000000000060e+01 1.681515000000000093e-02
1.319406000000000034e+01 1.664786000000000044e-02
1.322160000000000046e+01 1.647726000000000052e-02
1.324915000000000020e+01 1.630353999999999831e-02
1.327669000000000032e+01 1.612691999999999945e-02
1.330424000000000007e+01 1.594763000000000083e-02
1.333178000000000019e+01 1.576587999999999948e-02
1.335932999999999993e+01 1.558187999999999934e-02
1.338687000000000005e+01 1.539587000000000074e-02
1.341441000000000017e+01 1.520803000000000085e-02
1.344195999999999991e+01 1.501858000000000012e-02
1.346950000000000003e+01 1.482769999999999921e-02
1.349704999999999977e+01 1.463558000000000046e-02
1.352458999999999989e+01 1.444237999999999945e-02
1.355213999999999963e+01 1.424828000000000032e-02
1.357967999999999975e+01 1.405341000000000055e-02
1.360722999999999949e+01 1.385790999999999933e-02
1.363476999999999961e+01 1.366191999999999927e-02
1.366231999999999935e+01 1.346554999999999974e-02
1.368985999999999947e+01 1.326891000000000008e-02
1.371740999999999921e+01 1.307210999999999963e-02
1.374494999999999933e+01 1.287522999999999966e-02
1.377250000000000085e+01 1.267838999999999945e-02
1.380005000000000059e+01 1.248165000000000038e-02
1.382759000000000071e+01 1.228511000000000013e-02
1.385514000000000046e+01 1.208885999999999988e-02
1.388268000000000058e+01 1.189297999999999918e-02
1.391023000000000032e+01 1.169754999999999927e-02
1.393777000000000044e+01 1.150267999999999950e-02
1.396532000000000018e+01 1.130843999999999946e-02
1.399286000000000030e+01 1.111495000000000018e-02
1.402041000000000004e+01 1.092229999999999937e-02
1.404795000000000016e+01 1.073059999999999986e-02
1.407549999999999990e+01 1.053997999999999914e-02
1.410304000000000002e+01 1.035054000000000009e-02
1.413058000000000014e+01 1.016242000000000013e-02
1.415812999999999988e+01 9.975751999999999189e-03
1.418567000000000000e+01 9.790665000000000479e-03
1.421321999999999974e+01 9.607304000000000538e-03
1.424075999999999986e+01 9.425815000000000582e-03
1.426830999999999960e+01 9.246344999999999564e-03
1.429584999999999972e+01 9.069044999999999537e-03
1.432339999999999947e+01 8.894064000000000136e-03
1.435093999999999959e+01 8.721552999999999944e-03
1.437848999999999933e+01 8.551662999999999279e-03
1.440602999999999945e+01 8.384538999999999881e-03
1.443357999999999919e+01 8.220325000000000548e-03
1.446113000000000071e+01 8.059158999999999767e-03
1.448867000000000083e+01 7.901174000000000391e-03
1.451622000000000057e+01 7.746494999999999943e-03
1.454376000000000069e+01 7.595239999999999631e-03
1.457131000000000043e+01 7.447516999999999852e-03
1.459885000000000055e+01 7.303424999999999674e-03
1.462640000000000029e+01 7.163051999999999614e-03
1.465394000000000041e+01 7.026476000000000249e-03
1.468149000000000015e+01 6.893760999999999986e-03
1.470903000000000027e+01 6.764959000000000076e-03
1.473658000000000001e+01 6.640112999999999571e-03
1.476412000000000013e+01 6.519249000000000398e-03
1.479166999999999987e+01 6.402381000000000391e-03
1.481920999999999999e+01 6.289513000000000048e-03
1.484675000000000011e+01 6.180635000000000295e-03
1.487429999999999986e+01 6.075722000000000414e-03
1.490183999999999997e+01 5.974741999999999900e-03
1.492938999999999972e+01 5.877648000000000074e-03
1.495692999999999984e+01 5.784385000000000394e-03
1.498447999999999958e+01 5.694883999999999884e-03
1.501201999999999970e+01 5.609071000000000196e-03
1.503956999999999944e+01 5.526861999999999574e-03
1.506710999999999956e+01 5.448162999999999791e-03
1.509465999999999930e+01 5.372876999999999861e-03
1.512219999999999942e+01 5.300898000000000068e-03
1.514974999999999916e+01 5.232116999999999671e-03
1.517730000000000068e+01 5.166419000000000220e-03
1.520484000000000080e+01 5.103688000000000322e-03
1.523239000000000054e+01 5.043805000000000163e-03
1.525993000000000066e+01 4.986647999999999775e-03
1.528748000000000040e+01 4.932096000000000396e-03
1.531502000000000052e+01 4.880027999999999797e-03
1.534257000000000026e+01 4.830324999999999896e-03
1.537011000000000038e+01 4.782866999999999674e-03
1.539766000000000012e+01 4.737538000000000339e-03
1.542520000000000024e+01 4.694224000000000313e-03
1.545274999999999999e+01 4.652815999999999723e-03
1.548029000000000011e+01 4.613205999999999904e-03
1.550783999999999985e+01 4.575293000000000242e-03
1.553537999999999997e+01 4.538977999999999936e-03
1.556292000000000009e+01 4.504168000000000234e-03
1.559046999999999983e+01 4.470774999999999749e-03
1.561800999999999995e+01 4.438713999999999854e-03
1.564555999999999969e+01 4.407906999999999971e-03
1.567309999999999981e+01 4.378281999999999834e-03
1.570064999999999955e+01 4.349768999999999858e-03
1.572818999999999967e+01 4.322305000000000244e-03
1.575573999999999941e+01 4.295832999999999770e-03
1.578327999999999953e+01 4.270297000000000155e-03
1.581082999999999927e+01 4.245650000000000118e-03
1.583836999999999939e+01 4.221846999999999926e-03
1.586591999999999913e+01 4.198847000000000343e-03
1.589347000000000065e+01 4.176614999999999842e-03
1.592101000000000077e+01 4.155116999999999838e-03
1.594856000000000051e+01 4.134325999999999800e-03
1.597610000000000063e+01 4.114216000000000401e-03
1.600364000000000075e+01 4.094765000000000210e-03
1.603118999999999872e+01 4.075951999999999874e-03
1.605873000000000062e+01 4.057762000000000348e-03
1.608627999999999858e+01 4.040181000000000328e-03
1.611382000000000048e+01 4.023193999999999902e-03
1.614136999999999844e+01 4.006794000000000154e-03
1.616891000000000034e+01 3.990969999999999934e-03
1.619645999999999830e+01 3.975715999999999799e-03
1.622400999999999982e+01 3.961026999999999777e-03
1.625155000000000172e+01 3.946897999999999899e-03
1.627909999999999968e+01 3.933326000000000010e-03
1.630664000000000158e+01 3.920307999999999952e-03
1.633418999999999954e+01 3.907843000000000254e-03
1.636173000000000144e+01 3.895930000000000139e-03
1.638927999999999940e+01 3.884569999999999950e-03
1.641682000000000130e+01 3.873760999999999871e-03
1.644436999999999927e+01 3.863506000000000058e-03
1.647191000000000116e+01 3.853805999999999985e-03
1.649945999999999913e+01 3.844662999999999900e-03
1.652700000000000102e+01 3.836078000000000144e-03
1.655454999999999899e+01 3.828054999999999913e-03
1.658209000000000088e+01 3.820595999999999888e-03
1.660963999999999885e+01 3.813703999999999792e-03
1.663718000000000075e+01 3.807384000000000029e-03
1.666472999999999871e+01 3.801639999999999794e-03
1.669227000000000061e+01 3.796475000000000110e-03
1.671981999999999857e+01 3.791894999999999988e-03
1.674736000000000047e+01 3.787904999999999831e-03
1.677490999999999843e+01 3.784509000000000137e-03
1.680245000000000033e+01 3.781715000000000163e-03
1.682999999999999829e+01 3.779526999999999973e-03
1.685754000000000019e+01 3.777953000000000127e-03
1.688509000000000171e+01 3.776998000000000161e-03
1.691263000000000005e+01 3.776670000000000200e-03
1.694016999999999840e+01 3.776976000000000031e-03
1.696771999999999991e+01 3.777921000000000057e-03
1.699525999999999826e+01 3.779513999999999877e-03
1.702280999999999977e+01 3.781759999999999896e-03
1.705035000000000167e+01 3.784668000000000147e-03
1.707789999999999964e+01 3.788243000000000166e-03
1.710544000000000153e+01 3.792490999999999831e-03
1.713298999999999950e+01 3.797418999999999795e-03
1.716053000000000139e+01 3.803032000000000027e-03
1.718807999999999936e+01 3.809335000000000065e-03
1.721562000000000126e+01 3.816331999999999971e-03
1.724316999999999922e+01 3.824026999999999808e-03
1.727071000000000112e+01 3.832424000000000074e-03
1.729825999999999908e+01 3.841523999999999807e-03
1.732580000000000098e+01 3.851330999999999938e-03
1.735334999999999894e+01 3.861845000000000035e-03
1.738089000000000084e+01 3.873066000000000095e-03
1.740843999999999880e+01 3.884994000000000121e-03
1.743598000000000070e+01 3.897629000000000111e-03
1.746352999999999867e+01 3.910969000000000251e-03
1.749107000000000056e+01 3.925012000000000292e-03
1.751861999999999853e+01 3.939755999999999987e-03
1.754616000000000042e+01 3.955198000000000047e-03
1.757370999999999839e+01 3.971335000000000316e-03
1.760125000000000028e+01 3.988163000000000298e-03
1.762879999999999825e+01 4.005678999999999837e-03
1.765634999999999977e+01 4.023879999999999645e-03
1.768389000000000166e+01 4.042760000000000277e-03
1.771143999999999963e+01 4.062317999999999658e-03
1.773898000000000152e+01 4.082549000000000421e-03
1.776652999999999949e+01 4.103449999999999806e-03
1.779407000000000139e+01 4.125018999999999735e-03
1.782161999999999935e+01 4.147251000000000236e-03
1.784916000000000125e+01 4.170145999999999575e-03
1.787670999999999921e+01 4.193699000000000385e-03
1.790425000000000111e+01 4.217910000000000062e-03
1.793179999999999907e+01 4.242776000000000186e-03
1.795934000000000097e+01 4.268296000000000416e-03
1.798688999999999893e+01 4.294466999999999729e-03
1.801443000000000083e+01 4.321288999999999859e-03
1.804197999999999880e+01 4.348760000000000125e-03
1.806952000000000069e+01 4.376876000000000030e-03
1.809706999999999866e+01 4.405636999999999574e-03
1.812461000000000055e+01 4.435038999999999995e-03
1.815215999999999852e+01 4.465079000000000270e-03
1.817970000000000041e+01 4.495752000000000428e-03
1.820724999999999838e+01 4.527052999999999633e-03
1.823479000000000028e+01 4.558976000000000174e-03
1.826233999999999824e+01 4.591511999999999850e-03
1.828988000000000014e+01 4.624653999999999744e-03
1.831743000000000166e+01 4.658388999999999759e-03
1.834497000000000000e+01 4.692706999999999955e-03
1.837250999999999834e+01 4.727590999999999738e-03
1.840005999999999986e+01 4.763026000000000065e-03
1.842760000000000176e+01 4.798994000000000003e-03
1.845514999999999972e+01 4.835472000000000381e-03
1.848269000000000162e+01 4.872439000000000110e-03
1.851023999999999958e+01 4.909867000000000051e-03
1.853778000000000148e+01 4.947730000000000010e-03
1.856532999999999944e+01 4.985995000000000010e-03
1.859287000000000134e+01 5.024629000000000074e-03
1.862041999999999931e+01 5.063596000000000069e-03
1.864796000000000120e+01 5.102856000000000232e-03
1.867550999999999917e+01 5.142367999999999592e-03
1.870305000000000106e+01 5.182087999999999625e-03
1.873059999999999903e+01 5.221967999999999575e-03
1.875814000000000092e+01 5.261959000000000081e-03
1.878568999999999889e+01 5.302008999999999889e-03
1.881323000000000079e+01 5.342063999999999667e-03
1.884077999999999875e+01 5.382066999999999928e-03
1.886832000000000065e+01 5.421961999999999789e-03
1.889586999999999861e+01 5.461688000000000133e-03
1.892341000000000051e+01 5.501184999999999582e-03
1.895095999999999847e+01 5.540388999999999731e-03
1.897850000000000037e+01 5.579240000000000067e-03
1.900604999999999833e+01 5.617673000000000111e-03
1.903359000000000023e+01 5.655626000000000403e-03
1.906114000000000175e+01 5.693036000000000277e-03
1.908868999999999971e+01 5.729841999999999748e-03
1.911623000000000161e+01 5.765982000000000225e-03
1.914377999999999957e+01 5.801399999999999960e-03
1.917132000000000147e+01 5.836037999999999989e-03
1.919886999999999944e+01 5.869842999999999589e-03
1.922641000000000133e+01 5.902764999999999922e-03
1.925395999999999930e+01 5.934756999999999706e-03
1.928150000000000119e+01 5.965777999999999706e-03
1.930904999999999916e+01 5.995788999999999633e-03
1.933659000000000106e+01 6.024757000000000376e-03
1.936413999999999902e+01 6.052656000000000008e-03
1.939168000000000092e+01 6.079461999999999887e-03
1.941922999999999888e+01 6.105161999999999915e-03
1.944677000000000078e+01 6.129744000000000338e-03
1.947431999999999874e+01 6.153203999999999792e-03
1.950186000000000064e+01 6.175545000000000166e-03
1.952940999999999860e+01 6.196774999999999853e-03
1.955695000000000050e+01 6.216908000000000156e-03
1.958449999999999847e+01 6.235965000000000431e-03
1.961204000000000036e+01 6.253970000000000189e-03
1.963958999999999833e+01 6.270953000000000117e-03
1.966713000000000022e+01 6.286950000000000351e-03
1.969468000000000174e+01 6.301997000000000154e-03
1.972222000000000008e+01 6.316137999999999787e-03
1.974977000000000160e+01 6.329414999999999694e-03
1.977730999999999995e+01 6.341873999999999949e-03
1.980484999999999829e+01 6.353560999999999757e-03
1.983239999999999981e+01 6.364523999999999876e-03
1.985994000000000170e+01 6.374806999999999696e-03
1.988748999999999967e+01 6.384454999999999818e-03
1.991503000000000156e+01 6.393508000000000004e-03
1.994257999999999953e+01 6.402004000000000201e-03
1.997012000000000143e+01 6.409976000000000389e-03
1.999766999999999939e+01 6.417454000000000387e-03
2.002521000000000129e+01 6.424459000000000419e-03
2.005275999999999925e+01 6.431008999999999684e-03
2.008030000000000115e+01 6.437113999999999857e-03
2.010784999999999911e+01 6.442775000000000411e-03
2.013539000000000101e+01 6.447989999999999798e-03
2.016293999999999897e+01 6.452745000000000182e-03
2.019048000000000087e+01 6.457021999999999762e-03
2.021802999999999884e+01 6.460793000000000265e-03
2.024557000000000073e+01 6.464026000000000320e-03
2.027311999999999870e+01 6.466679000000000350e-03
2.030066000000000059e+01 6.468704999999999941e-03
2.032820999999999856e+01 6.470052999999999915e-03
2.035575000000000045e+01 6.470664999999999577e-03
2.038329999999999842e+01 6.470479999999999808e-03
2.041084000000000032e+01 6.469433999999999602e-03
2.043838999999999828e+01 6.467460999999999870e-03
2.046593999999999980e+01 6.464492999999999975e-03
2.049348000000000170e+01 6.460462999999999623e-03
2.052102999999999966e+01 6.455304999999999724e-03
2.054857000000000156e+01 6.448955000000000139e-03
2.057611999999999952e+01 6.441352000000000015e-03
2.060366000000000142e+01 6.432440000000000206e-03
2.063120999999999938e+01 6.422167999999999800e-03
2.065875000000000128e+01 6.410490999999999932e-03
2.068629999999999924e+01 6.397370999999999787e-03
2.071384000000000114e+01 6.382780000000000224e-03
2.074138999999999911e+01 6.366695000000000340e-03
2.076893000000000100e+01 6.349104000000000379e-03
2.079647999999999897e+01 6.330006000000000001e-03
2.082402000000000086e+01 6.309406000000000042e-03
2.085156999999999883e+01 6.287321999999999703e-03
2.087911000000000072e+01 6.263778999999999701e-03
2.090665999999999869e+01 6.238813999999999645e-03
2.093420000000000059e+01 6.212472000000000133e-03
2.096174999999999855e+01 6.184806000000000158e-03
2.098929000000000045e+01 6.155878000000000044e-03
2.101683999999999841e+01 6.125756999999999904e-03
2.104438000000000031e+01 6.094518000000000157e-03
2.107192999999999827e+01 6.062243000000000145e-03
2.109947000000000017e+01 6.029017000000000230e-03
2.112702000000000169e+01 5.994928000000000062e-03
2.115456000000000003e+01 5.960064999999999634e-03
2.118209999999999837e+01 5.924521000000000301e-03
2.120964999999999989e+01 5.888385999999999794e-03
2.123718999999999824e+01 5.851745999999999684e-03
2.126473999999999975e+01 5.814688000000000148e-03
2.129228000000000165e+01 5.777291000000000371e-03
2.131982999999999961e+01 5.739629000000000432e-03
2.134737000000000151e+01 5.701768000000000287e-03
2.137491999999999948e+01 5.663765999999999766e-03
2.140246000000000137e+01 5.625671999999999964e-03
2.143000999999999934e+01 5.587522999999999622e-03
2.145755000000000123e+01 5.549346999999999613e-03
2.148509999999999920e+01 5.511155999999999694e-03
2.151264000000000109e+01 5.472953000000000019e-03
2.154018999999999906e+01 5.434725999999999967e-03
2.156773000000000096e+01 5.396449999999999685e-03
2.159527999999999892e+01 5.358085999999999752e-03
2.162282000000000082e+01 5.319583000000000124e-03
2.165036999999999878e+01 5.280876000000000320e-03
2.167791000000000068e+01 5.241888999999999577e-03
2.170545999999999864e+01 5.202532999999999637e-03
2.173300000000000054e+01 5.162708999999999701e-03
2.176054999999999851e+01 5.122309000000000237e-03
2.178809000000000040e+01 5.081216000000000378e-03
2.181563999999999837e+01 5.039306999999999814e-03
2.184318000000000026e+01 4.996453999999999999e-03
2.187072999999999823e+01 4.952525000000000156e-03
2.189827999999999975e+01 4.907388000000000375e-03
2.192582000000000164e+01 4.860912000000000219e-03
2.195336999999999961e+01 4.812966000000000119e-03
2.198091000000000150e+01 4.763428000000000107e-03
2.200845999999999947e+01 4.712179000000000367e-03
2.203600000000000136e+01 4.659113000000000317e-03
2.206354999999999933e+01 4.604131000000000022e-03
2.209109000000000123e+01 4.547149000000000330e-03
2.211863999999999919e+01 4.488098999999999734e-03
2.214618000000000109e+01 4.426928000000000113e-03
2.217372999999999905e+01 4.363599999999999597e-03
2.220127000000000095e+01 4.298098999999999670e-03
2.222881999999999891e+01 4.230428999999999960e-03
2.225636000000000081e+01 4.160613999999999979e-03
2.228390999999999877e+01 4.088701000000000141e-03
2.231145000000000067e+01 4.014756999999999874e-03
2.233899999999999864e+01 3.938867999999999883e-03
2.236654000000000053e+01 3.861144999999999855e-03
2.239408999999999850e+01 3.781715000000000163e-03
2.242163000000000039e+01 3.700727000000000010e-03
2.244917999999999836e+01 3.618344999999999808e-03
2.247672000000000025e+01 3.534751000000000039e-03
2.250427000000000177e+01 3.450139999999999978e-03
2.253181000000000012e+01 3.364721000000000205e-03
2.255936000000000163e+01 2.441705000000000177e-03
