5.270146e+02 0.000000e+00 0.000000e+00 0.000000e+00 0.000000e+00
5.270522e+02 0.000000e+00 0.000000e+00 0.000000e+00 0.000000e+00
5.270897e+02 0.000000e+00 0.000000e+00 0.000000e+00 0.000000e+00
5.271273e+02 0.000000e+00 0.000000e+00 0.000000e+00 0.000000e+00
5.271648e+02 0.000000e+00 0.000000e+00 0.000000e+00 0.000000e+00
5.272024e+02 0.000000e+00 0.000000e+00 0.000000e+00 0.000000e+00
5.272399e+02 0.000000e+00 0.000000e+00 0.000000e+00 0.000000e+00
5.272775e+02 0.000000e+00 0.000000e+00 0.000000e+00 0.000000e+00
5.273150e+02 0.000000e+00 0.000000e+00 0.000000e+00 0.000000e+00
5.273526e+02 0.000000e+00 0.000000e+00 0.000000e+00 0.000000e+00
5.273901e+02 0.000000e+00 0.000000e+00 0.000000e+00 0.000000e+00
5.274277e+02 0.000000e+00 0.000000e+00 0.000000e+00 0.000000e+00
5.274652e+02 0.000000e+00 0.000000e+00 0.000000e+00 0.000000e+00
5.275028e+02 0.000000e+00 0.000000e+00 0.000000e+00 0.000000e+00
5.275403e+02 0.000000e+00 0.000000e+00 0.000000e+00 0.000000e+00
5.275779e+02 0.000000e+00 0.000000e+00 0.000000e+00 0.000000e+00
5.276154e+02 0.000000e+00 0.000000e+00 0.000000e+00 0.000000e+00
5.276530e+02 0.000000e+00 0.000000e+00 0.000000e+00 0.000000e+00
5.276906e+02 0.000000e+00 0.000000e+00 0.000000e+00 0.000000e+00
5.277281e+02 0.000000e+00 0.000000e+00 0.000000e+00 0.000000e+00
5.277657e+02 0.000000e+00 0.000000e+00 0.000000e+00 0.000000e+00
5.278032e+02 0.000000e+00 0.000000e+00 0.000000e+00 0.000000e+00
5.278408e+02 0.000000e+00 0.000000e+00 0.000000e+00 0.000000e+00
5.278783e+02 0.000000e+00 0.000000e+00 0.000000e+00 0.000000e+00
5.279159e+02 0.000000e+00 0.000000e+00 0.000000e+00 0.000000e+00
5.279534e+02 0.000000e+00 0.000000e+00 0.000000e+00 0.000000e+00
5.279910e+02 0.000000e+00 0.000000e+00 0.000000e+00 0.000000e+00
5.280285e+02 0.000000e+00 0.000000e+00 0.000000e+00 0.000000e+00
5.280661e+02 0.000000e+00 0.000000e+00 0.000000e+00 0.000000e+00
5.281036e+02 0.000000e+00 0.000000e+00 0.000000e+00 0.000000e+00
5.281412e+02 0.000000e+00 0.000000e+00 0.000000e+00 0.000000e+00
5.281787e+02 0.000000e+00 0.000000e+00 0.000000e+00 0.000000e+00
5.282163e+02 0.000000e+00 0.000000e+00 0.000000e+00 0.000000e+00
5.282538e+02 0.000000e+00 0.000000e+00 0.000000e+00 0.000000e+00
5.282914e+02 0.000000e+00 0.000000e+00 0.000000e+00 0.000000e+00
5.283289e+02 0.000000e+00 0.000000e+00 0.000000e+00 0.000000e+00
5.283665e+02 0.000000e+00 0.000000e+00 0.000000e+00 0.000000e+00
5.284040e+02 0.000000e+00 0.000000e+00 0.000000e+00 0.000000e+00
5.284416e+02 0.000000e+00 0.000000e+00 0.000000e+00 0.000000e+00
5.284791e+02 0.000000e+00 0.000000e+00 0.000000e+00 0.000000e+00
5.285167e+02 0.000000e+00 0.000000e+00 0.000000e+00 0.000000e+00
5.285542e+02 0.000000e+00 0.000000e+00 0.000000e+00 0.000000e+00
5.285918e+02 0.000000e+00 0.000000e+00 0.000000e+00 0.000000e+00
5.286294e+02 0.000000e+00 0.000000e+00 0.000000e+00 0.000000e+00
5.286669e+02 0.000000e+00 0.000000e+00 0.000000e+00 0.000000e+00
5.287045e+02 0.000000e+00 0.000000e+00 0.000000e+00 0.000000e+00
5.287420e+02 0.000000e+00 0.000000e+00 0.000000e+00 0.000000e+00
5.287796e+02 0.000000e+00 0.000000e+00 0.000000e+00 0.000000e+00
5.288171e+02 0.000000e+00 0.000000e+00 0.000000e+00 0.000000e+00
5.288547e+02 0.000000e+00 0.000000e+00 0.000000e+00 0.000000e+00
5.288922e+02 0.000000e+00 0.000000e+00 0.000000e+00 0.000000e+00
5.289298e+02 0.000000e+00 0.000000e+00 0.000000e+00 0.000000e+00
5.289673e+02 0.000000e+00 0.000000e+00 0.000000e+00 0.000000e+00
5.290049e+02 0.000000e+00 0.000000e+00 0.000000e+00 0.000000e+00
5.290424e+02 0.000000e+00 0.000000e+00 0.000000e+00 0.000000e+00
5.290800e+02 0.000000e+00 0.000000e+00 0.000000e+00 0.000000e+00
5.291175e+02 0.000000e+00 0.000000e+00 0.000000e+00 0.000000e+00
5.291551e+02 0.000000e+00 0.000000e+00 0.000000e+00 0.000000e+00
5.291926e+02 0.000000e+00 0.000000e+00 0.000000e+00 0.000000e+00
5.292302e+02 0.000000e+00 0.000000e+00 0.000000e+00 0.000000e+00
5.292677e+02 0.000000e+00 0.000000e+00 0.000000e+00 0.000000e+00
5.293053e+02 0.000000e+00 0.000000e+00 0.000000e+00 0.000000e+00
5.293428e+02 0.000000e+00 0.000000e+00 0.000000e+00 0.000000e+00
5.293804e+02 0.000000e+00 0.000000e+00 0.000000e+00 0.000000e+00
5.294179e+02 0.000000e+00 0.000000e+00 0.000000e+00 0.000000e+00
5.294555e+02 0.000000e+00 0.000000e+00 0.000000e+00 0.000000e+00
5.294930e+02 0.000000e+00 0.000000e+00 0.000000e+00 0.000000e+00
5.295306e+02 0.000000e+00 0.000000e+00 0.000000e+00 0.000000e+00
5.295682e+02 0.000000e+00 0.000000e+00 0.000000e+00 0.000000e+00
5.296057e+02 0.000000e+00 0.000000e+00 0.000000e+00 0.000000e+00
5.296433e+02 0.000000e+00 0.000000e+00 0.000000e+00 0.000000e+00
5.296808e+02 0.000000e+00 0.000000e+00 0.000000e+00 0.000000e+00
5.297184e+02 0.000000e+00 0.000000e+00 0.000000e+00 0.000000e+00
5.297559e+02 0.000000e+00 0.000000e+00 0.000000e+00 0.000000e+00
5.297935e+02 0.000000e+00 0.000000e+00 0.000000e+00 0.000000e+00
5.298310e+02 0.000000e+00 0.000000e+00 0.000000e+00 0.000000e+00
5.298686e+02 0.000000e+00 0.000000e+00 0.000000e+00 0.000000e+00
5.299061e+02 0.000000e+00 0.000000e+00 0.000000e+00 0.000000e+00
5.299437e+02 0.000000e+00 0.000000e+00 0.000000e+00 0.000000e+00
5.299812e+02 0.000000e+00 0.000000e+00 0.000000e+00 0.000000e+00
5.300188e+02 0.000000e+00 0.000000e+00 0.000000e+00 0.000000e+00
5.300563e+02 0.000000e+00 0.000000e+00 0.000000e+00 0.000000e+00
5.300939e+02 0.000000e+00 0.000000e+00 0.000000e+00 0.000000e+00
5.301314e+02 0.000000e+00 0.000000e+00 0.000000e+00 0.000000e+00
5.301690e+02 0.000000e+00 0.000000e+00 0.000000e+00 0.000000e+00
5.302065e+02 0.000000e+00 0.000000e+00 0.000000e+00 0.000000e+00
5.302441e+02 0.000000e+00 0.000000e+00 0.000000e+00 0.000000e+00
5.302816e+02 0.000000e+00 0.000000e+00 0.000000e+00 0.000000e+00
5.303192e+02 0.000000e+00 0.000000e+00 0.000000e+00 0.000000e+00
5.303567e+02 0.000000e+00 0.000000e+00 0.000000e+00 0.000000e+00
5.303943e+02 0.000000e+00 0.000000e+00 0.000000e+00 0.000000e+00
5.304318e+02 0.000000e+00 0.000000e+00 0.000000e+00 0.000000e+00
5.304694e+02 0.000000e+00 0.000000e+00 0.000000e+00 0.000000e+00
5.305070e+02 0.000000e+00 0.000000e+00 0.000000e+00 0.000000e+00
5.305445e+02 0.000000e+00 0.000000e+00 0.000000e+00 0.000000e+00
5.305821e+02 0.000000e+00 0.000000e+00 0.000000e+00 0.000000e+00
5.306196e+02 0.000000e+00 0.000000e+00 0.000000e+00 0.000000e+00
5.306572e+02 0.000000e+00 0.000000e+00 0.000000e+00 0.000000e+00
5.306947e+02 0.000000e+00 0.000000e+00 0.000000e+00 0.000000e+00
5.307323e+02 0.000000e+00 0.000000e+00 0.000000e+00 0.000000e+00
5.307698e+02 0.000000e+00 0.000000e+00 0.000000e+00 0.000000e+00
5.308074e+02 0.000000e+00 0.000000e+00 0.000000e+00 0.000000e+00
5.308449e+02 3.068394e-10 8.455775e-16 7.982382e-16 9.205164e-10
5.308825e+02 9.404179e-10 2.631786e-15 2.447796e-15 2.821249e-09
5.309200e+02 2.766080e-09 7.755536e-15 7.210279e-15 8.298225e-09
5.309576e+02 7.854189e-09 2.206312e-14 2.050323e-14 2.356252e-08
5.309951e+02 2.152934e-08 6.059210e-14 5.628410e-14 6.458790e-08
5.310327e+02 5.697086e-08 1.606419e-13 1.491566e-13 1.709123e-07
5.310702e+02 1.455351e-07 4.111458e-13 3.815861e-13 4.366044e-07
5.311078e+02 3.589015e-07 1.015843e-12 9.424014e-13 1.076703e-06
5.311453e+02 8.544285e-07 2.422989e-12 2.246842e-12 2.563281e-06
5.311829e+02 1.963672e-06 5.579176e-12 5.171333e-12 5.891005e-06
5.312204e+02 4.356673e-06 1.240174e-11 1.149015e-11 1.307000e-05
5.312580e+02 9.331120e-06 2.661271e-11 2.464576e-11 2.799331e-05
5.312955e+02 1.929325e-05 5.513021e-11 5.103311e-11 5.787965e-05
5.313331e+02 3.850968e-05 1.102514e-10 1.020129e-10 1.155288e-04
5.313706e+02 7.420398e-05 2.128494e-10 1.968573e-10 2.226115e-04
5.314082e+02 1.380312e-04 3.967029e-10 3.673817e-10 4.140929e-04
5.314458e+02 2.478679e-04 7.138565e-10 6.677162e-10 7.436023e-04
5.314833e+02 4.296909e-04 1.240284e-09 1.184246e-09 1.289070e-03
5.315209e+02 7.190927e-04 2.080550e-09 2.043176e-09 2.157274e-03
5.315584e+02 1.161733e-03 3.370159e-09 3.458807e-09 3.485193e-03
5.315960e+02 1.811845e-03 5.272977e-09 5.824190e-09 5.435523e-03
5.316335e+02 2.727899e-03 7.972184e-09 9.904890e-09 8.183680e-03
5.316711e+02 3.964868e-03 1.165561e-08 1.730589e-08 1.189457e-02
5.317086e+02 5.563167e-03 1.650017e-08 3.149395e-08 1.668945e-02
5.317462e+02 7.535438e-03 2.266765e-08 5.994477e-08 2.260623e-02
5.317837e+02 9.853445e-03 3.033449e-08 1.184310e-07 2.956019e-02
5.318213e+02 1.243830e-02 3.979213e-08 2.391547e-07 3.731463e-02
5.318588e+02 1.515751e-02 5.167049e-08 4.853772e-07 4.547199e-02
5.318964e+02 1.783155e-02 6.735288e-08 9.763217e-07 5.349360e-02
5.319339e+02 2.025097e-02 8.966223e-08 1.927142e-06 6.075089e-02
5.319715e+02 2.220241e-02 1.238956e-07 3.709067e-06 6.660340e-02
5.320090e+02 2.349935e-02 1.792553e-07 6.933498e-06 7.049092e-02
5.320466e+02 2.401149e-02 2.706524e-07 1.255966e-05 7.202164e-02
5.320841e+02 2.368655e-02 4.207266e-07 2.201723e-05 7.103722e-02
5.321217e+02 2.255925e-02 6.617316e-07 3.732295e-05 6.763976e-02
5.321592e+02 2.074552e-02 1.036694e-06 6.115465e-05 6.217438e-02
5.321968e+02 1.842330e-02 1.599038e-06 9.683144e-05 5.517146e-02
5.322343e+02 1.580416e-02 2.409741e-06 1.481414e-04 4.726193e-02
5.322719e+02 1.310229e-02 3.531248e-06 2.189652e-04 3.908438e-02
5.323094e+02 1.050677e-02 5.017812e-06 3.126750e-04 3.120263e-02
5.323470e+02 8.162057e-03 6.902838e-06 4.313399e-04 2.404793e-02
5.323846e+02 6.158790e-03 9.184903e-06 5.748420e-04 1.789234e-02
5.324221e+02 4.534600e-03 1.181533e-05 7.400772e-04 1.285191e-02
5.324597e+02 3.282505e-03 1.469091e-05 9.204604e-04 8.912363e-03
5.324972e+02 2.363593e-03 1.765534e-05 1.105951e-03 5.967174e-03
5.325348e+02 1.720689e-03 2.051199e-05 1.283738e-03 3.857817e-03
5.325723e+02 1.290479e-03 2.304829e-05 1.439601e-03 2.408787e-03
5.326099e+02 1.012657e-03 2.506981e-05 1.559772e-03 1.453129e-03
5.326474e+02 8.356799e-04 2.643924e-05 1.633000e-03 8.476000e-04
5.326850e+02 7.194404e-04 2.711433e-05 1.652392e-03 4.788153e-04
5.327225e+02 6.355949e-04 2.717836e-05 1.616646e-03 2.629602e-04
5.327601e+02 5.663394e-04 2.685830e-05 1.530405e-03 1.417546e-04
5.327976e+02 5.023646e-04 2.652815e-05 1.403633e-03 7.693249e-05
5.328352e+02 4.405387e-04 2.669690e-05 1.250170e-03 4.474887e-05
5.328727e+02 3.816950e-04 2.798309e-05 1.085774e-03 3.132731e-05
5.329103e+02 3.287464e-04 3.107795e-05 9.260416e-04 2.911956e-05
5.329478e+02 2.852341e-04 3.669957e-05 7.845835e-04 3.441918e-05
5.329854e+02 2.543278e-04 4.553974e-05 6.717253e-04 4.571825e-05
5.330229e+02 2.382356e-04 5.820561e-05 5.938370e-04 6.266431e-05
5.330605e+02 2.379450e-04 7.515929e-05 5.532668e-04 8.540893e-05
5.330980e+02 2.532026e-04 9.666054e-05 5.487502e-04 1.141971e-04
5.331356e+02 2.826488e-04 1.227199e-04 5.761219e-04 1.491045e-04
5.331731e+02 3.240387e-04 1.530706e-04 6.291720e-04 1.898733e-04
5.332107e+02 3.745053e-04 1.871670e-04 7.005205e-04 2.358284e-04
5.332482e+02 4.308362e-04 2.242135e-04 7.824287e-04 2.858665e-04
5.332858e+02 4.897457e-04 2.632244e-04 8.674992e-04 3.385136e-04
5.333234e+02 5.481285e-04 3.031083e-04 9.492332e-04 3.920440e-04
5.333609e+02 6.032765e-04 3.427662e-04 1.022427e-03 4.446366e-04
5.333985e+02 6.530462e-04 3.811900e-04 1.083393e-03 4.945551e-04
5.334360e+02 6.959619e-04 4.175476e-04 1.130020e-03 5.403177e-04
5.334736e+02 7.312492e-04 4.512419e-04 1.161668e-03 5.808378e-04
5.335111e+02 7.588019e-04 4.819380e-04 1.178951e-03 6.155171e-04
5.335487e+02 7.790930e-04 5.095540e-04 1.183443e-03 6.442819e-04
5.335862e+02 7.930427e-04 5.342206e-04 1.177347e-03 6.675601e-04
5.336238e+02 8.018636e-04 5.562170e-04 1.163174e-03 6.861996e-04
5.336613e+02 8.068961e-04 5.758948e-04 1.143458e-03 7.013359e-04
5.336989e+02 8.094515e-04 5.936035e-04 1.120533e-03 7.142184e-04
5.337364e+02 8.106751e-04 6.096307e-04 1.096382e-03 7.260124e-04
5.337740e+02 8.114407e-04 6.241660e-04 1.072555e-03 7.376005e-04
5.338115e+02 8.122874e-04 6.372944e-04 1.050151e-03 7.494167e-04
5.338491e+02 8.134056e-04 6.490168e-04 1.029852e-03 7.613474e-04
5.338866e+02 8.146719e-04 6.592905e-04 1.011994e-03 7.727312e-04
5.339242e+02 8.157291e-04 6.680770e-04 9.966398e-04 7.824706e-04
5.339617e+02 8.160954e-04 6.753817e-04 9.836589e-04 7.892456e-04
5.339993e+02 8.152830e-04 6.812742e-04 9.727860e-04 7.917888e-04
5.340368e+02 8.129040e-04 6.858819e-04 9.636678e-04 7.891623e-04
5.340744e+02 8.087436e-04 6.893601e-04 9.559022e-04 7.809684e-04
5.341119e+02 8.027898e-04 6.918490e-04 9.490794e-04 7.674409e-04
5.341495e+02 7.952197e-04 6.934347e-04 9.428322e-04 7.493920e-04
5.341870e+02 7.863536e-04 6.941307e-04 9.368974e-04 7.280327e-04
5.342246e+02 7.765942e-04 6.938901e-04 9.311789e-04 7.047136e-04
5.342622e+02 7.663694e-04 6.926477e-04 9.258005e-04 6.806602e-04
5.342997e+02 7.560928e-04 6.903818e-04 9.211290e-04 6.567676e-04
5.343373e+02 7.461451e-04 6.871728e-04 9.177572e-04 6.335053e-04
5.343748e+02 7.368740e-04 6.832400e-04 9.164395e-04 6.109425e-04
5.344124e+02 7.286010e-04 6.789393e-04 9.179888e-04 5.888747e-04
5.344499e+02 7.216243e-04 6.747183e-04 9.231496e-04 5.670051e-04
5.344875e+02 7.162107e-04 6.710381e-04 9.324706e-04 5.451234e-04
5.345250e+02 7.125736e-04 6.682829e-04 9.462025e-04 5.232353e-04
5.345626e+02 7.108452e-04 6.666814e-04 9.642403e-04 5.016137e-04
5.346001e+02 7.110505e-04 6.662618e-04 9.861223e-04 4.807675e-04
5.346377e+02 7.130957e-04 6.668532e-04 1.011086e-03 4.613473e-04
5.346752e+02 7.167770e-04 6.681345e-04 1.038174e-03 4.440224e-04
5.347128e+02 7.218147e-04 6.697176e-04 1.066362e-03 4.293644e-04
5.347503e+02 7.279048e-04 6.712477e-04 1.094698e-03 4.177688e-04
5.347879e+02 7.347795e-04 6.724978e-04 1.122411e-03 4.094295e-04
5.348254e+02 7.422639e-04 6.734379e-04 1.148989e-03 4.043643e-04
5.348630e+02 7.503131e-04 6.742683e-04 1.174195e-03 4.024755e-04
5.349005e+02 7.590229e-04 6.754095e-04 1.198040e-03 4.036193e-04
5.349381e+02 7.686087e-04 6.774539e-04 1.220712e-03 4.076605e-04
5.349756e+02 7.793569e-04 6.810863e-04 1.242490e-03 4.144939e-04
5.350132e+02 7.915573e-04 6.869829e-04 1.263662e-03 4.240271e-04
5.350507e+02 8.054309e-04 6.957017e-04 1.284455e-03 4.361360e-04
5.350883e+02 8.210664e-04 7.075757e-04 1.305015e-03 4.506089e-04
5.351258e+02 8.383764e-04 7.226227e-04 1.325402e-03 4.671044e-04
5.351634e+02 8.570827e-04 7.404855e-04 1.345624e-03 4.851381e-04
5.352010e+02 8.767316e-04 7.604151e-04 1.365673e-03 5.041073e-04
5.352385e+02 8.967378e-04 7.813100e-04 1.385556e-03 5.233477e-04
5.352761e+02 9.164494e-04 8.018159e-04 1.405325e-03 5.422075e-04
5.353136e+02 9.352266e-04 8.204800e-04 1.425083e-03 5.601171e-04
5.353512e+02 9.525223e-04 8.359443e-04 1.444985e-03 5.766376e-04
5.353887e+02 9.679562e-04 8.471468e-04 1.465245e-03 5.914768e-04
5.354263e+02 9.813693e-04 8.534971e-04 1.486139e-03 6.044716e-04
5.354638e+02 9.928526e-04 8.549895e-04 1.508021e-03 6.155469e-04
5.355014e+02 1.002743e-03 8.522285e-04 1.531331e-03 6.246684e-04
5.355389e+02 1.011581e-03 8.463568e-04 1.556585e-03 6.318026e-04
5.355765e+02 1.020045e-03 8.388953e-04 1.584340e-03 6.369000e-04
5.356140e+02 1.028851e-03 8.315227e-04 1.615128e-03 6.399021e-04
5.356516e+02 1.038653e-03 8.258328e-04 1.649357e-03 6.407691e-04
5.356891e+02 1.049950e-03 8.231121e-04 1.687221e-03 6.395163e-04
5.357267e+02 1.063015e-03 8.241739e-04 1.728624e-03 6.362456e-04
5.357642e+02 1.077865e-03 8.292736e-04 1.773163e-03 6.311598e-04
5.358018e+02 1.094280e-03 8.381159e-04 1.820168e-03 6.245550e-04
5.358393e+02 1.111853e-03 8.499478e-04 1.868819e-03 6.167926e-04
5.358769e+02 1.130096e-03 8.637223e-04 1.918308e-03 6.082586e-04
5.359144e+02 1.148549e-03 8.783075e-04 1.968016e-03 5.993218e-04
5.359520e+02 1.166896e-03 8.927116e-04 2.017673e-03 5.903017e-04
5.359895e+02 1.185063e-03 9.062931e-04 2.067446e-03 5.814507e-04
5.360271e+02 1.203272e-03 9.189268e-04 2.117935e-03 5.729536e-04
5.360646e+02 1.222036e-03 9.310992e-04 2.170073e-03 5.649367e-04
5.361022e+02 1.242105e-03 9.439146e-04 2.224917e-03 5.574824e-04
5.361398e+02 1.264344e-03 9.590013e-04 2.283390e-03 5.506393e-04
5.361773e+02 1.289587e-03 9.783231e-04 2.346012e-03 5.444261e-04
5.362149e+02 1.318472e-03 1.003913e-03 2.412675e-03 5.388283e-04
5.362524e+02 1.351299e-03 1.037568e-03 2.482537e-03 5.337914e-04
5.362900e+02 1.387938e-03 1.080543e-03 2.554054e-03 5.292176e-04
5.363275e+02 1.427814e-03 1.133307e-03 2.625164e-03 5.249706e-04
5.363651e+02 1.469965e-03 1.195400e-03 2.693602e-03 5.208936e-04
5.364026e+02 1.513182e-03 1.265434e-03 2.757273e-03 5.168401e-04
5.364402e+02 1.556187e-03 1.341234e-03 2.814611e-03 5.127155e-04
5.364777e+02 1.597826e-03 1.420118e-03 2.864837e-03 5.085236e-04
5.365153e+02 1.637244e-03 1.499258e-03 2.908067e-03 5.044072e-04
5.365528e+02 1.673991e-03 1.576060e-03 2.945236e-03 5.006770e-04
5.365904e+02 1.708063e-03 1.648487e-03 2.977883e-03 4.978180e-04
5.366279e+02 1.739852e-03 1.715265e-03 3.007821e-03 4.964694e-04
5.366655e+02 1.770040e-03 1.775946e-03 3.036796e-03 4.973787e-04
5.367030e+02 1.799446e-03 1.830806e-03 3.066196e-03 5.013344e-04
5.367406e+02 1.828856e-03 1.880631e-03 3.096848e-03 5.090885e-04
5.367781e+02 1.858884e-03 1.926432e-03 3.128939e-03 5.212794e-04
5.368157e+02 1.889862e-03 1.969176e-03 3.162042e-03 5.383673e-04
5.368532e+02 1.921793e-03 2.009565e-03 3.195226e-03 5.605875e-04
5.368908e+02 1.954358e-03 2.047927e-03 3.227224e-03 5.879238e-04
5.369283e+02 1.986977e-03 2.084212e-03 3.256623e-03 6.200964e-04
5.369659e+02 2.018912e-03 2.118101e-03 3.282078e-03 6.565588e-04
5.370034e+02 2.049389e-03 2.149160e-03 3.302507e-03 6.965011e-04
5.370410e+02 2.077723e-03 2.177035e-03 3.317275e-03 7.388584e-04
5.370786e+02 2.103420e-03 2.201612e-03 3.326312e-03 7.823351e-04
5.371161e+02 2.126242e-03 2.223113e-03 3.330162e-03 8.254523e-04
5.371537e+02 2.146220e-03 2.242108e-03 3.329923e-03 8.666299e-04
5.371912e+02 2.163603e-03 2.259433e-03 3.327072e-03 9.043037e-04
5.372288e+02 2.178768e-03 2.276022e-03 3.323213e-03 9.370678e-04
5.372663e+02 2.192099e-03 2.292706e-03 3.319769e-03 9.638238e-04
5.373039e+02 2.203874e-03 2.310010e-03 3.317704e-03 9.839070e-04
5.373414e+02 2.214171e-03 2.328013e-03 3.317334e-03 9.971673e-04
5.373790e+02 2.222842e-03 2.346287e-03 3.318256e-03 1.003984e-03
5.374165e+02 2.229535e-03 2.363955e-03 3.319441e-03 1.005209e-03
5.374541e+02 2.233777e-03 2.379836e-03 3.319440e-03 1.002055e-03
5.374916e+02 2.235091e-03 2.392657e-03 3.316678e-03 9.959365e-04
5.375292e+02 2.233116e-03 2.401282e-03 3.309766e-03 9.883001e-04
5.375667e+02 2.227714e-03 2.404911e-03 3.297761e-03 9.804685e-04
5.376043e+02 2.219032e-03 2.403237e-03 3.280345e-03 9.735126e-04
5.376418e+02 2.207525e-03 2.396517e-03 3.257888e-03 9.681692e-04
5.376794e+02 2.193929e-03 2.385581e-03 3.231401e-03 9.648061e-04
5.377169e+02 2.179204e-03 2.371777e-03 3.202401e-03 9.634342e-04
5.377545e+02 2.164443e-03 2.356859e-03 3.172714e-03 9.637557e-04
5.377920e+02 2.150782e-03 2.342846e-03 3.144260e-03 9.652404e-04
5.378296e+02 2.139302e-03 2.331848e-03 3.118843e-03 9.672161e-04
5.378671e+02 2.130943e-03 2.325888e-03 3.097982e-03 9.689597e-04
5.379047e+02 2.126439e-03 2.326738e-03 3.082798e-03 9.697804e-04
5.379422e+02 2.126280e-03 2.335783e-03 3.073969e-03 9.690876e-04
5.379798e+02 2.130710e-03 2.353935e-03 3.071752e-03 9.664428e-04
5.380174e+02 2.139761e-03 2.381616e-03 3.076071e-03 9.615966e-04
5.380549e+02 2.153313e-03 2.418787e-03 3.086635e-03 9.545173e-04
5.380925e+02 2.171171e-03 2.465029e-03 3.103073e-03 9.454103e-04
5.381300e+02 2.193137e-03 2.519629e-03 3.125055e-03 9.347275e-04
5.381676e+02 2.219058e-03 2.581668e-03 3.152348e-03 9.231572e-04
5.382051e+02 2.248823e-03 2.650062e-03 3.184820e-03 9.115852e-04
5.382427e+02 2.282322e-03 2.723580e-03 3.222368e-03 9.010183e-04
5.382802e+02 2.319355e-03 2.800811e-03 3.264782e-03 8.924713e-04
5.383178e+02 2.359520e-03 2.880134e-03 3.311597e-03 8.868289e-04
5.383553e+02 2.402117e-03 2.959695e-03 3.361947e-03 8.847078e-04
5.383929e+02 2.446081e-03 3.037426e-03 3.414470e-03 8.863470e-04
5.384304e+02 2.489992e-03 3.111126e-03 3.467293e-03 8.915563e-04
5.384680e+02 2.532151e-03 3.178604e-03 3.518109e-03 8.997399e-04
5.385055e+02 2.570732e-03 3.237860e-03 3.564343e-03 9.099938e-04
5.385431e+02 2.603977e-03 3.287285e-03 3.603385e-03 9.212616e-04
5.385806e+02 2.630399e-03 3.325823e-03 3.632861e-03 9.325147e-04
5.386182e+02 2.648962e-03 3.353071e-03 3.650895e-03 9.429206e-04
5.386557e+02 2.659191e-03 3.369274e-03 3.656331e-03 9.519659e-04
5.386933e+02 2.661203e-03 3.375222e-03 3.648876e-03 9.595120e-04
5.387308e+02 2.655663e-03 3.372056e-03 3.629155e-03 9.657791e-04
5.387684e+02 2.643661e-03 3.361045e-03 3.598670e-03 9.712683e-04
5.388059e+02 2.626565e-03 3.343363e-03 3.559687e-03 9.766439e-04
5.388435e+02 2.605865e-03 3.319945e-03 3.515047e-03 9.826037e-04
5.388810e+02 2.583049e-03 3.291441e-03 3.467944e-03 9.897607e-04
5.389186e+02 2.559503e-03 3.258285e-03 3.421669e-03 9.985549e-04
5.389562e+02 2.536466e-03 3.220849e-03 3.379346e-03 1.009205e-03
5.389937e+02 2.514998e-03 3.179633e-03 3.343667e-03 1.021695e-03
5.390313e+02 2.495961e-03 3.135430e-03 3.316655e-03 1.035798e-03
5.390688e+02 2.479996e-03 3.089413e-03 3.299460e-03 1.051114e-03
5.391064e+02 2.467497e-03 3.043110e-03 3.292255e-03 1.067127e-03
5.391439e+02 2.458586e-03 2.998282e-03 3.294218e-03 1.083259e-03
5.391815e+02 2.453106e-03 2.956724e-03 3.303661e-03 1.098932e-03
5.392190e+02 2.450649e-03 2.920058e-03 3.318272e-03 1.113618e-03
5.392566e+02 2.450629e-03 2.889547e-03 3.335452e-03 1.126890e-03
5.392941e+02 2.452380e-03 2.865989e-03 3.352694e-03 1.138457e-03
5.393317e+02 2.455267e-03 2.849679e-03 3.367934e-03 1.148188e-03
5.393692e+02 2.458781e-03 2.840433e-03 3.379798e-03 1.156113e-03
5.394068e+02 2.462590e-03 2.837651e-03 3.387720e-03 1.162399e-03
5.394443e+02 2.466532e-03 2.840391e-03 3.391888e-03 1.167317e-03
5.394819e+02 2.470568e-03 2.847452e-03 3.393069e-03 1.171182e-03
5.395194e+02 2.474707e-03 2.857471e-03 3.392341e-03 1.174308e-03
5.395570e+02 2.478942e-03 2.869047e-03 3.390815e-03 1.176963e-03
5.395945e+02 2.483221e-03 2.880914e-03 3.389399e-03 1.179351e-03
5.396321e+02 2.487471e-03 2.892134e-03 3.388655e-03 1.181623e-03
5.396696e+02 2.491655e-03 2.902295e-03 3.388768e-03 1.183900e-03
5.397072e+02 2.495853e-03 2.911646e-03 3.389606e-03 1.186308e-03
5.397447e+02 2.500321e-03 2.921128e-03 3.390839e-03 1.188996e-03
5.397823e+02 2.505492e-03 2.932266e-03 3.392072e-03 1.192138e-03
5.398198e+02 2.511925e-03 2.946937e-03 3.392947e-03 1.195891e-03
5.398574e+02 2.520190e-03 2.967038e-03 3.393197e-03 1.200335e-03
5.398950e+02 2.530733e-03 2.994153e-03 3.392644e-03 1.205401e-03
5.399325e+02 2.543749e-03 3.029261e-03 3.391169e-03 1.210818e-03
5.399701e+02 2.559122e-03 3.072569e-03 3.388698e-03 1.216100e-03
5.400076e+02 2.576431e-03 3.123484e-03 3.385215e-03 1.220593e-03
5.400452e+02 2.595044e-03 3.180716e-03 3.380848e-03 1.223568e-03
5.400827e+02 2.614282e-03 3.242477e-03 3.375999e-03 1.224369e-03
5.401203e+02 2.633588e-03 3.306728e-03 3.371491e-03 1.222546e-03
5.401578e+02 2.652688e-03 3.371410e-03 3.368673e-03 1.217982e-03
5.401954e+02 2.671674e-03 3.434639e-03 3.369434e-03 1.210948e-03
5.402329e+02 2.690995e-03 3.494836e-03 3.376063e-03 1.202088e-03
5.402705e+02 2.711364e-03 3.550788e-03 3.390971e-03 1.192334e-03
5.403080e+02 2.733580e-03 3.601676e-03 3.416295e-03 1.182768e-03
5.403456e+02 2.758323e-03 3.647069e-03 3.453441e-03 1.174460e-03
5.403831e+02 2.785973e-03 3.686920e-03 3.502691e-03 1.168308e-03
5.404207e+02 2.816474e-03 3.721568e-03 3.562925e-03 1.164930e-03
5.404582e+02 2.849300e-03 3.751750e-03 3.631556e-03 1.164594e-03
5.404958e+02 2.883509e-03 3.778608e-03 3.704701e-03 1.167219e-03
5.405333e+02 2.917886e-03 3.803679e-03 3.777557e-03 1.172423e-03
5.405709e+02 2.951129e-03 3.828838e-03 3.844936e-03 1.179613e-03
5.406084e+02 2.982049e-03 3.856186e-03 3.901875e-03 1.188086e-03
5.406460e+02 3.009738e-03 3.887875e-03 3.944204e-03 1.197134e-03
5.406835e+02 3.033667e-03 3.925867e-03 3.969013e-03 1.206121e-03
5.407211e+02 3.053717e-03 3.971677e-03 3.974942e-03 1.214533e-03
5.407586e+02 3.070126e-03 4.026105e-03 3.962281e-03 1.221991e-03
5.407962e+02 3.083386e-03 4.089033e-03 3.932882e-03 1.228244e-03
5.408338e+02 3.094121e-03 4.159306e-03 3.889919e-03 1.233139e-03
5.408713e+02 3.102959e-03 4.234743e-03 3.837535e-03 1.236600e-03
5.409089e+02 3.110443e-03 4.312284e-03 3.780431e-03 1.238613e-03
5.409464e+02 3.116978e-03 4.388275e-03 3.723430e-03 1.239228e-03
5.409840e+02 3.122819e-03 4.458830e-03 3.671059e-03 1.238566e-03
5.410215e+02 3.128081e-03 4.520255e-03 3.627162e-03 1.236827e-03
5.410591e+02 3.132767e-03 4.569446e-03 3.594576e-03 1.234280e-03
5.410966e+02 3.136788e-03 4.604228e-03 3.574896e-03 1.231239e-03
5.411342e+02 3.139976e-03 4.623590e-03 3.568331e-03 1.228008e-03
5.411717e+02 3.142109e-03 4.627800e-03 3.573692e-03 1.224834e-03
5.412093e+02 3.142926e-03 4.618399e-03 3.588530e-03 1.221849e-03
5.412468e+02 3.142180e-03 4.598080e-03 3.609409e-03 1.219050e-03
5.412844e+02 3.139700e-03 4.570479e-03 3.632320e-03 1.216301e-03
5.413219e+02 3.135477e-03 4.539892e-03 3.653174e-03 1.213366e-03
5.413595e+02 3.129737e-03 4.510927e-03 3.668314e-03 1.209971e-03
5.413970e+02 3.122984e-03 4.488116e-03 3.674962e-03 1.205873e-03
5.414346e+02 3.115982e-03 4.475511e-03 3.671520e-03 1.200915e-03
5.414721e+02 3.109674e-03 4.476279e-03 3.657672e-03 1.195072e-03
5.415097e+02 3.105029e-03 4.492336e-03 3.634285e-03 1.188465e-03
5.415472e+02 3.102850e-03 4.524068e-03 3.603121e-03 1.181361e-03
5.415848e+02 3.103590e-03 4.570169e-03 3.566464e-03 1.174137e-03
5.416223e+02 3.107203e-03 4.627651e-03 3.526711e-03 1.167246e-03
5.416599e+02 3.113085e-03 4.692039e-03 3.486047e-03 1.161169e-03
5.416974e+02 3.120116e-03 4.757773e-03 3.446213e-03 1.156362e-03
5.417350e+02 3.126798e-03 4.818768e-03 3.408417e-03 1.153209e-03
5.417726e+02 3.131476e-03 4.869096e-03 3.373344e-03 1.151989e-03
5.418101e+02 3.132588e-03 4.903685e-03 3.341234e-03 1.152846e-03
5.418477e+02 3.128901e-03 4.918930e-03 3.311991e-03 1.155782e-03
5.418852e+02 3.119695e-03 4.913129e-03 3.285290e-03 1.160667e-03
5.419228e+02 3.104855e-03 4.886644e-03 3.260664e-03 1.167256e-03
5.419603e+02 3.084868e-03 4.841790e-03 3.237593e-03 1.175221e-03
5.419979e+02 3.060733e-03 4.782445e-03 3.215576e-03 1.184178e-03
5.420354e+02 3.033807e-03 4.713495e-03 3.194219e-03 1.193706e-03
5.420730e+02 3.005623e-03 4.640190e-03 3.173312e-03 1.203368e-03
5.421105e+02 2.977718e-03 4.567533e-03 3.152901e-03 1.212719e-03
5.421481e+02 2.951482e-03 4.499800e-03 3.133326e-03 1.221319e-03
5.421856e+02 2.928054e-03 4.440211e-03 3.115206e-03 1.228745e-03
5.422232e+02 2.908257e-03 4.390789e-03 3.099373e-03 1.234610e-03
5.422607e+02 2.892556e-03 4.352338e-03 3.086737e-03 1.238593e-03
5.422983e+02 2.881040e-03 4.324532e-03 3.078125e-03 1.240464e-03
5.423358e+02 2.873416e-03 4.306042e-03 3.074103e-03 1.240102e-03
5.423734e+02 2.869014e-03 4.294698e-03 3.074829e-03 1.237515e-03
5.424109e+02 2.866825e-03 4.287669e-03 3.079963e-03 1.232842e-03
5.424485e+02 2.865565e-03 4.281690e-03 3.088654e-03 1.226352e-03
5.424860e+02 2.863793e-03 4.273328e-03 3.099618e-03 1.218434e-03
5.425236e+02 2.860057e-03 4.259299e-03 3.111284e-03 1.209587e-03
5.425611e+02 2.853067e-03 4.236813e-03 3.121994e-03 1.200395e-03
5.425987e+02 2.841871e-03 4.203893e-03 3.130217e-03 1.191503e-03
5.426362e+02 2.825987e-03 4.159639e-03 3.134751e-03 1.183572e-03
5.426738e+02 2.805490e-03 4.104371e-03 3.134874e-03 1.177224e-03
5.427114e+02 2.781013e-03 4.039631e-03 3.130434e-03 1.172974e-03
5.427489e+02 2.753685e-03 3.968041e-03 3.121852e-03 1.171162e-03
5.427865e+02 2.724990e-03 3.893025e-03 3.110044e-03 1.171901e-03
5.428240e+02 2.696586e-03 3.818437e-03 3.096277e-03 1.175044e-03
5.428616e+02 2.670103e-03 3.748145e-03 3.081966e-03 1.180198e-03
5.428991e+02 2.646944e-03 3.685602e-03 3.068457e-03 1.186773e-03
5.429367e+02 2.628123e-03 3.633484e-03 3.056821e-03 1.194064e-03
5.429742e+02 2.614150e-03 3.593400e-03 3.047695e-03 1.201353e-03
5.430118e+02 2.604983e-03 3.565738e-03 3.041203e-03 1.208007e-03
5.430493e+02 2.600054e-03 3.549647e-03 3.036962e-03 1.213554e-03
5.430869e+02 2.598357e-03 3.543176e-03 3.034170e-03 1.217726e-03
5.431244e+02 2.598593e-03 3.543536e-03 3.031773e-03 1.220471e-03
5.431620e+02 2.599352e-03 3.547473e-03 3.028657e-03 1.221928e-03
5.431995e+02 2.599308e-03 3.551692e-03 3.023846e-03 1.222385e-03
5.432371e+02 2.597396e-03 3.553285e-03 3.016672e-03 1.222230e-03
5.432746e+02 2.592954e-03 3.550090e-03 3.006881e-03 1.221891e-03
5.433122e+02 2.585804e-03 3.540955e-03 2.994666e-03 1.221792e-03
5.433497e+02 2.576263e-03 3.525860e-03 2.980633e-03 1.222295e-03
5.433873e+02 2.565080e-03 3.505876e-03 2.965703e-03 1.223659e-03
5.434248e+02 2.553317e-03 3.482982e-03 2.950973e-03 1.225997e-03
5.434624e+02 2.542190e-03 3.459753e-03 2.937566e-03 1.229250e-03
5.434999e+02 2.532883e-03 3.438963e-03 2.926501e-03 1.233186e-03
5.435375e+02 2.526392e-03 3.423163e-03 2.918587e-03 1.237428e-03
5.435750e+02 2.523389e-03 3.414282e-03 2.914377e-03 1.241506e-03
5.436126e+02 2.524142e-03 3.413328e-03 2.914159e-03 1.244941e-03
5.436502e+02 2.528506e-03 3.420212e-03 2.917978e-03 1.247328e-03
5.436877e+02 2.535951e-03 3.433750e-03 2.925686e-03 1.248415e-03
5.437253e+02 2.545650e-03 3.451817e-03 2.936980e-03 1.248152e-03
5.437628e+02 2.556592e-03 3.471654e-03 2.951419e-03 1.246702e-03
5.438004e+02 2.567701e-03 3.490260e-03 2.968426e-03 1.244417e-03
5.438379e+02 2.577953e-03 3.504821e-03 2.987264e-03 1.241773e-03
5.438755e+02 2.586468e-03 3.513091e-03 3.007020e-03 1.239293e-03
5.439130e+02 2.592579e-03 3.513682e-03 3.026601e-03 1.237455e-03
5.439506e+02 2.595870e-03 3.506205e-03 3.044782e-03 1.236624e-03
5.439881e+02 2.596187e-03 3.491262e-03 3.060298e-03 1.237001e-03
5.440257e+02 2.593620e-03 3.470274e-03 3.071993e-03 1.238594e-03
5.440632e+02 2.588473e-03 3.445209e-03 3.078986e-03 1.241225e-03
5.441008e+02 2.581203e-03 3.418222e-03 3.080839e-03 1.244548e-03
5.441383e+02 2.572350e-03 3.391299e-03 3.077663e-03 1.248088e-03
5.441759e+02 2.562453e-03 3.365931e-03 3.070145e-03 1.251284e-03
5.442134e+02 2.551972e-03 3.342898e-03 3.059471e-03 1.253545e-03
5.442510e+02 2.541209e-03 3.322173e-03 3.047150e-03 1.254305e-03
5.442885e+02 2.530280e-03 3.302980e-03 3.034766e-03 1.253094e-03
5.443261e+02 2.519104e-03 3.283987e-03 3.023718e-03 1.249605e-03
5.443636e+02 2.507454e-03 3.263604e-03 3.014996e-03 1.243762e-03
5.444012e+02 2.495036e-03 3.240315e-03 3.009030e-03 1.235762e-03
5.444387e+02 2.481584e-03 3.213000e-03 3.005655e-03 1.226096e-03
5.444763e+02 2.466948e-03 3.181159e-03 3.004170e-03 1.215516e-03
5.445138e+02 2.451157e-03 3.145016e-03 3.003494e-03 1.204960e-03
5.445514e+02 2.434421e-03 3.105475e-03 3.002354e-03 1.195435e-03
5.445890e+02 2.417103e-03 3.063959e-03 2.999482e-03 1.187867e-03
5.446265e+02 2.399632e-03 3.022162e-03 2.993782e-03 1.182954e-03
5.446641e+02 2.382414e-03 2.981779e-03 2.984427e-03 1.181035e-03
5.447016e+02 2.365732e-03 2.944267e-03 2.970914e-03 1.182015e-03
5.447392e+02 2.349681e-03 2.910658e-03 2.953041e-03 1.185345e-03
5.447767e+02 2.334136e-03 2.881466e-03 2.930862e-03 1.190081e-03
5.448143e+02 2.318762e-03 2.856662e-03 2.904622e-03 1.195003e-03
5.448518e+02 2.303067e-03 2.835723e-03 2.874700e-03 1.198779e-03
5.448894e+02 2.286484e-03 2.817722e-03 2.841577e-03 1.200152e-03
5.449269e+02 2.268472e-03 2.801456e-03 2.805840e-03 1.198121e-03
5.449645e+02 2.248628e-03 2.785597e-03 2.768200e-03 1.192087e-03
5.450020e+02 2.226781e-03 2.768860e-03 2.729538e-03 1.181945e-03
5.450396e+02 2.203064e-03 2.750163e-03 2.690918e-03 1.168110e-03
5.450771e+02 2.177946e-03 2.728787e-03 2.653577e-03 1.151474e-03
5.451147e+02 2.152216e-03 2.704488e-03 2.618859e-03 1.133300e-03
5.451522e+02 2.126909e-03 2.677558e-03 2.588104e-03 1.115066e-03
5.451898e+02 2.103200e-03 2.648815e-03 2.562491e-03 1.098293e-03
5.452273e+02 2.082257e-03 2.619508e-03 2.542896e-03 1.084367e-03
5.452649e+02 2.065100e-03 2.591152e-03 2.529769e-03 1.074378e-03
5.453024e+02 2.052469e-03 2.565316e-03 2.523077e-03 1.069015e-03
5.453400e+02 2.044736e-03 2.543390e-03 2.522322e-03 1.068495e-03
5.453775e+02 2.041855e-03 2.526369e-03 2.526633e-03 1.072563e-03
5.454151e+02 2.043371e-03 2.514684e-03 2.534894e-03 1.080535e-03
5.454526e+02 2.048465e-03 2.508112e-03 2.545889e-03 1.091396e-03
5.454902e+02 2.056037e-03 2.505778e-03 2.558411e-03 1.103923e-03
5.455278e+02 2.064803e-03 2.506246e-03 2.571322e-03 1.116840e-03
5.455653e+02 2.073399e-03 2.507687e-03 2.583546e-03 1.128963e-03
5.456029e+02 2.080486e-03 2.508104e-03 2.594020e-03 1.139334e-03
5.456404e+02 2.084838e-03 2.505574e-03 2.601623e-03 1.147317e-03
5.456780e+02 2.085415e-03 2.498472e-03 2.605129e-03 1.152645e-03
5.457155e+02 2.081427e-03 2.485654e-03 2.603222e-03 1.155406e-03
5.457531e+02 2.072381e-03 2.466576e-03 2.594587e-03 1.155979e-03
5.457906e+02 2.058114e-03 2.441338e-03 2.578070e-03 1.154932e-03
5.458282e+02 2.038823e-03 2.410671e-03 2.552891e-03 1.152907e-03
5.458657e+02 2.015072e-03 2.375856e-03 2.518849e-03 1.150511e-03
5.459033e+02 1.987773e-03 2.338607e-03 2.476476e-03 1.148237e-03
5.459408e+02 1.958143e-03 2.300908e-03 2.427095e-03 1.146427e-03
5.459784e+02 1.927621e-03 2.264839e-03 2.372754e-03 1.145271e-03
5.460159e+02 1.897748e-03 2.232371e-03 2.316039e-03 1.144834e-03
5.460535e+02 1.870026e-03 2.205172e-03 2.259805e-03 1.145099e-03
5.460910e+02 1.845760e-03 2.184421e-03 2.206854e-03 1.146004e-03
5.461286e+02 1.825922e-03 2.170666e-03 2.159632e-03 1.147467e-03
5.461661e+02 1.811041e-03 2.163747e-03 2.119977e-03 1.149398e-03
5.462037e+02 1.801153e-03 2.162799e-03 2.088965e-03 1.151696e-03
5.462412e+02 1.795818e-03 2.166353e-03 2.066862e-03 1.154239e-03
5.462788e+02 1.794201e-03 2.172524e-03 2.053189e-03 1.156888e-03
5.463163e+02 1.795206e-03 2.179259e-03 2.046874e-03 1.159485e-03
5.463539e+02 1.797645e-03 2.184602e-03 2.046454e-03 1.161879e-03
5.463914e+02 1.800393e-03 2.186932e-03 2.050305e-03 1.163942e-03
5.464290e+02 1.802523e-03 2.185131e-03 2.056838e-03 1.165600e-03
5.464666e+02 1.803375e-03 2.178641e-03 2.064647e-03 1.166836e-03
5.465041e+02 1.802567e-03 2.167429e-03 2.072585e-03 1.167689e-03
5.465417e+02 1.799952e-03 2.151866e-03 2.079761e-03 1.168230e-03
5.465792e+02 1.795531e-03 2.132569e-03 2.085492e-03 1.168531e-03
5.466168e+02 1.789365e-03 2.110253e-03 2.089218e-03 1.168624e-03
5.466543e+02 1.781505e-03 2.085614e-03 2.090421e-03 1.168479e-03
5.466919e+02 1.771954e-03 2.059285e-03 2.088567e-03 1.168009e-03
5.467294e+02 1.760673e-03 2.031826e-03 2.083098e-03 1.167094e-03
5.467670e+02 1.747617e-03 2.003760e-03 2.073457e-03 1.165635e-03
5.468045e+02 1.732790e-03 1.975601e-03 2.059156e-03 1.163614e-03
5.468421e+02 1.716290e-03 1.947868e-03 2.039858e-03 1.161143e-03
5.468796e+02 1.698338e-03 1.921072e-03 2.015457e-03 1.158484e-03
5.469172e+02 1.679280e-03 1.895672e-03 1.986145e-03 1.156025e-03
5.469547e+02 1.659560e-03 1.872027e-03 1.952442e-03 1.154210e-03
5.469923e+02 1.639670e-03 1.850370e-03 1.915195e-03 1.153446e-03
5.470298e+02 1.620109e-03 1.830788e-03 1.875542e-03 1.153997e-03
5.470674e+02 1.601330e-03 1.813253e-03 1.834843e-03 1.155894e-03
5.471049e+02 1.583717e-03 1.797662e-03 1.794591e-03 1.158897e-03
5.471425e+02 1.567569e-03 1.783885e-03 1.756313e-03 1.162508e-03
5.471800e+02 1.553095e-03 1.771797e-03 1.721446e-03 1.166043e-03
5.472176e+02 1.540414e-03 1.761277e-03 1.691221e-03 1.168745e-03
5.472551e+02 1.529542e-03 1.752181e-03 1.666530e-03 1.169914e-03
5.472927e+02 1.520377e-03 1.744279e-03 1.647821e-03 1.169030e-03
5.473302e+02 1.512687e-03 1.737210e-03 1.635008e-03 1.165842e-03
5.473678e+02 1.506097e-03 1.730449e-03 1.627436e-03 1.160406e-03
5.474054e+02 1.500106e-03 1.723323e-03 1.623917e-03 1.153077e-03
5.474429e+02 1.494125e-03 1.715079e-03 1.622846e-03 1.144449e-03
5.474805e+02 1.487550e-03 1.704993e-03 1.622385e-03 1.135271e-03
5.475180e+02 1.479846e-03 1.692493e-03 1.620710e-03 1.126335e-03
5.475556e+02 1.470634e-03 1.677269e-03 1.616258e-03 1.118375e-03
5.475931e+02 1.459751e-03 1.659339e-03 1.607947e-03 1.111965e-03
5.476307e+02 1.447276e-03 1.639059e-03 1.595324e-03 1.107445e-03
5.476682e+02 1.433513e-03 1.617064e-03 1.578601e-03 1.104873e-03
5.477058e+02 1.418931e-03 1.594177e-03 1.558594e-03 1.104023e-03
5.477433e+02 1.404085e-03 1.571283e-03 1.536561e-03 1.104412e-03
5.477809e+02 1.389530e-03 1.549222e-03 1.513987e-03 1.105382e-03
5.478184e+02 1.375749e-03 1.528703e-03 1.492344e-03 1.106201e-03
5.478560e+02 1.363105e-03 1.510256e-03 1.472878e-03 1.106180e-03
5.478935e+02 1.351820e-03 1.494224e-03 1.456443e-03 1.104794e-03
5.479311e+02 1.341980e-03 1.480774e-03 1.443410e-03 1.101757e-03
5.479686e+02 1.333549e-03 1.469919e-03 1.433654e-03 1.097073e-03
5.480062e+02 1.326392e-03 1.461538e-03 1.426613e-03 1.091024e-03
5.480437e+02 1.320303e-03 1.455391e-03 1.421401e-03 1.084115e-03
5.480813e+02 1.315027e-03 1.451130e-03 1.416968e-03 1.076982e-03
5.481188e+02 1.310285e-03 1.448307e-03 1.412266e-03 1.070282e-03
5.481564e+02 1.305804e-03 1.446412e-03 1.406413e-03 1.064585e-03
5.481939e+02 1.301342e-03 1.444909e-03 1.398823e-03 1.060295e-03
5.482315e+02 1.296727e-03 1.443297e-03 1.389290e-03 1.057593e-03
5.482690e+02 1.291874e-03 1.441170e-03 1.378017e-03 1.056435e-03
5.483066e+02 1.286805e-03 1.438262e-03 1.365579e-03 1.056573e-03
5.483442e+02 1.281641e-03 1.434466e-03 1.352835e-03 1.057620e-03
5.483817e+02 1.276581e-03 1.429820e-03 1.340802e-03 1.059121e-03
5.484193e+02 1.271862e-03 1.424465e-03 1.330496e-03 1.060625e-03
5.484568e+02 1.267707e-03 1.418581e-03 1.322777e-03 1.061762e-03
5.484944e+02 1.264273e-03 1.412324e-03 1.318213e-03 1.062282e-03
5.485319e+02 1.261614e-03 1.405777e-03 1.316981e-03 1.062083e-03
5.485695e+02 1.259655e-03 1.398929e-03 1.318820e-03 1.061217e-03
5.486070e+02 1.258201e-03 1.391681e-03 1.323056e-03 1.059865e-03
5.486446e+02 1.256963e-03 1.383889e-03 1.328689e-03 1.058310e-03
5.486821e+02 1.255610e-03 1.375410e-03 1.334528e-03 1.056891e-03
5.487197e+02 1.253831e-03 1.366166e-03 1.339363e-03 1.055962e-03
5.487572e+02 1.251397e-03 1.356191e-03 1.342147e-03 1.055853e-03
5.487948e+02 1.248211e-03 1.345658e-03 1.342135e-03 1.056839e-03
5.488323e+02 1.244327e-03 1.334883e-03 1.338982e-03 1.059117e-03
5.488699e+02 1.239953e-03 1.324304e-03 1.332763e-03 1.062791e-03
5.489074e+02 1.235402e-03 1.314427e-03 1.323916e-03 1.067862e-03
5.489450e+02 1.231040e-03 1.305764e-03 1.313131e-03 1.074225e-03
5.489825e+02 1.227208e-03 1.298759e-03 1.301201e-03 1.081665e-03
5.490201e+02 1.224154e-03 1.293727e-03 1.288871e-03 1.089866e-03
5.490576e+02 1.221982e-03 1.290804e-03 1.276724e-03 1.098419e-03
5.490952e+02 1.220635e-03 1.289935e-03 1.265120e-03 1.106849e-03
5.491327e+02 1.219907e-03 1.290889e-03 1.254195e-03 1.114638e-03
5.491703e+02 1.219499e-03 1.293297e-03 1.243930e-03 1.121270e-03
5.492078e+02 1.219076e-03 1.296719e-03 1.234236e-03 1.126274e-03
5.492454e+02 1.218346e-03 1.300709e-03 1.225060e-03 1.129268e-03
5.492830e+02 1.217113e-03 1.304875e-03 1.216461e-03 1.130002e-03
5.493205e+02 1.215316e-03 1.308918e-03 1.208643e-03 1.128387e-03
5.493581e+02 1.213036e-03 1.312659e-03 1.201940e-03 1.124508e-03
5.493956e+02 1.210464e-03 1.316023e-03 1.196750e-03 1.118620e-03
5.494332e+02 1.207862e-03 1.319014e-03 1.193450e-03 1.111120e-03
5.494707e+02 1.205491e-03 1.321671e-03 1.192296e-03 1.102507e-03
5.495083e+02 1.203555e-03 1.324002e-03 1.193341e-03 1.093322e-03
5.495458e+02 1.202142e-03 1.325938e-03 1.196392e-03 1.084095e-03
5.495834e+02 1.201192e-03 1.327287e-03 1.200999e-03 1.075291e-03
5.496209e+02 1.200496e-03 1.327720e-03 1.206499e-03 1.067267e-03
5.496585e+02 1.199712e-03 1.326792e-03 1.212091e-03 1.060253e-03
5.496960e+02 1.198423e-03 1.323994e-03 1.216934e-03 1.054342e-03
5.497336e+02 1.196197e-03 1.318832e-03 1.220258e-03 1.049502e-03
5.497711e+02 1.192657e-03 1.310918e-03 1.221461e-03 1.045591e-03
5.498087e+02 1.187533e-03 1.300045e-03 1.220173e-03 1.042379e-03
5.498462e+02 1.180700e-03 1.286241e-03 1.216288e-03 1.039571e-03
5.498838e+02 1.172180e-03 1.269770e-03 1.209938e-03 1.036830e-03
5.499213e+02 1.162117e-03 1.251107e-03 1.201439e-03 1.033804e-03
5.499589e+02 1.150741e-03 1.230865e-03 1.191205e-03 1.030154e-03
5.499964e+02 1.138322e-03 1.209716e-03 1.179655e-03 1.025593e-03
5.500340e+02 1.125125e-03 1.188310e-03 1.167141e-03 1.019925e-03
5.500715e+02 1.111393e-03 1.167206e-03 1.153894e-03 1.013078e-03
5.501091e+02 1.097328e-03 1.146833e-03 1.140018e-03 1.005134e-03
5.501466e+02 1.083104e-03 1.127472e-03 1.125508e-03 9.963327e-04
5.501842e+02 1.068875e-03 1.109263e-03 1.110300e-03 9.870634e-04
5.502218e+02 1.054794e-03 1.092231e-03 1.094327e-03 9.778231e-04
5.502593e+02 1.041021e-03 1.076321e-03 1.077579e-03 9.691638e-04
5.502969e+02 1.027738e-03 1.061445e-03 1.060141e-03 9.616284e-04
5.503344e+02 1.015142e-03 1.047522e-03 1.042216e-03 9.556881e-04
5.503720e+02 1.003442e-03 1.034512e-03 1.024123e-03 9.516915e-04
5.504095e+02 9.928476e-04 1.022443e-03 1.006270e-03 9.498292e-04
5.504471e+02 9.835511e-04 1.011411e-03 9.891238e-04 9.501186e-04
5.504846e+02 9.757079e-04 1.001565e-03 9.731528e-04 9.524061e-04
5.505222e+02 9.694157e-04 9.930808e-04 9.587810e-04 9.563852e-04
5.505597e+02 9.646962e-04 9.861202e-04 9.463410e-04 9.616273e-04
5.505973e+02 9.614859e-04 9.807938e-04 9.360414e-04 9.676224e-04
5.506348e+02 9.596379e-04 9.771334e-04 9.279527e-04 9.738276e-04
5.506724e+02 9.589379e-04 9.750788e-04 9.220146e-04 9.797202e-04
5.507099e+02 9.591307e-04 9.744796e-04 9.180630e-04 9.848494e-04
5.507475e+02 9.599532e-04 9.751094e-04 9.158700e-04 9.888803e-04
5.507850e+02 9.611645e-04 9.766852e-04 9.151881e-04 9.916203e-04
5.508226e+02 9.625662e-04 9.788862e-04 9.157893e-04 9.930230e-04
5.508601e+02 9.640080e-04 9.813690e-04 9.174893e-04 9.931657e-04
5.508977e+02 9.653794e-04 9.837788e-04 9.201541e-04 9.922054e-04
5.509352e+02 9.665918e-04 9.857629e-04 9.236910e-04 9.903216e-04
5.509728e+02 9.675602e-04 9.869905e-04 9.280271e-04 9.876629e-04
5.510103e+02 9.681931e-04 9.871832e-04 9.330853e-04 9.843109e-04
5.510479e+02 9.683974e-04 9.861561e-04 9.387613e-04 9.802749e-04
5.510854e+02 9.680962e-04 9.838610e-04 9.449087e-04 9.755189e-04
5.511230e+02 9.672560e-04 9.804223e-04 9.513309e-04 9.700148e-04
5.511606e+02 9.659119e-04 9.761497e-04 9.577805e-04 9.638055e-04
5.511981e+02 9.641793e-04 9.715188e-04 9.639625e-04 9.570565e-04
5.512357e+02 9.622445e-04 9.671147e-04 9.695420e-04 9.500768e-04
5.512732e+02 9.603328e-04 9.635465e-04 9.741552e-04 9.432965e-04
5.513108e+02 9.586585e-04 9.613446e-04 9.774268e-04 9.372040e-04
5.513483e+02 9.573715e-04 9.608645e-04 9.789942e-04 9.322559e-04
5.513859e+02 9.565144e-04 9.622167e-04 9.785429e-04 9.287837e-04
5.514234e+02 9.560036e-04 9.652390e-04 9.758475e-04 9.269242e-04
5.514610e+02 9.556425e-04 9.695186e-04 9.708161e-04 9.265927e-04
5.514985e+02 9.551647e-04 9.744581e-04 9.635273e-04 9.275087e-04
5.515361e+02 9.542969e-04 9.793728e-04 9.542522e-04 9.292658e-04
5.515736e+02 9.528245e-04 9.835970e-04 9.434490e-04 9.314273e-04
5.516112e+02 9.506425e-04 9.865795e-04 9.317295e-04 9.336186e-04
5.516487e+02 9.477793e-04 9.879505e-04 9.197945e-04 9.355929e-04
5.516863e+02 9.443846e-04 9.875522e-04 9.083498e-04 9.372518e-04
5.517238e+02 9.406883e-04 9.854300e-04 8.980152e-04 9.386196e-04
5.517614e+02 9.369401e-04 9.817944e-04 8.892448e-04 9.397812e-04
5.517989e+02 9.333485e-04 9.769627e-04 8.822741e-04 9.408087e-04
5.518365e+02 9.300336e-04 9.712950e-04 8.771065e-04 9.416992e-04
5.518740e+02 9.270076e-04 9.651360e-04 8.735389e-04 9.423478e-04
5.519116e+02 9.241847e-04 9.587703e-04 8.712212e-04 9.425627e-04
5.519491e+02 9.214170e-04 9.523961e-04 8.697337e-04 9.421211e-04
5.519867e+02 9.185426e-04 9.461169e-04 8.686638e-04 9.408472e-04
5.520242e+02 9.154352e-04 9.399501e-04 8.676663e-04 9.386891e-04
5.520618e+02 9.120378e-04 9.338473e-04 8.664966e-04 9.357695e-04
5.520994e+02 9.083769e-04 9.277224e-04 8.650138e-04 9.323946e-04
5.521369e+02 9.045523e-04 9.214811e-04 8.631618e-04 9.290141e-04
5.521745e+02 9.007085e-04 9.150481e-04 8.609362e-04 9.261411e-04
5.522120e+02 8.969960e-04 9.083872e-04 8.583501e-04 9.242506e-04
5.522496e+02 8.935322e-04 9.015106e-04 8.554066e-04 9.236793e-04
5.522871e+02 8.903703e-04 8.944780e-04 8.520821e-04 9.245508e-04
5.523247e+02 8.874824e-04 8.873864e-04 8.483202e-04 9.267406e-04
5.523622e+02 8.847594e-04 8.803532e-04 8.440365e-04 9.298886e-04
5.523998e+02 8.820279e-04 8.734992e-04 8.391293e-04 9.334552e-04
5.524373e+02 8.790800e-04 8.669354e-04 8.334976e-04 9.368070e-04
5.524749e+02 8.757125e-04 8.607569e-04 8.270640e-04 9.393166e-04
5.525124e+02 8.717675e-04 8.550448e-04 8.198010e-04 9.404566e-04
5.525500e+02 8.671687e-04 8.498744e-04 8.117581e-04 9.398735e-04
5.525875e+02 8.619455e-04 8.453236e-04 8.030833e-04 9.374296e-04
5.526251e+02 8.562393e-04 8.414778e-04 7.940320e-04 9.332080e-04
5.526626e+02 8.502892e-04 8.384263e-04 7.849589e-04 9.274824e-04
5.527002e+02 8.443987e-04 8.362481e-04 7.762888e-04 9.206594e-04
5.527377e+02 8.388868e-04 8.349882e-04 7.684687e-04 9.132034e-04
5.527753e+02 8.340324e-04 8.346306e-04 7.619073e-04 9.055593e-04
5.528128e+02 8.300230e-04 8.350706e-04 7.569112e-04 8.980872e-04
5.528504e+02 8.269152e-04 8.360966e-04 7.536292e-04 8.910197e-04
5.528879e+02 8.246167e-04 8.373857e-04 7.520154e-04 8.844491e-04
5.529255e+02 8.228930e-04 8.385164e-04 7.518178e-04 8.783446e-04
5.529630e+02 8.213964e-04 8.390011e-04 7.525973e-04 8.725908e-04
5.530006e+02 8.197150e-04 8.383332e-04 7.537749e-04 8.670368e-04
5.530382e+02 8.174299e-04 8.360454e-04 7.547029e-04 8.615413e-04
5.530757e+02 8.141726e-04 8.317680e-04 7.547479e-04 8.560018e-04
5.531133e+02 8.096718e-04 8.252794e-04 7.533747e-04 8.503613e-04
5.531508e+02 8.037834e-04 8.165384e-04 7.502174e-04 8.445944e-04
5.531884e+02 7.964988e-04 8.056931e-04 7.451241e-04 8.386793e-04
5.532259e+02 7.879342e-04 7.930648e-04 7.381694e-04 8.325684e-04
5.532635e+02 7.783033e-04 7.791086e-04 7.296318e-04 8.261694e-04
5.533010e+02 7.678813e-04 7.643591e-04 7.199403e-04 8.193444e-04
5.533386e+02 7.569661e-04 7.493683e-04 7.096009e-04 8.119292e-04
5.533761e+02 7.458441e-04 7.346474e-04 6.991165e-04 8.037685e-04
5.534137e+02 7.347631e-04 7.206178e-04 6.889144e-04 7.947570e-04
5.534512e+02 7.239150e-04 7.075774e-04 6.792930e-04 7.848748e-04
5.534888e+02 7.134281e-04 6.956826e-04 6.703942e-04 7.742074e-04
5.535263e+02 7.033649e-04 6.849466e-04 6.622032e-04 7.629451e-04
5.535639e+02 6.937267e-04 6.752502e-04 6.545696e-04 7.513603e-04
5.536014e+02 6.844592e-04 6.663635e-04 6.472440e-04 7.397701e-04
5.536390e+02 6.754625e-04 6.579756e-04 6.399199e-04 7.284920e-04
5.536765e+02 6.666025e-04 6.497301e-04 6.322756e-04 7.178017e-04
5.537141e+02 6.577263e-04 6.412642e-04 6.240112e-04 7.079033e-04
5.537516e+02 6.486804e-04 6.322482e-04 6.148791e-04 6.989139e-04
5.537892e+02 6.393312e-04 6.224219e-04 6.047082e-04 6.908636e-04
5.538267e+02 6.295831e-04 6.116229e-04 5.934206e-04 6.837058e-04
5.538643e+02 6.193902e-04 5.998017e-04 5.810388e-04 6.773302e-04
5.539018e+02 6.087572e-04 5.870192e-04 5.676806e-04 6.715719e-04
5.539394e+02 5.977249e-04 5.734243e-04 5.535380e-04 6.662123e-04
5.539770e+02 5.863418e-04 5.592148e-04 5.388394e-04 6.609711e-04
5.540145e+02 5.746253e-04 5.445840e-04 5.237983e-04 6.554937e-04
5.540521e+02 5.625212e-04 5.296653e-04 5.085569e-04 6.493415e-04
5.540896e+02 5.498712e-04 5.144851e-04 4.931366e-04 6.419920e-04
5.541272e+02 5.363990e-04 4.989340e-04 4.774075e-04 6.328555e-04
5.541647e+02 5.217215e-04 4.827664e-04 4.610881e-04 6.213102e-04
5.542023e+02 5.053866e-04 4.656282e-04 4.437784e-04 6.067531e-04
5.542398e+02 4.869322e-04 4.471114e-04 4.250244e-04 5.886608e-04
5.542774e+02 4.659587e-04 4.268244e-04 4.044005e-04 5.666512e-04
5.543149e+02 4.421999e-04 4.044657e-04 3.815969e-04 5.405370e-04
5.543525e+02 4.155810e-04 3.798880e-04 3.564915e-04 5.103634e-04
5.543900e+02 3.862533e-04 3.531400e-04 3.291950e-04 4.764249e-04
5.544276e+02 3.545995e-04 3.244818e-04 3.000585e-04 4.392581e-04
5.544651e+02 3.212090e-04 2.943694e-04 2.696445e-04 3.996130e-04
5.545027e+02 2.868283e-04 2.634145e-04 2.386677e-04 3.584026e-04
5.545402e+02 2.522937e-04 2.323253e-04 2.079169e-04 3.166389e-04
5.545778e+02 2.184573e-04 2.018391e-04 1.781730e-04 2.753597e-04
5.546153e+02 1.861148e-04 1.726552e-04 1.501350e-04 2.355543e-04
5.546529e+02 1.559465e-04 1.453780e-04 1.243648e-04 1.980967e-04
5.546904e+02 1.284743e-04 1.204762e-04 1.012548e-04 1.636919e-04
5.547280e+02 1.040404e-04 9.826003e-05 8.101954e-05 1.328417e-04
5.547655e+02 8.280543e-05 7.887813e-05 6.370667e-05 1.058315e-04
5.548031e+02 6.476394e-05 6.233082e-05 4.922312e-05 8.273786e-05
5.548406e+02 4.977228e-05 4.849486e-05 3.736861e-05 6.345336e-05
5.548782e+02 3.758327e-05 3.715509e-05 2.787121e-05 4.772352e-05
5.549158e+02 2.788268e-05 2.803755e-05 2.042063e-05 3.518985e-05
5.549533e+02 2.032316e-05 2.084012e-05 1.469606e-05 2.543329e-05
5.549909e+02 1.455292e-05 1.525779e-05 1.038758e-05 1.801340e-05
5.550284e+02 1.023756e-05 1.100139e-05 7.210944e-06 1.250034e-05
5.550660e+02 7.074744e-06 7.809678e-06 4.916373e-06 8.498182e-06
5.551035e+02 4.802495e-06 5.455565e-06 3.292438e-06 5.659483e-06
5.551411e+02 3.202037e-06 3.747905e-06 2.166160e-06 3.692045e-06
5.551786e+02 2.096675e-06 2.530093e-06 1.400466e-06 2.359467e-06
5.552162e+02 1.348025e-06 1.676826e-06 8.899933e-07 1.477257e-06
5.552537e+02 8.507648e-07 1.089958e-06 5.560920e-07 9.062449e-07
5.552913e+02 5.268754e-07 6.941363e-07 3.416878e-07 5.448021e-07
5.553288e+02 3.200295e-07 4.326418e-07 2.064640e-07 3.209827e-07
5.553664e+02 1.905485e-07 2.636336e-07 1.226611e-07 1.853509e-07
5.554039e+02 1.111371e-07 1.568978e-07 7.161751e-08 1.048959e-07
5.554415e+02 6.344731e-08 9.110781e-08 4.106444e-08 5.816968e-08
5.554790e+02 3.542397e-08 5.157296e-08 2.310031e-08 3.159864e-08
5.555166e+02 1.932503e-08 2.843516e-08 1.273379e-08 1.680615e-08
5.555541e+02 1.029142e-08 1.525885e-08 6.869215e-09 8.746189e-09
5.555917e+02 5.345098e-09 7.963882e-09 3.621175e-09 4.450237e-09
5.556292e+02 2.704918e-09 4.040063e-09 1.862763e-09 2.211927e-09
5.556668e+02 1.332571e-09 1.990977e-09 9.338049e-10 1.072932e-09
5.557043e+02 6.384977e-10 9.525936e-10 4.555543e-10 5.073452e-10
5.557419e+02 2.973180e-10 4.422934e-10 2.160351e-10 2.336254e-10
5.557794e+02 1.344659e-10 1.992537e-10 9.946476e-11 1.046791e-10
5.558170e+02 5.899846e-11 8.697867e-11 4.444232e-11 4.557438e-11
5.558546e+02 2.509198e-11 3.682336e-11 1.922618e-11 1.922641e-11
5.558921e+02 1.034832e-11 1.509753e-11 8.063369e-12 7.884080e-12
5.559297e+02 4.102940e-12 5.953147e-12 3.246028e-12 3.109644e-12
5.559672e+02 1.571518e-12 2.277212e-12 1.261174e-12 1.176168e-12
5.560048e+02 5.897080e-13 8.504911e-13 4.814807e-13 4.371522e-13
5.560423e+02 2.131983e-13 3.067279e-13 1.763715e-13 1.564955e-13
5.560799e+02 7.064283e-14 9.416312e-14 6.251213e-14 5.525325e-14
5.561174e+02 2.230025e-14 2.833268e-14 2.103089e-14 1.753719e-14
5.561550e+02 6.690805e-15 9.001724e-15 6.399257e-15 4.671434e-15
5.561925e+02 0.000000e+00 0.000000e+00 0.000000e+00 0.000000e+00
5.562301e+02 0.000000e+00 0.000000e+00 0.000000e+00 0.000000e+00
5.562676e+02 0.000000e+00 0.000000e+00 0.000000e+00 0.000000e+00
5.563052e+02 0.000000e+00 0.000000e+00 0.000000e+00 0.000000e+00
5.563427e+02 0.000000e+00 0.000000e+00 0.000000e+00 0.000000e+00
5.563803e+02 0.000000e+00 0.000000e+00 0.000000e+00 0.000000e+00
5.564178e+02 0.000000e+00 0.000000e+00 0.000000e+00 0.000000e+00
5.564554e+02 0.000000e+00 0.000000e+00 0.000000e+00 0.000000e+00
5.564929e+02 0.000000e+00 0.000000e+00 0.000000e+00 0.000000e+00
5.565305e+02 0.000000e+00 0.000000e+00 0.000000e+00 0.000000e+00
5.565680e+02 0.000000e+00 0.000000e+00 0.000000e+00 0.000000e+00
5.566056e+02 0.000000e+00 0.000000e+00 0.000000e+00 0.000000e+00
5.566431e+02 0.000000e+00 0.000000e+00 0.000000e+00 0.000000e+00
5.566807e+02 0.000000e+00 0.000000e+00 0.000000e+00 0.000000e+00
5.567182e+02 0.000000e+00 0.000000e+00 0.000000e+00 0.000000e+00
5.567558e+02 0.000000e+00 0.000000e+00 0.000000e+00 0.000000e+00
5.567934e+02 0.000000e+00 0.000000e+00 0.000000e+00 0.000000e+00
5.568309e+02 0.000000e+00 0.000000e+00 0.000000e+00 0.000000e+00
5.568685e+02 0.000000e+00 0.000000e+00 0.000000e+00 0.000000e+00
5.569060e+02 0.000000e+00 0.000000e+00 0.000000e+00 0.000000e+00
5.569436e+02 0.000000e+00 0.000000e+00 0.000000e+00 0.000000e+00
5.569811e+02 0.000000e+00 0.000000e+00 0.000000e+00 0.000000e+00
5.570187e+02 0.000000e+00 0.000000e+00 0.000000e+00 0.000000e+00
5.570562e+02 0.000000e+00 0.000000e+00 0.000000e+00 0.000000e+00
5.570938e+02 0.000000e+00 0.000000e+00 0.000000e+00 0.000000e+00
5.571313e+02 0.000000e+00 0.000000e+00 0.000000e+00 0.000000e+00
5.571689e+02 0.000000e+00 0.000000e+00 0.000000e+00 0.000000e+00
5.572064e+02 0.000000e+00 0.000000e+00 0.000000e+00 0.000000e+00
5.572440e+02 0.000000e+00 0.000000e+00 0.000000e+00 0.000000e+00
5.572815e+02 0.000000e+00 0.000000e+00 0.000000e+00 0.000000e+00
5.573191e+02 0.000000e+00 0.000000e+00 0.000000e+00 0.000000e+00
5.573566e+02 0.000000e+00 0.000000e+00 0.000000e+00 0.000000e+00
5.573942e+02 0.000000e+00 0.000000e+00 0.000000e+00 0.000000e+00
5.574317e+02 0.000000e+00 0.000000e+00 0.000000e+00 0.000000e+00
5.574693e+02 0.000000e+00 0.000000e+00 0.000000e+00 0.000000e+00
5.575068e+02 0.000000e+00 0.000000e+00 0.000000e+00 0.000000e+00
5.575444e+02 0.000000e+00 0.000000e+00 0.000000e+00 0.000000e+00
5.575819e+02 0.000000e+00 0.000000e+00 0.000000e+00 0.000000e+00
5.576195e+02 0.000000e+00 0.000000e+00 0.000000e+00 0.000000e+00
5.576570e+02 0.000000e+00 0.000000e+00 0.000000e+00 0.000000e+00
5.576946e+02 0.000000e+00 0.000000e+00 0.000000e+00 0.000000e+00
5.577322e+02 0.000000e+00 0.000000e+00 0.000000e+00 0.000000e+00
5.577697e+02 0.000000e+00 0.000000e+00 0.000000e+00 0.000000e+00
5.578073e+02 0.000000e+00 0.000000e+00 0.000000e+00 0.000000e+00
5.578448e+02 0.000000e+00 0.000000e+00 0.000000e+00 0.000000e+00
5.578824e+02 0.000000e+00 0.000000e+00 0.000000e+00 0.000000e+00
5.579199e+02 0.000000e+00 0.000000e+00 0.000000e+00 0.000000e+00
5.579575e+02 0.000000e+00 0.000000e+00 0.000000e+00 0.000000e+00
5.579950e+02 0.000000e+00 0.000000e+00 0.000000e+00 0.000000e+00
5.580326e+02 0.000000e+00 0.000000e+00 0.000000e+00 0.000000e+00
5.580701e+02 0.000000e+00 0.000000e+00 0.000000e+00 0.000000e+00
5.581077e+02 0.000000e+00 0.000000e+00 0.000000e+00 0.000000e+00
5.581452e+02 0.000000e+00 0.000000e+00 0.000000e+00 0.000000e+00
5.581828e+02 0.000000e+00 0.000000e+00 0.000000e+00 0.000000e+00
5.582203e+02 0.000000e+00 0.000000e+00 0.000000e+00 0.000000e+00
5.582579e+02 0.000000e+00 0.000000e+00 0.000000e+00 0.000000e+00
5.582954e+02 0.000000e+00 0.000000e+00 0.000000e+00 0.000000e+00
5.583330e+02 0.000000e+00 0.000000e+00 0.000000e+00 0.000000e+00
5.583705e+02 0.000000e+00 0.000000e+00 0.000000e+00 0.000000e+00
5.584081e+02 0.000000e+00 0.000000e+00 0.000000e+00 0.000000e+00
5.584456e+02 0.000000e+00 0.000000e+00 0.000000e+00 0.000000e+00
5.584832e+02 0.000000e+00 0.000000e+00 0.000000e+00 0.000000e+00
5.585207e+02 0.000000e+00 0.000000e+00 0.000000e+00 0.000000e+00
5.585583e+02 0.000000e+00 0.000000e+00 0.000000e+00 0.000000e+00
5.585958e+02 0.000000e+00 0.000000e+00 0.000000e+00 0.000000e+00
5.586334e+02 0.000000e+00 0.000000e+00 0.000000e+00 0.000000e+00
5.586710e+02 0.000000e+00 0.000000e+00 0.000000e+00 0.000000e+00
5.587085e+02 0.000000e+00 0.000000e+00 0.000000e+00 0.000000e+00
5.587461e+02 0.000000e+00 0.000000e+00 0.000000e+00 0.000000e+00
5.587836e+02 0.000000e+00 0.000000e+00 0.000000e+00 0.000000e+00
5.588212e+02 0.000000e+00 0.000000e+00 0.000000e+00 0.000000e+00
5.588587e+02 0.000000e+00 0.000000e+00 0.000000e+00 0.000000e+00
5.588963e+02 0.000000e+00 0.000000e+00 0.000000e+00 0.000000e+00
5.589338e+02 0.000000e+00 0.000000e+00 0.000000e+00 0.000000e+00
5.589714e+02 0.000000e+00 0.000000e+00 0.000000e+00 0.000000e+00
5.590089e+02 0.000000e+00 0.000000e+00 0.000000e+00 0.000000e+00
5.590465e+02 0.000000e+00 0.000000e+00 0.000000e+00 0.000000e+00
5.590840e+02 0.000000e+00 0.000000e+00 0.000000e+00 0.000000e+00
5.591216e+02 0.000000e+00 0.000000e+00 0.000000e+00 0.000000e+00
5.591591e+02 0.000000e+00 0.000000e+00 0.000000e+00 0.000000e+00
5.591967e+02 0.000000e+00 0.000000e+00 0.000000e+00 0.000000e+00
5.592342e+02 0.000000e+00 0.000000e+00 0.000000e+00 0.000000e+00
5.592718e+02 0.000000e+00 0.000000e+00 0.000000e+00 0.000000e+00
5.593093e+02 0.000000e+00 0.000000e+00 0.000000e+00 0.000000e+00
5.593469e+02 0.000000e+00 0.000000e+00 0.000000e+00 0.000000e+00
5.593844e+02 0.000000e+00 0.000000e+00 0.000000e+00 0.000000e+00
5.594220e+02 0.000000e+00 0.000000e+00 0.000000e+00 0.000000e+00
5.594595e+02 0.000000e+00 0.000000e+00 0.000000e+00 0.000000e+00
5.594971e+02 0.000000e+00 0.000000e+00 0.000000e+00 0.000000e+00
5.595346e+02 0.000000e+00 0.000000e+00 0.000000e+00 0.000000e+00
5.595722e+02 0.000000e+00 0.000000e+00 0.000000e+00 0.000000e+00
5.596098e+02 0.000000e+00 0.000000e+00 0.000000e+00 0.000000e+00
5.596473e+02 0.000000e+00 0.000000e+00 0.000000e+00 0.000000e+00
5.596849e+02 0.000000e+00 0.000000e+00 0.000000e+00 0.000000e+00
5.597224e+02 0.000000e+00 0.000000e+00 0.000000e+00 0.000000e+00
5.597600e+02 0.000000e+00 0.000000e+00 0.000000e+00 0.000000e+00
5.597975e+02 0.000000e+00 0.000000e+00 0.000000e+00 0.000000e+00
5.598351e+02 0.000000e+00 0.000000e+00 0.000000e+00 0.000000e+00
5.598726e+02 0.000000e+00 0.000000e+00 0.000000e+00 0.000000e+00
5.599102e+02 0.000000e+00 0.000000e+00 0.000000e+00 0.000000e+00
5.599477e+02 0.000000e+00 0.000000e+00 0.000000e+00 0.000000e+00
5.599853e+02 0.000000e+00 0.000000e+00 0.000000e+00 0.000000e+00
5.600228e+02 0.000000e+00 0.000000e+00 0.000000e+00 0.000000e+00
5.600604e+02 0.000000e+00 0.000000e+00 0.000000e+00 0.000000e+00
5.600979e+02 0.000000e+00 0.000000e+00 0.000000e+00 0.000000e+00
5.601355e+02 0.000000e+00 0.000000e+00 0.000000e+00 0.000000e+00
5.601730e+02 0.000000e+00 0.000000e+00 0.000000e+00 0.000000e+00
5.602106e+02 0.000000e+00 0.000000e+00 0.000000e+00 0.000000e+00
5.602481e+02 0.000000e+00 0.000000e+00 0.000000e+00 0.000000e+00
5.602857e+02 0.000000e+00 0.000000e+00 0.000000e+00 0.000000e+00
5.603232e+02 0.000000e+00 0.000000e+00 0.000000e+00 0.000000e+00
5.603608e+02 0.000000e+00 0.000000e+00 0.000000e+00 0.000000e+00
5.603983e+02 0.000000e+00 0.000000e+00 0.000000e+00 0.000000e+00
5.604359e+02 0.000000e+00 0.000000e+00 0.000000e+00 0.000000e+00
5.604734e+02 0.000000e+00 0.000000e+00 0.000000e+00 0.000000e+00
5.605110e+02 0.000000e+00 0.000000e+00 0.000000e+00 0.000000e+00
5.605486e+02 0.000000e+00 0.000000e+00 0.000000e+00 0.000000e+00
5.605861e+02 0.000000e+00 0.000000e+00 0.000000e+00 0.000000e+00
5.606237e+02 0.000000e+00 0.000000e+00 0.000000e+00 0.000000e+00
5.606612e+02 0.000000e+00 0.000000e+00 0.000000e+00 0.000000e+00
5.606988e+02 0.000000e+00 0.000000e+00 0.000000e+00 0.000000e+00
5.607363e+02 0.000000e+00 0.000000e+00 0.000000e+00 0.000000e+00
5.607739e+02 0.000000e+00 0.000000e+00 0.000000e+00 0.000000e+00
5.608114e+02 0.000000e+00 0.000000e+00 0.000000e+00 0.000000e+00
5.608490e+02 0.000000e+00 0.000000e+00 0.000000e+00 0.000000e+00
5.608865e+02 0.000000e+00 0.000000e+00 0.000000e+00 0.000000e+00
5.609241e+02 0.000000e+00 0.000000e+00 0.000000e+00 0.000000e+00
5.609616e+02 0.000000e+00 0.000000e+00 0.000000e+00 0.000000e+00
5.609992e+02 0.000000e+00 0.000000e+00 0.000000e+00 0.000000e+00
5.610367e+02 0.000000e+00 0.000000e+00 0.000000e+00 0.000000e+00
5.610743e+02 0.000000e+00 0.000000e+00 0.000000e+00 0.000000e+00
5.611118e+02 0.000000e+00 0.000000e+00 0.000000e+00 0.000000e+00
5.611494e+02 0.000000e+00 0.000000e+00 0.000000e+00 0.000000e+00
5.611869e+02 0.000000e+00 0.000000e+00 0.000000e+00 0.000000e+00
5.612245e+02 0.000000e+00 0.000000e+00 0.000000e+00 0.000000e+00
5.612620e+02 0.000000e+00 0.000000e+00 0.000000e+00 0.000000e+00
5.612996e+02 0.000000e+00 0.000000e+00 0.000000e+00 0.000000e+00
5.613371e+02 0.000000e+00 0.000000e+00 0.000000e+00 0.000000e+00
5.613747e+02 0.000000e+00 0.000000e+00 0.000000e+00 0.000000e+00
5.614122e+02 0.000000e+00 0.000000e+00 0.000000e+00 0.000000e+00
5.614498e+02 0.000000e+00 0.000000e+00 0.000000e+00 0.000000e+00
5.614874e+02 0.000000e+00 0.000000e+00 0.000000e+00 0.000000e+00
5.615249e+02 0.000000e+00 0.000000e+00 0.000000e+00 0.000000e+00
5.615625e+02 0.000000e+00 0.000000e+00 0.000000e+00 0.000000e+00
5.616000e+02 0.000000e+00 0.000000e+00 0.000000e+00 0.000000e+00
5.616376e+02 0.000000e+00 0.000000e+00 0.000000e+00 0.000000e+00
5.616751e+02 0.000000e+00 0.000000e+00 0.000000e+00 0.000000e+00
5.617127e+02 0.000000e+00 0.000000e+00 0.000000e+00 0.000000e+00
5.617502e+02 0.000000e+00 0.000000e+00 0.000000e+00 0.000000e+00
5.617878e+02 0.000000e+00 0.000000e+00 0.000000e+00 0.000000e+00
5.618253e+02 0.000000e+00 0.000000e+00 0.000000e+00 0.000000e+00
5.618629e+02 0.000000e+00 0.000000e+00 0.000000e+00 0.000000e+00
5.619004e+02 0.000000e+00 0.000000e+00 0.000000e+00 0.000000e+00
5.619380e+02 0.000000e+00 0.000000e+00 0.000000e+00 0.000000e+00
5.619755e+02 0.000000e+00 0.000000e+00 0.000000e+00 0.000000e+00
5.620131e+02 0.000000e+00 0.000000e+00 0.000000e+00 0.000000e+00
5.620506e+02 0.000000e+00 0.000000e+00 0.000000e+00 0.000000e+00
5.620882e+02 0.000000e+00 0.000000e+00 0.000000e+00 0.000000e+00
5.621257e+02 0.000000e+00 0.000000e+00 0.000000e+00 0.000000e+00
5.621633e+02 0.000000e+00 0.000000e+00 0.000000e+00 0.000000e+00
5.622008e+02 0.000000e+00 0.000000e+00 0.000000e+00 0.000000e+00
5.622384e+02 0.000000e+00 0.000000e+00 0.000000e+00 0.000000e+00
5.622759e+02 0.000000e+00 0.000000e+00 0.000000e+00 0.000000e+00
5.623135e+02 0.000000e+00 0.000000e+00 0.000000e+00 0.000000e+00
5.623510e+02 0.000000e+00 0.000000e+00 0.000000e+00 0.000000e+00
5.623886e+02 0.000000e+00 0.000000e+00 0.000000e+00 0.000000e+00
5.624262e+02 0.000000e+00 0.000000e+00 0.000000e+00 0.000000e+00
5.624637e+02 0.000000e+00 0.000000e+00 0.000000e+00 0.000000e+00
5.625013e+02 0.000000e+00 0.000000e+00 0.000000e+00 0.000000e+00
5.625388e+02 0.000000e+00 0.000000e+00 0.000000e+00 0.000000e+00
5.625764e+02 0.000000e+00 0.000000e+00 0.000000e+00 0.000000e+00
5.626139e+02 0.000000e+00 0.000000e+00 0.000000e+00 0.000000e+00
5.626515e+02 0.000000e+00 0.000000e+00 0.000000e+00 0.000000e+00
5.626890e+02 0.000000e+00 0.000000e+00 0.000000e+00 0.000000e+00
5.627266e+02 0.000000e+00 0.000000e+00 0.000000e+00 0.000000e+00
5.627641e+02 0.000000e+00 0.000000e+00 0.000000e+00 0.000000e+00
5.628017e+02 0.000000e+00 0.000000e+00 0.000000e+00 0.000000e+00
5.628392e+02 0.000000e+00 0.000000e+00 0.000000e+00 0.000000e+00
5.628768e+02 0.000000e+00 0.000000e+00 0.000000e+00 0.000000e+00
5.629143e+02 0.000000e+00 0.000000e+00 0.000000e+00 0.000000e+00
5.629519e+02 0.000000e+00 0.000000e+00 0.000000e+00 0.000000e+00
5.629894e+02 0.000000e+00 0.000000e+00 0.000000e+00 0.000000e+00
5.630270e+02 0.000000e+00 0.000000e+00 0.000000e+00 0.000000e+00
5.630645e+02 0.000000e+00 0.000000e+00 0.000000e+00 0.000000e+00
5.631021e+02 0.000000e+00 0.000000e+00 0.000000e+00 0.000000e+00
5.631396e+02 0.000000e+00 0.000000e+00 0.000000e+00 0.000000e+00
5.631772e+02 0.000000e+00 0.000000e+00 0.000000e+00 0.000000e+00
5.632147e+02 0.000000e+00 0.000000e+00 0.000000e+00 0.000000e+00
5.632523e+02 0.000000e+00 0.000000e+00 0.000000e+00 0.000000e+00
5.632898e+02 0.000000e+00 0.000000e+00 0.000000e+00 0.000000e+00
5.633274e+02 0.000000e+00 0.000000e+00 0.000000e+00 0.000000e+00
5.633650e+02 0.000000e+00 0.000000e+00 0.000000e+00 0.000000e+00
5.634025e+02 0.000000e+00 0.000000e+00 0.000000e+00 0.000000e+00
5.634401e+02 0.000000e+00 0.000000e+00 0.000000e+00 0.000000e+00
5.634776e+02 0.000000e+00 0.000000e+00 0.000000e+00 0.000000e+00
5.635152e+02 0.000000e+00 0.000000e+00 0.000000e+00 0.000000e+00
5.635527e+02 0.000000e+00 0.000000e+00 0.000000e+00 0.000000e+00
5.635903e+02 0.000000e+00 0.000000e+00 0.000000e+00 0.000000e+00
5.636278e+02 0.000000e+00 0.000000e+00 0.000000e+00 0.000000e+00
5.636654e+02 0.000000e+00 0.000000e+00 0.000000e+00 0.000000e+00
5.637029e+02 0.000000e+00 0.000000e+00 0.000000e+00 0.000000e+00
5.637405e+02 0.000000e+00 0.000000e+00 0.000000e+00 0.000000e+00
5.637780e+02 0.000000e+00 0.000000e+00 0.000000e+00 0.000000e+00
5.638156e+02 0.000000e+00 0.000000e+00 0.000000e+00 0.000000e+00
5.638531e+02 0.000000e+00 0.000000e+00 0.000000e+00 0.000000e+00
5.638907e+02 0.000000e+00 0.000000e+00 0.000000e+00 0.000000e+00
5.639282e+02 0.000000e+00 0.000000e+00 0.000000e+00 0.000000e+00
5.639658e+02 0.000000e+00 0.000000e+00 0.000000e+00 0.000000e+00
5.640033e+02 0.000000e+00 0.000000e+00 0.000000e+00 0.000000e+00
5.640409e+02 0.000000e+00 0.000000e+00 0.000000e+00 0.000000e+00
5.640784e+02 0.000000e+00 0.000000e+00 0.000000e+00 0.000000e+00
5.641160e+02 0.000000e+00 0.000000e+00 0.000000e+00 0.000000e+00
5.641535e+02 0.000000e+00 0.000000e+00 0.000000e+00 0.000000e+00
5.641911e+02 0.000000e+00 0.000000e+00 0.000000e+00 0.000000e+00
5.642286e+02 0.000000e+00 0.000000e+00 0.000000e+00 0.000000e+00
5.642662e+02 0.000000e+00 0.000000e+00 0.000000e+00 0.000000e+00
5.643038e+02 0.000000e+00 0.000000e+00 0.000000e+00 0.000000e+00
5.643413e+02 0.000000e+00 0.000000e+00 0.000000e+00 0.000000e+00
5.643789e+02 0.000000e+00 0.000000e+00 0.000000e+00 0.000000e+00
5.644164e+02 0.000000e+00 0.000000e+00 0.000000e+00 0.000000e+00
5.644540e+02 0.000000e+00 0.000000e+00 0.000000e+00 0.000000e+00
5.644915e+02 0.000000e+00 0.000000e+00 0.000000e+00 0.000000e+00
5.645291e+02 0.000000e+00 0.000000e+00 0.000000e+00 0.000000e+00
5.645666e+02 0.000000e+00 0.000000e+00 0.000000e+00 0.000000e+00
5.646042e+02 0.000000e+00 0.000000e+00 0.000000e+00 0.000000e+00
