5.270146e+02 0.000000e+00 0.000000e+00 0.000000e+00 0.000000e+00
5.270522e+02 0.000000e+00 0.000000e+00 0.000000e+00 0.000000e+00
5.270897e+02 0.000000e+00 0.000000e+00 0.000000e+00 0.000000e+00
5.271273e+02 0.000000e+00 0.000000e+00 0.000000e+00 0.000000e+00
5.271648e+02 0.000000e+00 0.000000e+00 0.000000e+00 0.000000e+00
5.272024e+02 0.000000e+00 0.000000e+00 0.000000e+00 0.000000e+00
5.272399e+02 0.000000e+00 0.000000e+00 0.000000e+00 0.000000e+00
5.272775e+02 0.000000e+00 0.000000e+00 0.000000e+00 0.000000e+00
5.273150e+02 0.000000e+00 0.000000e+00 0.000000e+00 0.000000e+00
5.273526e+02 0.000000e+00 0.000000e+00 0.000000e+00 0.000000e+00
5.273901e+02 0.000000e+00 0.000000e+00 0.000000e+00 0.000000e+00
5.274277e+02 0.000000e+00 0.000000e+00 0.000000e+00 0.000000e+00
5.274652e+02 0.000000e+00 0.000000e+00 0.000000e+00 0.000000e+00
5.275028e+02 0.000000e+00 0.000000e+00 0.000000e+00 0.000000e+00
5.275403e+02 0.000000e+00 0.000000e+00 0.000000e+00 0.000000e+00
5.275779e+02 0.000000e+00 0.000000e+00 0.000000e+00 0.000000e+00
5.276154e+02 0.000000e+00 0.000000e+00 0.000000e+00 0.000000e+00
5.276530e+02 0.000000e+00 0.000000e+00 0.000000e+00 0.000000e+00
5.276906e+02 0.000000e+00 0.000000e+00 0.000000e+00 0.000000e+00
5.277281e+02 0.000000e+00 0.000000e+00 0.000000e+00 0.000000e+00
5.277657e+02 0.000000e+00 0.000000e+00 0.000000e+00 0.000000e+00
5.278032e+02 0.000000e+00 0.000000e+00 0.000000e+00 0.000000e+00
5.278408e+02 0.000000e+00 0.000000e+00 0.000000e+00 0.000000e+00
5.278783e+02 0.000000e+00 0.000000e+00 0.000000e+00 0.000000e+00
5.279159e+02 0.000000e+00 0.000000e+00 0.000000e+00 0.000000e+00
5.279534e+02 0.000000e+00 0.000000e+00 0.000000e+00 0.000000e+00
5.279910e+02 0.000000e+00 0.000000e+00 0.000000e+00 0.000000e+00
5.280285e+02 0.000000e+00 0.000000e+00 0.000000e+00 0.000000e+00
5.280661e+02 0.000000e+00 0.000000e+00 0.000000e+00 0.000000e+00
5.281036e+02 0.000000e+00 0.000000e+00 0.000000e+00 0.000000e+00
5.281412e+02 0.000000e+00 0.000000e+00 0.000000e+00 0.000000e+00
5.281787e+02 0.000000e+00 0.000000e+00 0.000000e+00 0.000000e+00
5.282163e+02 0.000000e+00 0.000000e+00 0.000000e+00 0.000000e+00
5.282538e+02 0.000000e+00 0.000000e+00 0.000000e+00 0.000000e+00
5.282914e+02 0.000000e+00 0.000000e+00 0.000000e+00 0.000000e+00
5.283289e+02 0.000000e+00 0.000000e+00 0.000000e+00 0.000000e+00
5.283665e+02 0.000000e+00 0.000000e+00 0.000000e+00 0.000000e+00
5.284040e+02 0.000000e+00 0.000000e+00 0.000000e+00 0.000000e+00
5.284416e+02 0.000000e+00 0.000000e+00 0.000000e+00 0.000000e+00
5.284791e+02 0.000000e+00 0.000000e+00 0.000000e+00 0.000000e+00
5.285167e+02 0.000000e+00 0.000000e+00 0.000000e+00 0.000000e+00
5.285542e+02 0.000000e+00 0.000000e+00 0.000000e+00 0.000000e+00
5.285918e+02 0.000000e+00 0.000000e+00 0.000000e+00 0.000000e+00
5.286294e+02 0.000000e+00 0.000000e+00 0.000000e+00 0.000000e+00
5.286669e+02 0.000000e+00 0.000000e+00 0.000000e+00 0.000000e+00
5.287045e+02 0.000000e+00 0.000000e+00 0.000000e+00 0.000000e+00
5.287420e+02 0.000000e+00 0.000000e+00 0.000000e+00 0.000000e+00
5.287796e+02 0.000000e+00 0.000000e+00 0.000000e+00 0.000000e+00
5.288171e+02 0.000000e+00 0.000000e+00 0.000000e+00 0.000000e+00
5.288547e+02 0.000000e+00 0.000000e+00 0.000000e+00 0.000000e+00
5.288922e+02 0.000000e+00 0.000000e+00 0.000000e+00 0.000000e+00
5.289298e+02 0.000000e+00 0.000000e+00 0.000000e+00 0.000000e+00
5.289673e+02 0.000000e+00 0.000000e+00 0.000000e+00 0.000000e+00
5.290049e+02 0.000000e+00 0.000000e+00 0.000000e+00 0.000000e+00
5.290424e+02 0.000000e+00 0.000000e+00 0.000000e+00 0.000000e+00
5.290800e+02 0.000000e+00 0.000000e+00 0.000000e+00 0.000000e+00
5.291175e+02 0.000000e+00 0.000000e+00 0.000000e+00 0.000000e+00
5.291551e+02 0.000000e+00 0.000000e+00 0.000000e+00 0.000000e+00
5.291926e+02 0.000000e+00 0.000000e+00 0.000000e+00 0.000000e+00
5.292302e+02 0.000000e+00 0.000000e+00 0.000000e+00 0.000000e+00
5.292677e+02 0.000000e+00 0.000000e+00 0.000000e+00 0.000000e+00
5.293053e+02 0.000000e+00 0.000000e+00 0.000000e+00 0.000000e+00
5.293428e+02 0.000000e+00 0.000000e+00 0.000000e+00 0.000000e+00
5.293804e+02 0.000000e+00 0.000000e+00 0.000000e+00 0.000000e+00
5.294179e+02 0.000000e+00 0.000000e+00 0.000000e+00 0.000000e+00
5.294555e+02 0.000000e+00 0.000000e+00 0.000000e+00 0.000000e+00
5.294930e+02 0.000000e+00 0.000000e+00 0.000000e+00 0.000000e+00
5.295306e+02 0.000000e+00 0.000000e+00 0.000000e+00 0.000000e+00
5.295682e+02 0.000000e+00 0.000000e+00 0.000000e+00 0.000000e+00
5.296057e+02 0.000000e+00 0.000000e+00 0.000000e+00 0.000000e+00
5.296433e+02 0.000000e+00 0.000000e+00 0.000000e+00 0.000000e+00
5.296808e+02 0.000000e+00 0.000000e+00 0.000000e+00 0.000000e+00
5.297184e+02 0.000000e+00 0.000000e+00 0.000000e+00 0.000000e+00
5.297559e+02 0.000000e+00 0.000000e+00 0.000000e+00 0.000000e+00
5.297935e+02 0.000000e+00 0.000000e+00 0.000000e+00 0.000000e+00
5.298310e+02 0.000000e+00 0.000000e+00 0.000000e+00 0.000000e+00
5.298686e+02 0.000000e+00 0.000000e+00 0.000000e+00 0.000000e+00
5.299061e+02 0.000000e+00 0.000000e+00 0.000000e+00 0.000000e+00
5.299437e+02 0.000000e+00 0.000000e+00 0.000000e+00 0.000000e+00
5.299812e+02 0.000000e+00 0.000000e+00 0.000000e+00 0.000000e+00
5.300188e+02 0.000000e+00 0.000000e+00 0.000000e+00 0.000000e+00
5.300563e+02 0.000000e+00 0.000000e+00 0.000000e+00 0.000000e+00
5.300939e+02 0.000000e+00 0.000000e+00 0.000000e+00 0.000000e+00
5.301314e+02 0.000000e+00 0.000000e+00 0.000000e+00 0.000000e+00
5.301690e+02 0.000000e+00 0.000000e+00 0.000000e+00 0.000000e+00
5.302065e+02 0.000000e+00 0.000000e+00 0.000000e+00 0.000000e+00
5.302441e+02 0.000000e+00 0.000000e+00 0.000000e+00 0.000000e+00
5.302816e+02 0.000000e+00 0.000000e+00 0.000000e+00 0.000000e+00
5.303192e+02 0.000000e+00 0.000000e+00 0.000000e+00 0.000000e+00
5.303567e+02 0.000000e+00 0.000000e+00 0.000000e+00 0.000000e+00
5.303943e+02 0.000000e+00 0.000000e+00 0.000000e+00 0.000000e+00
5.304318e+02 0.000000e+00 0.000000e+00 0.000000e+00 0.000000e+00
5.304694e+02 0.000000e+00 0.000000e+00 0.000000e+00 0.000000e+00
5.305070e+02 0.000000e+00 0.000000e+00 0.000000e+00 0.000000e+00
5.305445e+02 0.000000e+00 0.000000e+00 0.000000e+00 0.000000e+00
5.305821e+02 0.000000e+00 0.000000e+00 0.000000e+00 0.000000e+00
5.306196e+02 0.000000e+00 0.000000e+00 0.000000e+00 0.000000e+00
5.306572e+02 0.000000e+00 0.000000e+00 0.000000e+00 0.000000e+00
5.306947e+02 0.000000e+00 0.000000e+00 0.000000e+00 0.000000e+00
5.307323e+02 0.000000e+00 0.000000e+00 0.000000e+00 0.000000e+00
5.307698e+02 0.000000e+00 0.000000e+00 0.000000e+00 0.000000e+00
5.308074e+02 0.000000e+00 0.000000e+00 0.000000e+00 0.000000e+00
5.308449e+02 0.000000e+00 0.000000e+00 0.000000e+00 0.000000e+00
5.308825e+02 0.000000e+00 0.000000e+00 0.000000e+00 0.000000e+00
5.309200e+02 0.000000e+00 0.000000e+00 0.000000e+00 0.000000e+00
5.309576e+02 0.000000e+00 0.000000e+00 0.000000e+00 0.000000e+00
5.309951e+02 0.000000e+00 0.000000e+00 0.000000e+00 0.000000e+00
5.310327e+02 0.000000e+00 0.000000e+00 0.000000e+00 0.000000e+00
5.310702e+02 0.000000e+00 0.000000e+00 0.000000e+00 0.000000e+00
5.311078e+02 0.000000e+00 0.000000e+00 0.000000e+00 0.000000e+00
5.311453e+02 0.000000e+00 0.000000e+00 0.000000e+00 0.000000e+00
5.311829e+02 0.000000e+00 0.000000e+00 0.000000e+00 0.000000e+00
5.312204e+02 0.000000e+00 0.000000e+00 0.000000e+00 0.000000e+00
5.312580e+02 0.000000e+00 0.000000e+00 0.000000e+00 0.000000e+00
5.312955e+02 1.162783e-12 2.353779e-14 2.620392e-12 8.444185e-13
5.313331e+02 1.308166e-11 1.811202e-13 1.977617e-11 1.928770e-11
5.313706e+02 3.434273e-10 6.015557e-13 6.616717e-11 9.635133e-10
5.314082e+02 1.035231e-09 1.736564e-12 1.910952e-10 2.912860e-09
5.314458e+02 3.013300e-09 4.841574e-12 5.330252e-10 8.502035e-09
5.314833e+02 8.469272e-09 1.303661e-11 1.435947e-09 2.395883e-08
5.315209e+02 2.298495e-08 3.390212e-11 3.736138e-09 6.518481e-08
5.315584e+02 6.023245e-08 8.514805e-11 9.388641e-09 1.712236e-07
5.315960e+02 1.524063e-07 2.065427e-10 2.278659e-08 4.342258e-07
5.316335e+02 3.723546e-07 4.838757e-10 5.341387e-08 1.063166e-06
5.316711e+02 8.783918e-07 1.094834e-09 1.209283e-07 2.513152e-06
5.317086e+02 2.000755e-06 2.392513e-09 2.644251e-07 5.735447e-06
5.317462e+02 4.400177e-06 5.049562e-09 5.584433e-07 1.263704e-05
5.317837e+02 9.343591e-06 1.029314e-08 1.139091e-06 2.688139e-05
5.318213e+02 1.915675e-05 2.026460e-08 2.244096e-06 5.520588e-05
5.318588e+02 3.792198e-05 3.853235e-08 4.270014e-06 1.094574e-04
5.318964e+02 7.248006e-05 7.076388e-08 7.847349e-06 2.095221e-04
5.319339e+02 1.337525e-04 1.255156e-07 1.392911e-05 3.872029e-04
5.319715e+02 2.383079e-04 2.150228e-07 2.387981e-05 6.908288e-04
5.320090e+02 4.099449e-04 3.557735e-07 3.954091e-05 1.189938e-03
5.320466e+02 6.808649e-04 5.685466e-07 6.323698e-05 1.978789e-03
5.320841e+02 1.091799e-03 8.775326e-07 9.767981e-05 3.176838e-03
5.321217e+02 1.690316e-03 1.308176e-06 1.457298e-04 4.923911e-03
5.321592e+02 2.526594e-03 1.883549e-06 2.099916e-04 7.367907e-03
5.321968e+02 3.646220e-03 2.619377e-06 2.922578e-04 1.064378e-02
5.322343e+02 5.080290e-03 3.518309e-06 3.928631e-04 1.484449e-02
5.322719e+02 6.833929e-03 4.564495e-06 5.100676e-04 1.998716e-02
5.323094e+02 8.875387e-03 5.719901e-06 6.396262e-04 2.598081e-02
5.323470e+02 1.112852e-02 6.923875e-06 7.747074e-04 3.260392e-02
5.323846e+02 1.347160e-02 8.097079e-06 9.062835e-04 3.950042e-02
5.324221e+02 1.574460e-02 9.150192e-06 1.024021e-03 4.620063e-02
5.324597e+02 1.776534e-02 9.996718e-06 1.117583e-03 5.216846e-02
5.324972e+02 1.935284e-02 1.056831e-05 1.178122e-03 5.686982e-02
5.325348e+02 2.035376e-02 1.083038e-05 1.199689e-03 5.985076e-02
5.325723e+02 2.066689e-02 1.079571e-05 1.180237e-03 6.080964e-02
5.326099e+02 2.026002e-02 1.053463e-05 1.122015e-03 5.964752e-02
5.326474e+02 1.917555e-02 1.018106e-05 1.031254e-03 5.648521e-02
5.326850e+02 1.752332e-02 9.935021e-06 9.172275e-04 5.164281e-02
5.327225e+02 1.546257e-02 1.006255e-05 7.909062e-04 4.558674e-02
5.327601e+02 1.317692e-02 1.089370e-05 6.634881e-04 3.885639e-02
5.327976e+02 1.084809e-02 1.281837e-05 5.450954e-04 3.198635e-02
5.328352e+02 8.633232e-03 1.627807e-05 4.438357e-04 2.543958e-02
5.328727e+02 6.649888e-03 2.175059e-05 3.653140e-04 1.956260e-02
5.329103e+02 4.969728e-03 2.972453e-05 3.125629e-04 1.456690e-02
5.329478e+02 3.620548e-03 4.066182e-05 2.862803e-04 1.053470e-02
5.329854e+02 2.594175e-03 5.494894e-05 2.852320e-04 7.442345e-03
5.330229e+02 1.857363e-03 7.284166e-05 3.066965e-04 5.192550e-03
5.330605e+02 1.362938e-03 9.441099e-05 3.468759e-04 3.647527e-03
5.330980e+02 1.059257e-03 1.195006e-04 4.012521e-04 2.657020e-03
5.331356e+02 8.969786e-04 1.477058e-04 4.649004e-04 2.078330e-03
5.331731e+02 8.330540e-04 1.783804e-04 5.327911e-04 1.787990e-03
5.332107e+02 8.324108e-04 2.106755e-04 6.000956e-04 1.686461e-03
5.332482e+02 8.680363e-04 2.436049e-04 6.624915e-04 1.698013e-03
5.332858e+02 9.201711e-04 2.761310e-04 7.164422e-04 1.767940e-03
5.333234e+02 9.751437e-04 3.072563e-04 7.594113e-04 1.858763e-03
5.333609e+02 1.024177e-03 3.361102e-04 7.899774e-04 1.946443e-03
5.333985e+02 1.062315e-03 3.620178e-04 8.078315e-04 2.017096e-03
5.334360e+02 1.087514e-03 3.845432e-04 8.136612e-04 2.064338e-03
5.334736e+02 1.099869e-03 4.035048e-04 8.089427e-04 2.087161e-03
5.335111e+02 1.100958e-03 4.189616e-04 7.956798e-04 2.088233e-03
5.335487e+02 1.093269e-03 4.311789e-04 7.761281e-04 2.072500e-03
5.335862e+02 1.079706e-03 4.405777e-04 7.525421e-04 2.045998e-03
5.336238e+02 1.063170e-03 4.476785e-04 7.269714e-04 2.014859e-03
5.336613e+02 1.046215e-03 4.530446e-04 7.011234e-04 1.984477e-03
5.336989e+02 1.030793e-03 4.572331e-04 6.762949e-04 1.958852e-03
5.337364e+02 1.018091e-03 4.607543e-04 6.533669e-04 1.940151e-03
5.337740e+02 1.008472e-03 4.640433e-04 6.328475e-04 1.928525e-03
5.338115e+02 1.001535e-03 4.674431e-04 6.149433e-04 1.922217e-03
5.338491e+02 9.962678e-04 4.711978e-04 5.996381e-04 1.917967e-03
5.338866e+02 9.912955e-04 4.754548e-04 5.867635e-04 1.911668e-03
5.339242e+02 9.851637e-04 4.802741e-04 5.760529e-04 1.899164e-03
5.339617e+02 9.766172e-04 4.856388e-04 5.671774e-04 1.877035e-03
5.339993e+02 9.648144e-04 4.914678e-04 5.597723e-04 1.843203e-03
5.340368e+02 9.494380e-04 4.976252e-04 5.534623e-04 1.797226e-03
5.340744e+02 9.306880e-04 5.039289e-04 5.478942e-04 1.740241e-03
5.341119e+02 9.091702e-04 5.101589e-04 5.427799e-04 1.674572e-03
5.341495e+02 8.857220e-04 5.160702e-04 5.379442e-04 1.603152e-03
5.341870e+02 8.612255e-04 5.214105e-04 5.333661e-04 1.528900e-03
5.342246e+02 8.364583e-04 5.259459e-04 5.292019e-04 1.454227e-03
5.342622e+02 8.120096e-04 5.294904e-04 5.257760e-04 1.380763e-03
5.342997e+02 7.882694e-04 5.319333e-04 5.235376e-04 1.309337e-03
5.343373e+02 7.654727e-04 5.332590e-04 5.229860e-04 1.240173e-03
5.343748e+02 7.437723e-04 5.335506e-04 5.245785e-04 1.173188e-03
5.344124e+02 7.233079e-04 5.329774e-04 5.286398e-04 1.108307e-03
5.344499e+02 7.042502e-04 5.317662e-04 5.352919e-04 1.045692e-03
5.344875e+02 6.868114e-04 5.301649e-04 5.444216e-04 9.858476e-04
5.345250e+02 6.712277e-04 5.284057e-04 5.556917e-04 9.295857e-04
5.345626e+02 6.577255e-04 5.266789e-04 5.685947e-04 8.779030e-04
5.346001e+02 6.464889e-04 5.251225e-04 5.825386e-04 8.318057e-04
5.346377e+02 6.376409e-04 5.238299e-04 5.969473e-04 7.921456e-04
5.346752e+02 6.312451e-04 5.228735e-04 6.113560e-04 7.595057e-04
5.347128e+02 6.273248e-04 5.223349e-04 6.254830e-04 7.341566e-04
5.347503e+02 6.258926e-04 5.223335e-04 6.392645e-04 7.160797e-04
5.347879e+02 6.269745e-04 5.230437e-04 6.528456e-04 7.050342e-04
5.348254e+02 6.306199e-04 5.246926e-04 6.665291e-04 7.006378e-04
5.348630e+02 6.368861e-04 5.275372e-04 6.806932e-04 7.024280e-04
5.349005e+02 6.458007e-04 5.318218e-04 6.956942e-04 7.098861e-04
5.349381e+02 6.573067e-04 5.377245e-04 7.117756e-04 7.224201e-04
5.349756e+02 6.712081e-04 5.453012e-04 7.290000e-04 7.393231e-04
5.350132e+02 6.871303e-04 5.544386e-04 7.472199e-04 7.597324e-04
5.350507e+02 7.045115e-04 5.648262e-04 7.660906e-04 7.826178e-04
5.350883e+02 7.226310e-04 5.759538e-04 7.851213e-04 8.068180e-04
5.351258e+02 7.406722e-04 5.871385e-04 8.037519e-04 8.311263e-04
5.351634e+02 7.578098e-04 5.975808e-04 8.214383e-04 8.544103e-04
5.352010e+02 7.733027e-04 6.064448e-04 8.377284e-04 8.757350e-04
5.352385e+02 7.865761e-04 6.129541e-04 8.523173e-04 8.944570e-04
5.352761e+02 7.972769e-04 6.164920e-04 8.650740e-04 9.102647e-04
5.353136e+02 8.052958e-04 6.166908e-04 8.760446e-04 9.231522e-04
5.353512e+02 8.107569e-04 6.134965e-04 8.854368e-04 9.333373e-04
5.353887e+02 8.139805e-04 6.071977e-04 8.935982e-04 9.411457e-04
5.354263e+02 8.154317e-04 5.984089e-04 9.009933e-04 9.468928e-04
5.354638e+02 8.156626e-04 5.880121e-04 9.081838e-04 9.507919e-04
5.355014e+02 8.152584e-04 5.770595e-04 9.158067e-04 9.529090e-04
5.355389e+02 8.147899e-04 5.666547e-04 9.245459e-04 9.531692e-04
5.355765e+02 8.147732e-04 5.578257e-04 9.350890e-04 9.514048e-04
5.356140e+02 8.156354e-04 5.514102e-04 9.480666e-04 9.474293e-04
5.356516e+02 8.176862e-04 5.479668e-04 9.639800e-04 9.411119e-04
5.356891e+02 8.210957e-04 5.477228e-04 9.831289e-04 9.324353e-04
5.357267e+02 8.258819e-04 5.505659e-04 1.005555e-03 9.215246e-04
5.357642e+02 8.319142e-04 5.560783e-04 1.031022e-03 9.086426e-04
5.358018e+02 8.389359e-04 5.636098e-04 1.059038e-03 8.941598e-04
5.358393e+02 8.466078e-04 5.723810e-04 1.088933e-03 8.785090e-04
5.358769e+02 8.545695e-04 5.816021e-04 1.119969e-03 8.621374e-04
5.359144e+02 8.625097e-04 5.905946e-04 1.151467e-03 8.454676e-04
5.359520e+02 8.702331e-04 5.988977e-04 1.182929e-03 8.288725e-04
5.359895e+02 8.777077e-04 6.063448e-04 1.214114e-03 8.126646e-04
5.360271e+02 8.850821e-04 6.130982e-04 1.245054e-03 7.970943e-04
5.360646e+02 8.926637e-04 6.196334e-04 1.276004e-03 7.823536e-04
5.361022e+02 9.008607e-04 6.266746e-04 1.307331e-03 7.685762e-04
5.361398e+02 9.100949e-04 6.350856e-04 1.339364e-03 7.558351e-04
5.361773e+02 9.207042e-04 6.457336e-04 1.372243e-03 7.441362e-04
5.362149e+02 9.328554e-04 6.593434e-04 1.405809e-03 7.334135e-04
5.362524e+02 9.464865e-04 6.763677e-04 1.439559e-03 7.235329e-04
5.362900e+02 9.612946e-04 6.968952e-04 1.472681e-03 7.143073e-04
5.363275e+02 9.767753e-04 7.206160e-04 1.504182e-03 7.055279e-04
5.363651e+02 9.923071e-04 7.468500e-04 1.533061e-03 6.970108e-04
5.364026e+02 1.007265e-03 7.746385e-04 1.558504e-03 6.886523e-04
5.364402e+02 1.021141e-03 8.028793e-04 1.580057e-03 6.804860e-04
5.364777e+02 1.033646e-03 8.304831e-04 1.597722e-03 6.727317e-04
5.365153e+02 1.044775e-03 8.565205e-04 1.611978e-03 6.658255e-04
5.365528e+02 1.054818e-03 8.803313e-04 1.623699e-03 6.604239e-04
5.365904e+02 1.064325e-03 9.015806e-04 1.634017e-03 6.573766e-04
5.366279e+02 1.074020e-03 9.202530e-04 1.644138e-03 6.576690e-04
5.366655e+02 1.084701e-03 9.365952e-04 1.655171e-03 6.623369e-04
5.367030e+02 1.097120e-03 9.510230e-04 1.667973e-03 6.723634e-04
5.367406e+02 1.111884e-03 9.640181e-04 1.683068e-03 6.885663e-04
5.367781e+02 1.129376e-03 9.760346e-04 1.700603e-03 7.114901e-04
5.368157e+02 1.149705e-03 9.874334e-04 1.720368e-03 7.413121e-04
5.368532e+02 1.172693e-03 9.984510e-04 1.741853e-03 7.777755e-04
5.368908e+02 1.197898e-03 1.009202e-03 1.764333e-03 8.201579e-04
5.369283e+02 1.224655e-03 1.019710e-03 1.786972e-03 8.672828e-04
5.369659e+02 1.252153e-03 1.029954e-03 1.808928e-03 9.175768e-04
5.370034e+02 1.279518e-03 1.039919e-03 1.829462e-03 9.691733e-04
5.370410e+02 1.305905e-03 1.049640e-03 1.848021e-03 1.020054e-03
5.370786e+02 1.330582e-03 1.059228e-03 1.864299e-03 1.068219e-03
5.371161e+02 1.352994e-03 1.068869e-03 1.878252e-03 1.111861e-03
5.371537e+02 1.372795e-03 1.078799e-03 1.890059e-03 1.149528e-03
5.371912e+02 1.389852e-03 1.089250e-03 1.900057e-03 1.180248e-03
5.372288e+02 1.404206e-03 1.100388e-03 1.908624e-03 1.203604e-03
5.372663e+02 1.416023e-03 1.112244e-03 1.916084e-03 1.219740e-03
5.373039e+02 1.425532e-03 1.124673e-03 1.922613e-03 1.229309e-03
5.373414e+02 1.432972e-03 1.137343e-03 1.928206e-03 1.233368e-03
5.373790e+02 1.438560e-03 1.149754e-03 1.932689e-03 1.233237e-03
5.374165e+02 1.442482e-03 1.161309e-03 1.935788e-03 1.230349e-03
5.374541e+02 1.444902e-03 1.171398e-03 1.937214e-03 1.226093e-03
5.374916e+02 1.445984e-03 1.179499e-03 1.936765e-03 1.221687e-03
5.375292e+02 1.445912e-03 1.185262e-03 1.934393e-03 1.218080e-03
5.375667e+02 1.444900e-03 1.188576e-03 1.930233e-03 1.215891e-03
5.376043e+02 1.443191e-03 1.189601e-03 1.924586e-03 1.215386e-03
5.376418e+02 1.441045e-03 1.188762e-03 1.917876e-03 1.216496e-03
5.376794e+02 1.438721e-03 1.186710e-03 1.910582e-03 1.218870e-03
5.377169e+02 1.436460e-03 1.184249e-03 1.903180e-03 1.221952e-03
5.377545e+02 1.434474e-03 1.182251e-03 1.896102e-03 1.225070e-03
5.377920e+02 1.432933e-03 1.181560e-03 1.889710e-03 1.227528e-03
5.378296e+02 1.431962e-03 1.182904e-03 1.884296e-03 1.228685e-03
5.378671e+02 1.431641e-03 1.186827e-03 1.880080e-03 1.228017e-03
5.379047e+02 1.432008e-03 1.193657e-03 1.877216e-03 1.225150e-03
5.379422e+02 1.433062e-03 1.203515e-03 1.875796e-03 1.219875e-03
5.379798e+02 1.434784e-03 1.216352e-03 1.875846e-03 1.212155e-03
5.380174e+02 1.437162e-03 1.232023e-03 1.877343e-03 1.202119e-03
5.380549e+02 1.440224e-03 1.250367e-03 1.880235e-03 1.190070e-03
5.380925e+02 1.444075e-03 1.271262e-03 1.884473e-03 1.176488e-03
5.381300e+02 1.448919e-03 1.294673e-03 1.890054e-03 1.162031e-03
5.381676e+02 1.455069e-03 1.320637e-03 1.897053e-03 1.147516e-03
5.382051e+02 1.462914e-03 1.349221e-03 1.905647e-03 1.133874e-03
5.382427e+02 1.472875e-03 1.380449e-03 1.916106e-03 1.122069e-03
5.382802e+02 1.485323e-03 1.414214e-03 1.928765e-03 1.112990e-03
5.383178e+02 1.500500e-03 1.450209e-03 1.943965e-03 1.107327e-03
5.383553e+02 1.518447e-03 1.487883e-03 1.961989e-03 1.105468e-03
5.383929e+02 1.538958e-03 1.526449e-03 1.982988e-03 1.107436e-03
5.384304e+02 1.561575e-03 1.564933e-03 2.006916e-03 1.112876e-03
5.384680e+02 1.585628e-03 1.602278e-03 2.033484e-03 1.121121e-03
5.385055e+02 1.610300e-03 1.637461e-03 2.062131e-03 1.131308e-03
5.385431e+02 1.634725e-03 1.669627e-03 2.092026e-03 1.142522e-03
5.385806e+02 1.658083e-03 1.698196e-03 2.122100e-03 1.153953e-03
5.386182e+02 1.679687e-03 1.722929e-03 2.151111e-03 1.165022e-03
5.386557e+02 1.699049e-03 1.743931e-03 2.177747e-03 1.175468e-03
5.386933e+02 1.715903e-03 1.761588e-03 2.200751e-03 1.185371e-03
5.387308e+02 1.730211e-03 1.776443e-03 2.219078e-03 1.195113e-03
5.387684e+02 1.742124e-03 1.789044e-03 2.232035e-03 1.205294e-03
5.388059e+02 1.751932e-03 1.799780e-03 2.239409e-03 1.216608e-03
5.388435e+02 1.760004e-03 1.808779e-03 2.241539e-03 1.229695e-03
5.388810e+02 1.766726e-03 1.815854e-03 2.239312e-03 1.245013e-03
5.389186e+02 1.772451e-03 1.820560e-03 2.234073e-03 1.262722e-03
5.389562e+02 1.777464e-03 1.822310e-03 2.227457e-03 1.282625e-03
5.389937e+02 1.781962e-03 1.820556e-03 2.221163e-03 1.304168e-03
5.390313e+02 1.786053e-03 1.814964e-03 2.216705e-03 1.326490e-03
5.390688e+02 1.789766e-03 1.805556e-03 2.215204e-03 1.348539e-03
5.391064e+02 1.793075e-03 1.792776e-03 2.217232e-03 1.369217e-03
5.391439e+02 1.795927e-03 1.777465e-03 2.222783e-03 1.387534e-03
5.391815e+02 1.798283e-03 1.760764e-03 2.231331e-03 1.402754e-03
5.392190e+02 1.800154e-03 1.743966e-03 2.241998e-03 1.414500e-03
5.392566e+02 1.801640e-03 1.728349e-03 2.253772e-03 1.422798e-03
5.392941e+02 1.802946e-03 1.715038e-03 2.265729e-03 1.428071e-03
5.393317e+02 1.804388e-03 1.704888e-03 2.277215e-03 1.431059e-03
5.393692e+02 1.806358e-03 1.698425e-03 2.287943e-03 1.432705e-03
5.394068e+02 1.809270e-03 1.695813e-03 2.297996e-03 1.434001e-03
5.394443e+02 1.813477e-03 1.696864e-03 2.307730e-03 1.435838e-03
5.394819e+02 1.819187e-03 1.701068e-03 2.317620e-03 1.438874e-03
5.395194e+02 1.826396e-03 1.707655e-03 2.328081e-03 1.443453e-03
5.395570e+02 1.834862e-03 1.715699e-03 2.339309e-03 1.449577e-03
5.395945e+02 1.844133e-03 1.724253e-03 2.351187e-03 1.456958e-03
5.396321e+02 1.853637e-03 1.732518e-03 2.363272e-03 1.465120e-03
5.396696e+02 1.862801e-03 1.740002e-03 2.374859e-03 1.473541e-03
5.397072e+02 1.871188e-03 1.746658e-03 2.385118e-03 1.481789e-03
5.397447e+02 1.878600e-03 1.752941e-03 2.393241e-03 1.489618e-03
5.397823e+02 1.885122e-03 1.759778e-03 2.398590e-03 1.496998e-03
5.398198e+02 1.891094e-03 1.768432e-03 2.400794e-03 1.504058e-03
5.398574e+02 1.897015e-03 1.780291e-03 2.399787e-03 1.510967e-03
5.398950e+02 1.903404e-03 1.796620e-03 2.395796e-03 1.517796e-03
5.399325e+02 1.910669e-03 1.818329e-03 2.389288e-03 1.524388e-03
5.399701e+02 1.919010e-03 1.845800e-03 2.380923e-03 1.530308e-03
5.400076e+02 1.928404e-03 1.878817e-03 2.371518e-03 1.534878e-03
5.400452e+02 1.938653e-03 1.916592e-03 2.362053e-03 1.537312e-03
5.400827e+02 1.949498e-03 1.957892e-03 2.353704e-03 1.536897e-03
5.401203e+02 1.960757e-03 2.001224e-03 2.347865e-03 1.533183e-03
5.401578e+02 1.972439e-03 2.045032e-03 2.346155e-03 1.526131e-03
5.401954e+02 1.984797e-03 2.087882e-03 2.350351e-03 1.516159e-03
5.402329e+02 1.998307e-03 2.128589e-03 2.362241e-03 1.504092e-03
5.402705e+02 2.013573e-03 2.166276e-03 2.383412e-03 1.491031e-03
5.403080e+02 2.031177e-03 2.200381e-03 2.414984e-03 1.478165e-03
5.403456e+02 2.051522e-03 2.230624e-03 2.457352e-03 1.466590e-03
5.403831e+02 2.074697e-03 2.256951e-03 2.509980e-03 1.457160e-03
5.404207e+02 2.100406e-03 2.279501e-03 2.571301e-03 1.450417e-03
5.404582e+02 2.127975e-03 2.298587e-03 2.638759e-03 1.446578e-03
5.404958e+02 2.156438e-03 2.314721e-03 2.708998e-03 1.445594e-03
5.405333e+02 2.184685e-03 2.328641e-03 2.778186e-03 1.447230e-03
5.405709e+02 2.211647e-03 2.341355e-03 2.842426e-03 1.451161e-03
5.406084e+02 2.236468e-03 2.354156e-03 2.898201e-03 1.457047e-03
5.406460e+02 2.258650e-03 2.368601e-03 2.942773e-03 1.464577e-03
5.406835e+02 2.278132e-03 2.386430e-03 2.974489e-03 1.473477e-03
5.407211e+02 2.295288e-03 2.409435e-03 2.992940e-03 1.483489e-03
5.407586e+02 2.310854e-03 2.439265e-03 2.998963e-03 1.494333e-03
5.407962e+02 2.325795e-03 2.477224e-03 2.994484e-03 1.505677e-03
5.408338e+02 2.341144e-03 2.524061e-03 2.982253e-03 1.517117e-03
5.408713e+02 2.357835e-03 2.579804e-03 2.965505e-03 1.528196e-03
5.409089e+02 2.376573e-03 2.643672e-03 2.947602e-03 1.538445e-03
5.409464e+02 2.397745e-03 2.714082e-03 2.931709e-03 1.547444e-03
5.409840e+02 2.421393e-03 2.788760e-03 2.920528e-03 1.554892e-03
5.410215e+02 2.447233e-03 2.864938e-03 2.916113e-03 1.560647e-03
5.410591e+02 2.474708e-03 2.939624e-03 2.919757e-03 1.564743e-03
5.410966e+02 2.503071e-03 3.009899e-03 2.931954e-03 1.567361e-03
5.411342e+02 2.531465e-03 3.073212e-03 2.952416e-03 1.568768e-03
5.411717e+02 2.559005e-03 3.127633e-03 2.980143e-03 1.569240e-03
5.412093e+02 2.584855e-03 3.172047e-03 3.013536e-03 1.568983e-03
5.412468e+02 2.608303e-03 3.206270e-03 3.050555e-03 1.568085e-03
5.412844e+02 2.628832e-03 3.231082e-03 3.088920e-03 1.566495e-03
5.413219e+02 2.646185e-03 3.248166e-03 3.126344e-03 1.564046e-03
5.413595e+02 2.660416e-03 3.259974e-03 3.160761e-03 1.560513e-03
5.413970e+02 2.671915e-03 3.269513e-03 3.190546e-03 1.555686e-03
5.414346e+02 2.681393e-03 3.280071e-03 3.214660e-03 1.549449e-03
5.414721e+02 2.689821e-03 3.294897e-03 3.232721e-03 1.541847e-03
5.415097e+02 2.698313e-03 3.316856e-03 3.244965e-03 1.533119e-03
5.415472e+02 2.707976e-03 3.348089e-03 3.252138e-03 1.523702e-03
5.415848e+02 2.719742e-03 3.389723e-03 3.255309e-03 1.514194e-03
5.416223e+02 2.734209e-03 3.441657e-03 3.255679e-03 1.505290e-03
5.416599e+02 2.751534e-03 3.502493e-03 3.254401e-03 1.497708e-03
5.416974e+02 2.771390e-03 3.569618e-03 3.252451e-03 1.492099e-03
5.417350e+02 2.793005e-03 3.639480e-03 3.250553e-03 1.488981e-03
5.417726e+02 2.815291e-03 3.708014e-03 3.249174e-03 1.488684e-03
5.418101e+02 2.837021e-03 3.771180e-03 3.248556e-03 1.491327e-03
5.418477e+02 2.857041e-03 3.825524e-03 3.248776e-03 1.496825e-03
5.418852e+02 2.874458e-03 3.868658e-03 3.249802e-03 1.504914e-03
5.419228e+02 2.888771e-03 3.899569e-03 3.251546e-03 1.515199e-03
5.419603e+02 2.899931e-03 3.918707e-03 3.253882e-03 1.527205e-03
5.419979e+02 2.908296e-03 3.927822e-03 3.256651e-03 1.540416e-03
5.420354e+02 2.914523e-03 3.929614e-03 3.259644e-03 1.554312e-03
5.420730e+02 2.919415e-03 3.927266e-03 3.262599e-03 1.568379e-03
5.421105e+02 2.923759e-03 3.923965e-03 3.265203e-03 1.582109e-03
5.421481e+02 2.928204e-03 3.922502e-03 3.267126e-03 1.594984e-03
5.421856e+02 2.933181e-03 3.924995e-03 3.268079e-03 1.606469e-03
5.422232e+02 2.938885e-03 3.932769e-03 3.267878e-03 1.616009e-03
5.422607e+02 2.945297e-03 3.946341e-03 3.266501e-03 1.623049e-03
5.422983e+02 2.952226e-03 3.965499e-03 3.264109e-03 1.627069e-03
5.423358e+02 2.959352e-03 3.989393e-03 3.261021e-03 1.627641e-03
5.423734e+02 2.966261e-03 4.016643e-03 3.257651e-03 1.624489e-03
5.424109e+02 2.972466e-03 4.045440e-03 3.254401e-03 1.617557e-03
5.424485e+02 2.977421e-03 4.073651e-03 3.251560e-03 1.607052e-03
5.424860e+02 2.980550e-03 4.098961e-03 3.249214e-03 1.593475e-03
5.425236e+02 2.981280e-03 4.119031e-03 3.247196e-03 1.577613e-03
5.425611e+02 2.979092e-03 4.131691e-03 3.245090e-03 1.560495e-03
5.425987e+02 2.973575e-03 4.135138e-03 3.242277e-03 1.543309e-03
5.426362e+02 2.964481e-03 4.128114e-03 3.238036e-03 1.527293e-03
5.426738e+02 2.951762e-03 4.110030e-03 3.231662e-03 1.513593e-03
5.427114e+02 2.935592e-03 4.081034e-03 3.222601e-03 1.503140e-03
5.427489e+02 2.916375e-03 4.042019e-03 3.210577e-03 1.496530e-03
5.427865e+02 2.894737e-03 3.994561e-03 3.195687e-03 1.493964e-03
5.428240e+02 2.871501e-03 3.940822e-03 3.178442e-03 1.495238e-03
5.428616e+02 2.847648e-03 3.883402e-03 3.159744e-03 1.499800e-03
5.428991e+02 2.824266e-03 3.825161e-03 3.140787e-03 1.506849e-03
5.429367e+02 2.802457e-03 3.768999e-03 3.122893e-03 1.515477e-03
5.429742e+02 2.783243e-03 3.717620e-03 3.107311e-03 1.524799e-03
5.430118e+02 2.767452e-03 3.673273e-03 3.095016e-03 1.534066e-03
5.430493e+02 2.755607e-03 3.637523e-03 3.086559e-03 1.542739e-03
5.430869e+02 2.747859e-03 3.611070e-03 3.081996e-03 1.550512e-03
5.431244e+02 2.743961e-03 3.593668e-03 3.080915e-03 1.557300e-03
5.431620e+02 2.743302e-03 3.584153e-03 3.082548e-03 1.563205e-03
5.431995e+02 2.745004e-03 3.580602e-03 3.085950e-03 1.568460e-03
5.432371e+02 2.748053e-03 3.580592e-03 3.090178e-03 1.573389e-03
5.432746e+02 2.751445e-03 3.581528e-03 3.094455e-03 1.578352e-03
5.433122e+02 2.754320e-03 3.580995e-03 3.098261e-03 1.583704e-03
5.433497e+02 2.756053e-03 3.577069e-03 3.101355e-03 1.589736e-03
5.433873e+02 2.756303e-03 3.568558e-03 3.103734e-03 1.596618e-03
5.434248e+02 2.755009e-03 3.555134e-03 3.105547e-03 1.604347e-03
5.434624e+02 2.752349e-03 3.537345e-03 3.107001e-03 1.612702e-03
5.434999e+02 2.748680e-03 3.516506e-03 3.108292e-03 1.621242e-03
5.435375e+02 2.744467e-03 3.494494e-03 3.109563e-03 1.629346e-03
5.435750e+02 2.740226e-03 3.473463e-03 3.110918e-03 1.636298e-03
5.436126e+02 2.736473e-03 3.455539e-03 3.112462e-03 1.641418e-03
5.436502e+02 2.733689e-03 3.442511e-03 3.114361e-03 1.644195e-03
5.436877e+02 2.732298e-03 3.435590e-03 3.116894e-03 1.644410e-03
5.437253e+02 2.732650e-03 3.435263e-03 3.120477e-03 1.642209e-03
5.437628e+02 2.735006e-03 3.441269e-03 3.125644e-03 1.638105e-03
5.438004e+02 2.739527e-03 3.452703e-03 3.132965e-03 1.632913e-03
5.438379e+02 2.746264e-03 3.468232e-03 3.142938e-03 1.627620e-03
5.438755e+02 2.755153e-03 3.486384e-03 3.155840e-03 1.623235e-03
5.439130e+02 2.766020e-03 3.505840e-03 3.171601e-03 1.620621e-03
5.439506e+02 2.778594e-03 3.525678e-03 3.189724e-03 1.620381e-03
5.439881e+02 2.792528e-03 3.545516e-03 3.209286e-03 1.622782e-03
5.440257e+02 2.807435e-03 3.565515e-03 3.229042e-03 1.627748e-03
5.440632e+02 2.822922e-03 3.586248e-03 3.247622e-03 1.634896e-03
5.441008e+02 2.838621e-03 3.608457e-03 3.263798e-03 1.643609e-03
5.441383e+02 2.854213e-03 3.632769e-03 3.276746e-03 1.653124e-03
5.441759e+02 2.869436e-03 3.659415e-03 3.286274e-03 1.662618e-03
5.442134e+02 2.884082e-03 3.688040e-03 3.292926e-03 1.671279e-03
5.442510e+02 2.897997e-03 3.717647e-03 3.297966e-03 1.678377e-03
5.442885e+02 2.911074e-03 3.746683e-03 3.303211e-03 1.683329e-03
5.443261e+02 2.923265e-03 3.773273e-03 3.310768e-03 1.685754e-03
5.443636e+02 2.934591e-03 3.795527e-03 3.322717e-03 1.685529e-03
5.444012e+02 2.945162e-03 3.811873e-03 3.340793e-03 1.682819e-03
5.444387e+02 2.955178e-03 3.821326e-03 3.366129e-03 1.678080e-03
5.444763e+02 2.964911e-03 3.823644e-03 3.399073e-03 1.672016e-03
5.445138e+02 2.974656e-03 3.819351e-03 3.439126e-03 1.665492e-03
5.445514e+02 2.984667e-03 3.809624e-03 3.484965e-03 1.659411e-03
5.445890e+02 2.995078e-03 3.796093e-03 3.534566e-03 1.654575e-03
5.446265e+02 3.005853e-03 3.780609e-03 3.585398e-03 1.651553e-03
5.446641e+02 3.016765e-03 3.765036e-03 3.634678e-03 1.650580e-03
5.447016e+02 3.027413e-03 3.751083e-03 3.679643e-03 1.651513e-03
5.447392e+02 3.037289e-03 3.740205e-03 3.717831e-03 1.653831e-03
5.447767e+02 3.045857e-03 3.733543e-03 3.747322e-03 1.656706e-03
5.448143e+02 3.052631e-03 3.731874e-03 3.766911e-03 1.659106e-03
5.448518e+02 3.057225e-03 3.735551e-03 3.776197e-03 1.659928e-03
5.448894e+02 3.059380e-03 3.744425e-03 3.775570e-03 1.658143e-03
5.449269e+02 3.058947e-03 3.757771e-03 3.766128e-03 1.652943e-03
5.449645e+02 3.055873e-03 3.774244e-03 3.749518e-03 1.643856e-03
5.450020e+02 3.050177e-03 3.791924e-03 3.727766e-03 1.630840e-03
5.450396e+02 3.041962e-03 3.808474e-03 3.703097e-03 1.614315e-03
5.450771e+02 3.031447e-03 3.821422e-03 3.677773e-03 1.595146e-03
5.451147e+02 3.019020e-03 3.828532e-03 3.653958e-03 1.574569e-03
5.451522e+02 3.005288e-03 3.828208e-03 3.633599e-03 1.554056e-03
5.451898e+02 2.991107e-03 3.819841e-03 3.618331e-03 1.535149e-03
5.452273e+02 2.977570e-03 3.804020e-03 3.609400e-03 1.519290e-03
5.452649e+02 2.965944e-03 3.782558e-03 3.607626e-03 1.507647e-03
5.453024e+02 2.957565e-03 3.758304e-03 3.613401e-03 1.500991e-03
5.453400e+02 2.953712e-03 3.734767e-03 3.626757e-03 1.499613e-03
5.453775e+02 2.955466e-03 3.715624e-03 3.647469e-03 1.503303e-03
5.454151e+02 2.963591e-03 3.704190e-03 3.675189e-03 1.511394e-03
5.454526e+02 2.978450e-03 3.702937e-03 3.709563e-03 1.522849e-03
5.454902e+02 2.999953e-03 3.713153e-03 3.750308e-03 1.536398e-03
5.455278e+02 3.027558e-03 3.734777e-03 3.797196e-03 1.550700e-03
5.455653e+02 3.060304e-03 3.766445e-03 3.849966e-03 1.564500e-03
5.456029e+02 3.096882e-03 3.805712e-03 3.908160e-03 1.576773e-03
5.456404e+02 3.135722e-03 3.849412e-03 3.970928e-03 1.586825e-03
5.456780e+02 3.175092e-03 3.894089e-03 4.036858e-03 1.594330e-03
5.457155e+02 3.213205e-03 3.936411e-03 4.103883e-03 1.599321e-03
5.457531e+02 3.248312e-03 3.973522e-03 4.169299e-03 1.602115e-03
5.457906e+02 3.278805e-03 4.003284e-03 4.229913e-03 1.603216e-03
5.458282e+02 3.303304e-03 4.024388e-03 4.282320e-03 1.603205e-03
5.458657e+02 3.320757e-03 4.036369e-03 4.323260e-03 1.602643e-03
5.459033e+02 3.330522e-03 4.039533e-03 4.350020e-03 1.602011e-03
5.459408e+02 3.332439e-03 4.034853e-03 4.360790e-03 1.601673e-03
5.459784e+02 3.326884e-03 4.023834e-03 4.354944e-03 1.601875e-03
5.460159e+02 3.314773e-03 4.008385e-03 4.333170e-03 1.602766e-03
5.460535e+02 3.297517e-03 3.990669e-03 4.297459e-03 1.604421e-03
5.460910e+02 3.276914e-03 3.972944e-03 4.250928e-03 1.606870e-03
5.461286e+02 3.254994e-03 3.957356e-03 4.197513e-03 1.610112e-03
5.461661e+02 3.233811e-03 3.945724e-03 4.141580e-03 1.614129e-03
5.462037e+02 3.215232e-03 3.939319e-03 4.087488e-03 1.618889e-03
5.462412e+02 3.200736e-03 3.938693e-03 4.039172e-03 1.624344e-03
5.462788e+02 3.191272e-03 3.943599e-03 3.999786e-03 1.630431e-03
5.463163e+02 3.187191e-03 3.953043e-03 3.971459e-03 1.637069e-03
5.463539e+02 3.188266e-03 3.965463e-03 3.955175e-03 1.644159e-03
5.463914e+02 3.193792e-03 3.978998e-03 3.950797e-03 1.651582e-03
5.464290e+02 3.202741e-03 3.991812e-03 3.957222e-03 1.659188e-03
5.464666e+02 3.213925e-03 4.002364e-03 3.972622e-03 1.666788e-03
5.465041e+02 3.226156e-03 4.009601e-03 3.994736e-03 1.674129e-03
5.465417e+02 3.238349e-03 4.013009e-03 4.021155e-03 1.680884e-03
5.465792e+02 3.249583e-03 4.012549e-03 4.049559e-03 1.686639e-03
5.466168e+02 3.259103e-03 4.008510e-03 4.077883e-03 1.690916e-03
5.466543e+02 3.266309e-03 4.001325e-03 4.104385e-03 1.693217e-03
5.466919e+02 3.270727e-03 3.991413e-03 4.127657e-03 1.693111e-03
5.467294e+02 3.271998e-03 3.979089e-03 4.146575e-03 1.690330e-03
5.467670e+02 3.269882e-03 3.964534e-03 4.160237e-03 1.684876e-03
5.468045e+02 3.264281e-03 3.947845e-03 4.167909e-03 1.677090e-03
5.468421e+02 3.255254e-03 3.929098e-03 4.168997e-03 1.667667e-03
5.468796e+02 3.243026e-03 3.908432e-03 4.163042e-03 1.657604e-03
5.469172e+02 3.227967e-03 3.886088e-03 4.149748e-03 1.648064e-03
5.469547e+02 3.210547e-03 3.862423e-03 4.129017e-03 1.640200e-03
5.469923e+02 3.191281e-03 3.837885e-03 4.100999e-03 1.634957e-03
5.470298e+02 3.170674e-03 3.812975e-03 4.066146e-03 1.632902e-03
5.470674e+02 3.149202e-03 3.788220e-03 4.025266e-03 1.634119e-03
5.471049e+02 3.127314e-03 3.764160e-03 3.979587e-03 1.638195e-03
5.471425e+02 3.105485e-03 3.741366e-03 3.930788e-03 1.644300e-03
5.471800e+02 3.084261e-03 3.720454e-03 3.880995e-03 1.651335e-03
5.472176e+02 3.064303e-03 3.702087e-03 3.832695e-03 1.658127e-03
5.472551e+02 3.046364e-03 3.686926e-03 3.788541e-03 1.663627e-03
5.472927e+02 3.031216e-03 3.675526e-03 3.751057e-03 1.667065e-03
5.473302e+02 3.019504e-03 3.668191e-03 3.722264e-03 1.668057e-03
5.473678e+02 3.011580e-03 3.664812e-03 3.703293e-03 1.666635e-03
5.474054e+02 3.007344e-03 3.664741e-03 3.694079e-03 1.663213e-03
5.474429e+02 3.006156e-03 3.666751e-03 3.693215e-03 1.658502e-03
5.474805e+02 3.006841e-03 3.669093e-03 3.698041e-03 1.653388e-03
5.475180e+02 3.007814e-03 3.669684e-03 3.704966e-03 1.648791e-03
5.475556e+02 3.007296e-03 3.666379e-03 3.709989e-03 1.645520e-03
5.475931e+02 3.003579e-03 3.657275e-03 3.709317e-03 1.644145e-03
5.476307e+02 2.995287e-03 3.641003e-03 3.699960e-03 1.644900e-03
5.476682e+02 2.981579e-03 3.616931e-03 3.680178e-03 1.647628e-03
5.477058e+02 2.962243e-03 3.585244e-03 3.649694e-03 1.651791e-03
5.477433e+02 2.937691e-03 3.546898e-03 3.609635e-03 1.656539e-03
5.477809e+02 2.908841e-03 3.503454e-03 3.562235e-03 1.660834e-03
5.478184e+02 2.876947e-03 3.456854e-03 3.510373e-03 1.663616e-03
5.478560e+02 2.843407e-03 3.409176e-03 3.457070e-03 1.663975e-03
5.478935e+02 2.809584e-03 3.362417e-03 3.405025e-03 1.661309e-03
5.479311e+02 2.776681e-03 3.318326e-03 3.356294e-03 1.655422e-03
5.479686e+02 2.745668e-03 3.278302e-03 3.312131e-03 1.646569e-03
5.480062e+02 2.717253e-03 3.243341e-03 3.273004e-03 1.635414e-03
5.480437e+02 2.691889e-03 3.214017e-03 3.238718e-03 1.622933e-03
5.480813e+02 2.669795e-03 3.190494e-03 3.208624e-03 1.610267e-03
5.481188e+02 2.650983e-03 3.172560e-03 3.181833e-03 1.598558e-03
5.481564e+02 2.635294e-03 3.159675e-03 3.157412e-03 1.588794e-03
5.481939e+02 2.622425e-03 3.151052e-03 3.134530e-03 1.581693e-03
5.482315e+02 2.611980e-03 3.145740e-03 3.112569e-03 1.577630e-03
5.482690e+02 2.603507e-03 3.142720e-03 3.091183e-03 1.576619e-03
5.483066e+02 2.596554e-03 3.140987e-03 3.070332e-03 1.578343e-03
5.483442e+02 2.590702e-03 3.139601e-03 3.050281e-03 1.582223e-03
5.483817e+02 2.585597e-03 3.137717e-03 3.031565e-03 1.587510e-03
5.484193e+02 2.580955e-03 3.134574e-03 3.014910e-03 1.593381e-03
5.484568e+02 2.576548e-03 3.129487e-03 3.001110e-03 1.599045e-03
5.484944e+02 2.572175e-03 3.121820e-03 2.990869e-03 1.603837e-03
5.485319e+02 2.567629e-03 3.110986e-03 2.984614e-03 1.607288e-03
5.485695e+02 2.562661e-03 3.096462e-03 2.982337e-03 1.609184e-03
5.486070e+02 2.556962e-03 3.077817e-03 2.983484e-03 1.609586e-03
5.486446e+02 2.550174e-03 3.054772e-03 2.986932e-03 1.608819e-03
5.486821e+02 2.541920e-03 3.027248e-03 2.991084e-03 1.607429e-03
5.487197e+02 2.531868e-03 2.995429e-03 2.994064e-03 1.606111e-03
5.487572e+02 2.519803e-03 2.959804e-03 2.993988e-03 1.605617e-03
5.487948e+02 2.505709e-03 2.921189e-03 2.989266e-03 1.606671e-03
5.488323e+02 2.489821e-03 2.880724e-03 2.978858e-03 1.609882e-03
5.488699e+02 2.472648e-03 2.839825e-03 2.962440e-03 1.615679e-03
5.489074e+02 2.454940e-03 2.800105e-03 2.940439e-03 1.624276e-03
5.489450e+02 2.437606e-03 2.763251e-03 2.913916e-03 1.635652e-03
5.489825e+02 2.421595e-03 2.730875e-03 2.884356e-03 1.649555e-03
5.490201e+02 2.407756e-03 2.704368e-03 2.853374e-03 1.665526e-03
5.490576e+02 2.396713e-03 2.684760e-03 2.822448e-03 1.682930e-03
5.490952e+02 2.388774e-03 2.672618e-03 2.792705e-03 1.701001e-03
5.491327e+02 2.383904e-03 2.668005e-03 2.764821e-03 1.718888e-03
5.491703e+02 2.381750e-03 2.670496e-03 2.739048e-03 1.735707e-03
5.492078e+02 2.381728e-03 2.679255e-03 2.715334e-03 1.750594e-03
5.492454e+02 2.383141e-03 2.693162e-03 2.693504e-03 1.762758e-03
5.492830e+02 2.385313e-03 2.710963e-03 2.673447e-03 1.771530e-03
5.493205e+02 2.387698e-03 2.731431e-03 2.655253e-03 1.776411e-03
5.493581e+02 2.389965e-03 2.753491e-03 2.639286e-03 1.777118e-03
5.493956e+02 2.392023e-03 2.776304e-03 2.626149e-03 1.773616e-03
5.494332e+02 2.394004e-03 2.799278e-03 2.616588e-03 1.766147e-03
5.494707e+02 2.396193e-03 2.822019e-03 2.611334e-03 1.755227e-03
5.495083e+02 2.398924e-03 2.844208e-03 2.610929e-03 1.741635e-03
5.495458e+02 2.402462e-03 2.865460e-03 2.615566e-03 1.726361e-03
5.495834e+02 2.406900e-03 2.885184e-03 2.624977e-03 1.710541e-03
5.496209e+02 2.412082e-03 2.902498e-03 2.638397e-03 1.695351e-03
5.496585e+02 2.417580e-03 2.916236e-03 2.654608e-03 1.681895e-03
5.496960e+02 2.422729e-03 2.925048e-03 2.672055e-03 1.671083e-03
5.497336e+02 2.426714e-03 2.927592e-03 2.689038e-03 1.663512e-03
5.497711e+02 2.428686e-03 2.922762e-03 2.703914e-03 1.659382e-03
5.498087e+02 2.427888e-03 2.909918e-03 2.715306e-03 1.658441e-03
5.498462e+02 2.423756e-03 2.889028e-03 2.722240e-03 1.660001e-03
5.498838e+02 2.415982e-03 2.860724e-03 2.724216e-03 1.663005e-03
5.499213e+02 2.404522e-03 2.826224e-03 2.721182e-03 1.666160e-03
5.499589e+02 2.389571e-03 2.787169e-03 2.713431e-03 1.668112e-03
5.499964e+02 2.371495e-03 2.745388e-03 2.701450e-03 1.667647e-03
5.500340e+02 2.350764e-03 2.702662e-03 2.685759e-03 1.663871e-03
5.500715e+02 2.327881e-03 2.660511e-03 2.666781e-03 1.656352e-03
5.501091e+02 2.303337e-03 2.620054e-03 2.644767e-03 1.645190e-03
5.501466e+02 2.277576e-03 2.581934e-03 2.619789e-03 1.631006e-03
5.501842e+02 2.250992e-03 2.546332e-03 2.591796e-03 1.614849e-03
5.502218e+02 2.223932e-03 2.513044e-03 2.560709e-03 1.598044e-03
5.502593e+02 2.196714e-03 2.481602e-03 2.526532e-03 1.582008e-03
5.502969e+02 2.169656e-03 2.451436e-03 2.489462e-03 1.568069e-03
5.503344e+02 2.143098e-03 2.422031e-03 2.449954e-03 1.557308e-03
5.503720e+02 2.117422e-03 2.393066e-03 2.408744e-03 1.550457e-03
5.504095e+02 2.093057e-03 2.364503e-03 2.366817e-03 1.547851e-03
5.504471e+02 2.070459e-03 2.336623e-03 2.325323e-03 1.549431e-03
5.504846e+02 2.050076e-03 2.309978e-03 2.285456e-03 1.554794e-03
5.505222e+02 2.032288e-03 2.285288e-03 2.248311e-03 1.563266e-03
5.505597e+02 2.017351e-03 2.263302e-03 2.214754e-03 1.573996e-03
5.505973e+02 2.005339e-03 2.244639e-03 2.185324e-03 1.586054e-03
5.506348e+02 1.996125e-03 2.229661e-03 2.160189e-03 1.598525e-03
5.506724e+02 1.989386e-03 2.218396e-03 2.139165e-03 1.610596e-03
5.507099e+02 1.984645e-03 2.210519e-03 2.121792e-03 1.621625e-03
5.507475e+02 1.981345e-03 2.205392e-03 2.107459e-03 1.631185e-03
5.507850e+02 1.978918e-03 2.202150e-03 2.095531e-03 1.639072e-03
5.508226e+02 1.976852e-03 2.199807e-03 2.085477e-03 1.645273e-03
5.508601e+02 1.974736e-03 2.197359e-03 2.076946e-03 1.649903e-03
5.508977e+02 1.972267e-03 2.193881e-03 2.069803e-03 1.653116e-03
5.509352e+02 1.969242e-03 2.188599e-03 2.064112e-03 1.655016e-03
5.509728e+02 1.965539e-03 2.180955e-03 2.060071e-03 1.655591e-03
5.510103e+02 1.961097e-03 2.170667e-03 2.057930e-03 1.654693e-03
5.510479e+02 1.955919e-03 2.157773e-03 2.057908e-03 1.652075e-03
5.510854e+02 1.950086e-03 2.142674e-03 2.060111e-03 1.647473e-03
5.511230e+02 1.943787e-03 2.126145e-03 2.064485e-03 1.640731e-03
5.511606e+02 1.937333e-03 2.109300e-03 2.070791e-03 1.631908e-03
5.511981e+02 1.931160e-03 2.093509e-03 2.078610e-03 1.621363e-03
5.512357e+02 1.925792e-03 2.080248e-03 2.087365e-03 1.609762e-03
5.512732e+02 1.921768e-03 2.070913e-03 2.096371e-03 1.598019e-03
5.513108e+02 1.919554e-03 2.066617e-03 2.104880e-03 1.587166e-03
5.513483e+02 1.919450e-03 2.068012e-03 2.112155e-03 1.578183e-03
5.513859e+02 1.921515e-03 2.075171e-03 2.117537e-03 1.571838e-03
5.514234e+02 1.925548e-03 2.087559e-03 2.120517e-03 1.568567e-03
5.514610e+02 1.931111e-03 2.104100e-03 2.120807e-03 1.568426e-03
5.514985e+02 1.937614e-03 2.123317e-03 2.118390e-03 1.571133e-03
5.515361e+02 1.944415e-03 2.143540e-03 2.113539e-03 1.576168e-03
5.515736e+02 1.950937e-03 2.163109e-03 2.106790e-03 1.582911e-03
5.516112e+02 1.956743e-03 2.180574e-03 2.098874e-03 1.590781e-03
5.516487e+02 1.961582e-03 2.194825e-03 2.090601e-03 1.599320e-03
5.516863e+02 1.965371e-03 2.205167e-03 2.082728e-03 1.608219e-03
5.517238e+02 1.968147e-03 2.211334e-03 2.075826e-03 1.617280e-03
5.517614e+02 1.969986e-03 2.213438e-03 2.070189e-03 1.626332e-03
5.517989e+02 1.970945e-03 2.211891e-03 2.065801e-03 1.635143e-03
5.518365e+02 1.971012e-03 2.207298e-03 2.062380e-03 1.643359e-03
5.518740e+02 1.970110e-03 2.200351e-03 2.059472e-03 1.650506e-03
5.519116e+02 1.968127e-03 2.191729e-03 2.056596e-03 1.656056e-03
5.519491e+02 1.964975e-03 2.182008e-03 2.053371e-03 1.659547e-03
5.519867e+02 1.960648e-03 2.171606e-03 2.049619e-03 1.660720e-03
5.520242e+02 1.955262e-03 2.160761e-03 2.045391e-03 1.659635e-03
5.520618e+02 1.949069e-03 2.149544e-03 2.040931e-03 1.656733e-03
5.520994e+02 1.942434e-03 2.137906e-03 2.036584e-03 1.652811e-03
5.521369e+02 1.935779e-03 2.125748e-03 2.032676e-03 1.648913e-03
5.521745e+02 1.929523e-03 2.113002e-03 2.029401e-03 1.646164e-03
5.522120e+02 1.924007e-03 2.099694e-03 2.026756e-03 1.645570e-03
5.522496e+02 1.919445e-03 2.085983e-03 2.024511e-03 1.647842e-03
5.522871e+02 1.915892e-03 2.072167e-03 2.022248e-03 1.653261e-03
5.523247e+02 1.913238e-03 2.058649e-03 2.019429e-03 1.661636e-03
5.523622e+02 1.911238e-03 2.045889e-03 2.015485e-03 1.672339e-03
5.523998e+02 1.909558e-03 2.034340e-03 2.009916e-03 1.684417e-03
5.524373e+02 1.907844e-03 2.024403e-03 2.002366e-03 1.696762e-03
5.524749e+02 1.905790e-03 2.016399e-03 1.992683e-03 1.708288e-03
5.525124e+02 1.903209e-03 2.010568e-03 1.980958e-03 1.718100e-03
5.525500e+02 1.900078e-03 2.007089e-03 1.967530e-03 1.725614e-03
5.525875e+02 1.896559e-03 2.006097e-03 1.952967e-03 1.730613e-03
5.526251e+02 1.892983e-03 2.007700e-03 1.938018e-03 1.733230e-03
5.526626e+02 1.889801e-03 2.011978e-03 1.923546e-03 1.733880e-03
5.527002e+02 1.887512e-03 2.018956e-03 1.910442e-03 1.733139e-03
5.527377e+02 1.886574e-03 2.028572e-03 1.899531e-03 1.731618e-03
5.527753e+02 1.887316e-03 2.040624e-03 1.891480e-03 1.729843e-03
5.528128e+02 1.889878e-03 2.054732e-03 1.886730e-03 1.728172e-03
5.528504e+02 1.894169e-03 2.070309e-03 1.885436e-03 1.726761e-03
5.528879e+02 1.899857e-03 2.086557e-03 1.887441e-03 1.725572e-03
5.529255e+02 1.906400e-03 2.102489e-03 1.892278e-03 1.724432e-03
5.529630e+02 1.913095e-03 2.116985e-03 1.899197e-03 1.723104e-03
5.530006e+02 1.919153e-03 2.128877e-03 1.907226e-03 1.721357e-03
5.530382e+02 1.923778e-03 2.137048e-03 1.915256e-03 1.719029e-03
5.530757e+02 1.926251e-03 2.140549e-03 1.922162e-03 1.716042e-03
5.531133e+02 1.926012e-03 2.138707e-03 1.926929e-03 1.712401e-03
5.531508e+02 1.922716e-03 2.131209e-03 1.928785e-03 1.708154e-03
5.531884e+02 1.916271e-03 2.118161e-03 1.927309e-03 1.703343e-03
5.532259e+02 1.906850e-03 2.100092e-03 1.922497e-03 1.697960e-03
5.532635e+02 1.894863e-03 2.077915e-03 1.914753e-03 1.691921e-03
5.533010e+02 1.880914e-03 2.052847e-03 1.904825e-03 1.685069e-03
5.533386e+02 1.865720e-03 2.026292e-03 1.893662e-03 1.677206e-03
5.533761e+02 1.850035e-03 1.999700e-03 1.882255e-03 1.668149e-03
5.534137e+02 1.834559e-03 1.974423e-03 1.871459e-03 1.657795e-03
5.534512e+02 1.819875e-03 1.951583e-03 1.861862e-03 1.646178e-03
5.534888e+02 1.806391e-03 1.931956e-03 1.853711e-03 1.633508e-03
5.535263e+02 1.794326e-03 1.915902e-03 1.846906e-03 1.620170e-03
5.535639e+02 1.783702e-03 1.903348e-03 1.841062e-03 1.606697e-03
5.536014e+02 1.774378e-03 1.893810e-03 1.835613e-03 1.593711e-03
5.536390e+02 1.766087e-03 1.886486e-03 1.829927e-03 1.581849e-03
5.536765e+02 1.758493e-03 1.880377e-03 1.823414e-03 1.571687e-03
5.537141e+02 1.751246e-03 1.874438e-03 1.815612e-03 1.563688e-03
5.537516e+02 1.744040e-03 1.867729e-03 1.806230e-03 1.558161e-03
5.537892e+02 1.736657e-03 1.859545e-03 1.795170e-03 1.555257e-03
5.538267e+02 1.728993e-03 1.849495e-03 1.782515e-03 1.554969e-03
5.538643e+02 1.721049e-03 1.837514e-03 1.768491e-03 1.557143e-03
5.539018e+02 1.712894e-03 1.823808e-03 1.753405e-03 1.561469e-03
5.539394e+02 1.704576e-03 1.808734e-03 1.737544e-03 1.567451e-03
5.539770e+02 1.696010e-03 1.792621e-03 1.721052e-03 1.574356e-03
5.540145e+02 1.686842e-03 1.775592e-03 1.703786e-03 1.581148e-03
5.540521e+02 1.676332e-03 1.757384e-03 1.685181e-03 1.586431e-03
5.540896e+02 1.663280e-03 1.737243e-03 1.664159e-03 1.588436e-03
5.541272e+02 1.646030e-03 1.713897e-03 1.639130e-03 1.585064e-03
5.541647e+02 1.622571e-03 1.685626e-03 1.608087e-03 1.574001e-03
5.542023e+02 1.590729e-03 1.650443e-03 1.568825e-03 1.552919e-03
5.542398e+02 1.548438e-03 1.606342e-03 1.519254e-03 1.519716e-03
5.542774e+02 1.494038e-03 1.551586e-03 1.457737e-03 1.472791e-03
5.543149e+02 1.426565e-03 1.484988e-03 1.383419e-03 1.411286e-03
5.543525e+02 1.345951e-03 1.406136e-03 1.296450e-03 1.335268e-03
5.543900e+02 1.253137e-03 1.315529e-03 1.198073e-03 1.245809e-03
5.544276e+02 1.150031e-03 1.214596e-03 1.090549e-03 1.144948e-03
5.544651e+02 1.039355e-03 1.105596e-03 9.769337e-04 1.035536e-03
5.545027e+02 9.243847e-04 9.914193e-04 8.607477e-04 9.209871e-04
5.545402e+02 8.086283e-04 8.753153e-04 7.456052e-04 8.049644e-04
5.545778e+02 6.955038e-04 7.605877e-04 6.348607e-04 6.910631e-04
5.546153e+02 5.880497e-04 6.503065e-04 5.313277e-04 5.825149e-04
5.546529e+02 4.887119e-04 5.470702e-04 4.371024e-04 4.819631e-04
5.546904e+02 3.992220e-04 4.528456e-04 3.534970e-04 3.913233e-04
5.547280e+02 3.205692e-04 3.688963e-04 2.810728e-04 3.117383e-04
5.547655e+02 2.530519e-04 2.957960e-04 2.197442e-04 2.436153e-04
5.548031e+02 1.963865e-04 2.335087e-04 1.689234e-04 1.867275e-04
5.548406e+02 1.498476e-04 1.815122e-04 1.276762e-04 1.403543e-04
5.548782e+02 1.124147e-04 1.389411e-04 9.486683e-05 1.034361e-04
5.549158e+02 8.290881e-05 1.047245e-04 6.927972e-05 7.472216e-05
5.549533e+02 6.010579e-05 7.770639e-05 4.971204e-05 5.289895e-05
5.549909e+02 4.282174e-05 5.673766e-05 3.503801e-05 3.668955e-05
5.550284e+02 2.997080e-05 4.074037e-05 2.424882e-05 2.492320e-05
5.550660e+02 2.059831e-05 2.874563e-05 1.647272e-05 1.657657e-05
5.551035e+02 1.389435e-05 1.991132e-05 1.098036e-05 1.079137e-05
5.551411e+02 9.192994e-06 1.352530e-05 7.179625e-06 6.874056e-06
5.551786e+02 5.962027e-06 8.999470e-06 4.603376e-06 4.283236e-06
5.552162e+02 3.787285e-06 5.858679e-06 2.893264e-06 2.609914e-06
5.552537e+02 2.354596e-06 3.727230e-06 1.781833e-06 1.554725e-06
5.552913e+02 1.431528e-06 2.314634e-06 1.074773e-06 9.051787e-07
5.553288e+02 8.503742e-07 1.401582e-06 6.346101e-07 5.149303e-07
5.553664e+02 4.931456e-07 8.267195e-07 3.665817e-07 2.861356e-07
5.554039e+02 2.789498e-07 4.745697e-07 2.070152e-07 1.552646e-07
5.554415e+02 1.537805e-07 2.648988e-07 1.141987e-07 8.224411e-08
5.554790e+02 8.255670e-08 1.436723e-07 6.148634e-08 4.251149e-08
5.555166e+02 4.312696e-08 7.566333e-08 3.228326e-08 2.143428e-08
5.555541e+02 2.190659e-08 3.866918e-08 1.651395e-08 1.053666e-08
5.555917e+02 1.081273e-08 1.916802e-08 8.222715e-09 5.047445e-09
5.556292e+02 5.182620e-09 9.211066e-09 3.981820e-09 2.354975e-09
5.556668e+02 2.410732e-09 4.289237e-09 1.873714e-09 1.069246e-09
5.557043e+02 1.087699e-09 1.934772e-09 8.560336e-10 4.722914e-10
5.557419e+02 4.757972e-10 8.451959e-10 3.793905e-10 2.028053e-10
5.557794e+02 2.017289e-10 3.575343e-10 1.630947e-10 8.455762e-11
5.558170e+02 8.271053e-11 1.461747e-10 6.783251e-11 3.412437e-11
5.558546e+02 3.280841e-11 5.779948e-11 2.729419e-11 1.333158e-11
5.558921e+02 1.250265e-11 2.193896e-11 1.055743e-11 5.011567e-12
5.559297e+02 4.613154e-12 8.108699e-12 3.927515e-12 1.803249e-12
5.559672e+02 1.651058e-12 2.899637e-12 1.420479e-12 6.330583e-13
5.560048e+02 5.620526e-13 9.856773e-13 4.986232e-13 2.018573e-13
5.560423e+02 1.573233e-13 2.433840e-13 1.646507e-13 6.393530e-14
5.560799e+02 5.242590e-14 8.079086e-14 5.507266e-14 2.141418e-14
5.561174e+02 4.696398e-15 2.131153e-15 8.271547e-15 3.686493e-15
5.561550e+02 0.000000e+00 0.000000e+00 0.000000e+00 0.000000e+00
5.561925e+02 0.000000e+00 0.000000e+00 0.000000e+00 0.000000e+00
5.562301e+02 0.000000e+00 0.000000e+00 0.000000e+00 0.000000e+00
5.562676e+02 0.000000e+00 0.000000e+00 0.000000e+00 0.000000e+00
5.563052e+02 0.000000e+00 0.000000e+00 0.000000e+00 0.000000e+00
5.563427e+02 0.000000e+00 0.000000e+00 0.000000e+00 0.000000e+00
5.563803e+02 0.000000e+00 0.000000e+00 0.000000e+00 0.000000e+00
5.564178e+02 0.000000e+00 0.000000e+00 0.000000e+00 0.000000e+00
5.564554e+02 0.000000e+00 0.000000e+00 0.000000e+00 0.000000e+00
5.564929e+02 0.000000e+00 0.000000e+00 0.000000e+00 0.000000e+00
5.565305e+02 0.000000e+00 0.000000e+00 0.000000e+00 0.000000e+00
5.565680e+02 0.000000e+00 0.000000e+00 0.000000e+00 0.000000e+00
5.566056e+02 0.000000e+00 0.000000e+00 0.000000e+00 0.000000e+00
5.566431e+02 0.000000e+00 0.000000e+00 0.000000e+00 0.000000e+00
5.566807e+02 0.000000e+00 0.000000e+00 0.000000e+00 0.000000e+00
5.567182e+02 0.000000e+00 0.000000e+00 0.000000e+00 0.000000e+00
5.567558e+02 0.000000e+00 0.000000e+00 0.000000e+00 0.000000e+00
5.567934e+02 0.000000e+00 0.000000e+00 0.000000e+00 0.000000e+00
5.568309e+02 0.000000e+00 0.000000e+00 0.000000e+00 0.000000e+00
5.568685e+02 0.000000e+00 0.000000e+00 0.000000e+00 0.000000e+00
5.569060e+02 0.000000e+00 0.000000e+00 0.000000e+00 0.000000e+00
5.569436e+02 0.000000e+00 0.000000e+00 0.000000e+00 0.000000e+00
5.569811e+02 0.000000e+00 0.000000e+00 0.000000e+00 0.000000e+00
5.570187e+02 0.000000e+00 0.000000e+00 0.000000e+00 0.000000e+00
5.570562e+02 0.000000e+00 0.000000e+00 0.000000e+00 0.000000e+00
5.570938e+02 0.000000e+00 0.000000e+00 0.000000e+00 0.000000e+00
5.571313e+02 0.000000e+00 0.000000e+00 0.000000e+00 0.000000e+00
5.571689e+02 0.000000e+00 0.000000e+00 0.000000e+00 0.000000e+00
5.572064e+02 0.000000e+00 0.000000e+00 0.000000e+00 0.000000e+00
5.572440e+02 0.000000e+00 0.000000e+00 0.000000e+00 0.000000e+00
5.572815e+02 0.000000e+00 0.000000e+00 0.000000e+00 0.000000e+00
5.573191e+02 0.000000e+00 0.000000e+00 0.000000e+00 0.000000e+00
5.573566e+02 0.000000e+00 0.000000e+00 0.000000e+00 0.000000e+00
5.573942e+02 0.000000e+00 0.000000e+00 0.000000e+00 0.000000e+00
5.574317e+02 0.000000e+00 0.000000e+00 0.000000e+00 0.000000e+00
5.574693e+02 0.000000e+00 0.000000e+00 0.000000e+00 0.000000e+00
5.575068e+02 0.000000e+00 0.000000e+00 0.000000e+00 0.000000e+00
5.575444e+02 0.000000e+00 0.000000e+00 0.000000e+00 0.000000e+00
5.575819e+02 0.000000e+00 0.000000e+00 0.000000e+00 0.000000e+00
5.576195e+02 0.000000e+00 0.000000e+00 0.000000e+00 0.000000e+00
5.576570e+02 0.000000e+00 0.000000e+00 0.000000e+00 0.000000e+00
5.576946e+02 0.000000e+00 0.000000e+00 0.000000e+00 0.000000e+00
5.577322e+02 0.000000e+00 0.000000e+00 0.000000e+00 0.000000e+00
5.577697e+02 0.000000e+00 0.000000e+00 0.000000e+00 0.000000e+00
5.578073e+02 0.000000e+00 0.000000e+00 0.000000e+00 0.000000e+00
5.578448e+02 0.000000e+00 0.000000e+00 0.000000e+00 0.000000e+00
5.578824e+02 0.000000e+00 0.000000e+00 0.000000e+00 0.000000e+00
5.579199e+02 0.000000e+00 0.000000e+00 0.000000e+00 0.000000e+00
5.579575e+02 0.000000e+00 0.000000e+00 0.000000e+00 0.000000e+00
5.579950e+02 0.000000e+00 0.000000e+00 0.000000e+00 0.000000e+00
5.580326e+02 0.000000e+00 0.000000e+00 0.000000e+00 0.000000e+00
5.580701e+02 0.000000e+00 0.000000e+00 0.000000e+00 0.000000e+00
5.581077e+02 0.000000e+00 0.000000e+00 0.000000e+00 0.000000e+00
5.581452e+02 0.000000e+00 0.000000e+00 0.000000e+00 0.000000e+00
5.581828e+02 0.000000e+00 0.000000e+00 0.000000e+00 0.000000e+00
5.582203e+02 0.000000e+00 0.000000e+00 0.000000e+00 0.000000e+00
5.582579e+02 0.000000e+00 0.000000e+00 0.000000e+00 0.000000e+00
5.582954e+02 0.000000e+00 0.000000e+00 0.000000e+00 0.000000e+00
5.583330e+02 0.000000e+00 0.000000e+00 0.000000e+00 0.000000e+00
5.583705e+02 0.000000e+00 0.000000e+00 0.000000e+00 0.000000e+00
5.584081e+02 0.000000e+00 0.000000e+00 0.000000e+00 0.000000e+00
5.584456e+02 0.000000e+00 0.000000e+00 0.000000e+00 0.000000e+00
5.584832e+02 0.000000e+00 0.000000e+00 0.000000e+00 0.000000e+00
5.585207e+02 0.000000e+00 0.000000e+00 0.000000e+00 0.000000e+00
5.585583e+02 0.000000e+00 0.000000e+00 0.000000e+00 0.000000e+00
5.585958e+02 0.000000e+00 0.000000e+00 0.000000e+00 0.000000e+00
5.586334e+02 0.000000e+00 0.000000e+00 0.000000e+00 0.000000e+00
5.586710e+02 0.000000e+00 0.000000e+00 0.000000e+00 0.000000e+00
5.587085e+02 0.000000e+00 0.000000e+00 0.000000e+00 0.000000e+00
5.587461e+02 0.000000e+00 0.000000e+00 0.000000e+00 0.000000e+00
5.587836e+02 0.000000e+00 0.000000e+00 0.000000e+00 0.000000e+00
5.588212e+02 0.000000e+00 0.000000e+00 0.000000e+00 0.000000e+00
5.588587e+02 0.000000e+00 0.000000e+00 0.000000e+00 0.000000e+00
5.588963e+02 0.000000e+00 0.000000e+00 0.000000e+00 0.000000e+00
5.589338e+02 0.000000e+00 0.000000e+00 0.000000e+00 0.000000e+00
5.589714e+02 0.000000e+00 0.000000e+00 0.000000e+00 0.000000e+00
5.590089e+02 0.000000e+00 0.000000e+00 0.000000e+00 0.000000e+00
5.590465e+02 0.000000e+00 0.000000e+00 0.000000e+00 0.000000e+00
5.590840e+02 0.000000e+00 0.000000e+00 0.000000e+00 0.000000e+00
5.591216e+02 0.000000e+00 0.000000e+00 0.000000e+00 0.000000e+00
5.591591e+02 0.000000e+00 0.000000e+00 0.000000e+00 0.000000e+00
5.591967e+02 0.000000e+00 0.000000e+00 0.000000e+00 0.000000e+00
5.592342e+02 0.000000e+00 0.000000e+00 0.000000e+00 0.000000e+00
5.592718e+02 0.000000e+00 0.000000e+00 0.000000e+00 0.000000e+00
5.593093e+02 0.000000e+00 0.000000e+00 0.000000e+00 0.000000e+00
5.593469e+02 0.000000e+00 0.000000e+00 0.000000e+00 0.000000e+00
5.593844e+02 0.000000e+00 0.000000e+00 0.000000e+00 0.000000e+00
5.594220e+02 0.000000e+00 0.000000e+00 0.000000e+00 0.000000e+00
5.594595e+02 0.000000e+00 0.000000e+00 0.000000e+00 0.000000e+00
5.594971e+02 0.000000e+00 0.000000e+00 0.000000e+00 0.000000e+00
5.595346e+02 0.000000e+00 0.000000e+00 0.000000e+00 0.000000e+00
5.595722e+02 0.000000e+00 0.000000e+00 0.000000e+00 0.000000e+00
5.596098e+02 0.000000e+00 0.000000e+00 0.000000e+00 0.000000e+00
5.596473e+02 0.000000e+00 0.000000e+00 0.000000e+00 0.000000e+00
5.596849e+02 0.000000e+00 0.000000e+00 0.000000e+00 0.000000e+00
5.597224e+02 0.000000e+00 0.000000e+00 0.000000e+00 0.000000e+00
5.597600e+02 0.000000e+00 0.000000e+00 0.000000e+00 0.000000e+00
5.597975e+02 0.000000e+00 0.000000e+00 0.000000e+00 0.000000e+00
5.598351e+02 0.000000e+00 0.000000e+00 0.000000e+00 0.000000e+00
5.598726e+02 0.000000e+00 0.000000e+00 0.000000e+00 0.000000e+00
5.599102e+02 0.000000e+00 0.000000e+00 0.000000e+00 0.000000e+00
5.599477e+02 0.000000e+00 0.000000e+00 0.000000e+00 0.000000e+00
5.599853e+02 0.000000e+00 0.000000e+00 0.000000e+00 0.000000e+00
5.600228e+02 0.000000e+00 0.000000e+00 0.000000e+00 0.000000e+00
5.600604e+02 0.000000e+00 0.000000e+00 0.000000e+00 0.000000e+00
5.600979e+02 0.000000e+00 0.000000e+00 0.000000e+00 0.000000e+00
5.601355e+02 0.000000e+00 0.000000e+00 0.000000e+00 0.000000e+00
5.601730e+02 0.000000e+00 0.000000e+00 0.000000e+00 0.000000e+00
5.602106e+02 0.000000e+00 0.000000e+00 0.000000e+00 0.000000e+00
5.602481e+02 0.000000e+00 0.000000e+00 0.000000e+00 0.000000e+00
5.602857e+02 0.000000e+00 0.000000e+00 0.000000e+00 0.000000e+00
5.603232e+02 0.000000e+00 0.000000e+00 0.000000e+00 0.000000e+00
5.603608e+02 0.000000e+00 0.000000e+00 0.000000e+00 0.000000e+00
5.603983e+02 0.000000e+00 0.000000e+00 0.000000e+00 0.000000e+00
5.604359e+02 0.000000e+00 0.000000e+00 0.000000e+00 0.000000e+00
5.604734e+02 0.000000e+00 0.000000e+00 0.000000e+00 0.000000e+00
5.605110e+02 0.000000e+00 0.000000e+00 0.000000e+00 0.000000e+00
5.605486e+02 0.000000e+00 0.000000e+00 0.000000e+00 0.000000e+00
5.605861e+02 0.000000e+00 0.000000e+00 0.000000e+00 0.000000e+00
5.606237e+02 0.000000e+00 0.000000e+00 0.000000e+00 0.000000e+00
5.606612e+02 0.000000e+00 0.000000e+00 0.000000e+00 0.000000e+00
5.606988e+02 0.000000e+00 0.000000e+00 0.000000e+00 0.000000e+00
5.607363e+02 0.000000e+00 0.000000e+00 0.000000e+00 0.000000e+00
5.607739e+02 0.000000e+00 0.000000e+00 0.000000e+00 0.000000e+00
5.608114e+02 0.000000e+00 0.000000e+00 0.000000e+00 0.000000e+00
5.608490e+02 0.000000e+00 0.000000e+00 0.000000e+00 0.000000e+00
5.608865e+02 0.000000e+00 0.000000e+00 0.000000e+00 0.000000e+00
5.609241e+02 0.000000e+00 0.000000e+00 0.000000e+00 0.000000e+00
5.609616e+02 0.000000e+00 0.000000e+00 0.000000e+00 0.000000e+00
5.609992e+02 0.000000e+00 0.000000e+00 0.000000e+00 0.000000e+00
5.610367e+02 0.000000e+00 0.000000e+00 0.000000e+00 0.000000e+00
5.610743e+02 0.000000e+00 0.000000e+00 0.000000e+00 0.000000e+00
5.611118e+02 0.000000e+00 0.000000e+00 0.000000e+00 0.000000e+00
5.611494e+02 0.000000e+00 0.000000e+00 0.000000e+00 0.000000e+00
5.611869e+02 0.000000e+00 0.000000e+00 0.000000e+00 0.000000e+00
5.612245e+02 0.000000e+00 0.000000e+00 0.000000e+00 0.000000e+00
5.612620e+02 0.000000e+00 0.000000e+00 0.000000e+00 0.000000e+00
5.612996e+02 0.000000e+00 0.000000e+00 0.000000e+00 0.000000e+00
5.613371e+02 0.000000e+00 0.000000e+00 0.000000e+00 0.000000e+00
5.613747e+02 0.000000e+00 0.000000e+00 0.000000e+00 0.000000e+00
5.614122e+02 0.000000e+00 0.000000e+00 0.000000e+00 0.000000e+00
5.614498e+02 0.000000e+00 0.000000e+00 0.000000e+00 0.000000e+00
5.614874e+02 0.000000e+00 0.000000e+00 0.000000e+00 0.000000e+00
5.615249e+02 0.000000e+00 0.000000e+00 0.000000e+00 0.000000e+00
5.615625e+02 0.000000e+00 0.000000e+00 0.000000e+00 0.000000e+00
5.616000e+02 0.000000e+00 0.000000e+00 0.000000e+00 0.000000e+00
5.616376e+02 0.000000e+00 0.000000e+00 0.000000e+00 0.000000e+00
5.616751e+02 0.000000e+00 0.000000e+00 0.000000e+00 0.000000e+00
5.617127e+02 0.000000e+00 0.000000e+00 0.000000e+00 0.000000e+00
5.617502e+02 0.000000e+00 0.000000e+00 0.000000e+00 0.000000e+00
5.617878e+02 0.000000e+00 0.000000e+00 0.000000e+00 0.000000e+00
5.618253e+02 0.000000e+00 0.000000e+00 0.000000e+00 0.000000e+00
5.618629e+02 0.000000e+00 0.000000e+00 0.000000e+00 0.000000e+00
5.619004e+02 0.000000e+00 0.000000e+00 0.000000e+00 0.000000e+00
5.619380e+02 0.000000e+00 0.000000e+00 0.000000e+00 0.000000e+00
5.619755e+02 0.000000e+00 0.000000e+00 0.000000e+00 0.000000e+00
5.620131e+02 0.000000e+00 0.000000e+00 0.000000e+00 0.000000e+00
5.620506e+02 0.000000e+00 0.000000e+00 0.000000e+00 0.000000e+00
5.620882e+02 0.000000e+00 0.000000e+00 0.000000e+00 0.000000e+00
5.621257e+02 0.000000e+00 0.000000e+00 0.000000e+00 0.000000e+00
5.621633e+02 0.000000e+00 0.000000e+00 0.000000e+00 0.000000e+00
5.622008e+02 0.000000e+00 0.000000e+00 0.000000e+00 0.000000e+00
5.622384e+02 0.000000e+00 0.000000e+00 0.000000e+00 0.000000e+00
5.622759e+02 0.000000e+00 0.000000e+00 0.000000e+00 0.000000e+00
5.623135e+02 0.000000e+00 0.000000e+00 0.000000e+00 0.000000e+00
5.623510e+02 0.000000e+00 0.000000e+00 0.000000e+00 0.000000e+00
5.623886e+02 0.000000e+00 0.000000e+00 0.000000e+00 0.000000e+00
5.624262e+02 0.000000e+00 0.000000e+00 0.000000e+00 0.000000e+00
5.624637e+02 0.000000e+00 0.000000e+00 0.000000e+00 0.000000e+00
5.625013e+02 0.000000e+00 0.000000e+00 0.000000e+00 0.000000e+00
5.625388e+02 0.000000e+00 0.000000e+00 0.000000e+00 0.000000e+00
5.625764e+02 0.000000e+00 0.000000e+00 0.000000e+00 0.000000e+00
5.626139e+02 0.000000e+00 0.000000e+00 0.000000e+00 0.000000e+00
5.626515e+02 0.000000e+00 0.000000e+00 0.000000e+00 0.000000e+00
5.626890e+02 0.000000e+00 0.000000e+00 0.000000e+00 0.000000e+00
5.627266e+02 0.000000e+00 0.000000e+00 0.000000e+00 0.000000e+00
5.627641e+02 0.000000e+00 0.000000e+00 0.000000e+00 0.000000e+00
5.628017e+02 0.000000e+00 0.000000e+00 0.000000e+00 0.000000e+00
5.628392e+02 0.000000e+00 0.000000e+00 0.000000e+00 0.000000e+00
5.628768e+02 0.000000e+00 0.000000e+00 0.000000e+00 0.000000e+00
5.629143e+02 0.000000e+00 0.000000e+00 0.000000e+00 0.000000e+00
5.629519e+02 0.000000e+00 0.000000e+00 0.000000e+00 0.000000e+00
5.629894e+02 0.000000e+00 0.000000e+00 0.000000e+00 0.000000e+00
5.630270e+02 0.000000e+00 0.000000e+00 0.000000e+00 0.000000e+00
5.630645e+02 0.000000e+00 0.000000e+00 0.000000e+00 0.000000e+00
5.631021e+02 0.000000e+00 0.000000e+00 0.000000e+00 0.000000e+00
5.631396e+02 0.000000e+00 0.000000e+00 0.000000e+00 0.000000e+00
5.631772e+02 0.000000e+00 0.000000e+00 0.000000e+00 0.000000e+00
5.632147e+02 0.000000e+00 0.000000e+00 0.000000e+00 0.000000e+00
5.632523e+02 0.000000e+00 0.000000e+00 0.000000e+00 0.000000e+00
5.632898e+02 0.000000e+00 0.000000e+00 0.000000e+00 0.000000e+00
5.633274e+02 0.000000e+00 0.000000e+00 0.000000e+00 0.000000e+00
5.633650e+02 0.000000e+00 0.000000e+00 0.000000e+00 0.000000e+00
5.634025e+02 0.000000e+00 0.000000e+00 0.000000e+00 0.000000e+00
5.634401e+02 0.000000e+00 0.000000e+00 0.000000e+00 0.000000e+00
5.634776e+02 0.000000e+00 0.000000e+00 0.000000e+00 0.000000e+00
5.635152e+02 0.000000e+00 0.000000e+00 0.000000e+00 0.000000e+00
5.635527e+02 0.000000e+00 0.000000e+00 0.000000e+00 0.000000e+00
5.635903e+02 0.000000e+00 0.000000e+00 0.000000e+00 0.000000e+00
5.636278e+02 0.000000e+00 0.000000e+00 0.000000e+00 0.000000e+00
5.636654e+02 0.000000e+00 0.000000e+00 0.000000e+00 0.000000e+00
5.637029e+02 0.000000e+00 0.000000e+00 0.000000e+00 0.000000e+00
5.637405e+02 0.000000e+00 0.000000e+00 0.000000e+00 0.000000e+00
5.637780e+02 0.000000e+00 0.000000e+00 0.000000e+00 0.000000e+00
5.638156e+02 0.000000e+00 0.000000e+00 0.000000e+00 0.000000e+00
5.638531e+02 0.000000e+00 0.000000e+00 0.000000e+00 0.000000e+00
5.638907e+02 0.000000e+00 0.000000e+00 0.000000e+00 0.000000e+00
5.639282e+02 0.000000e+00 0.000000e+00 0.000000e+00 0.000000e+00
5.639658e+02 0.000000e+00 0.000000e+00 0.000000e+00 0.000000e+00
5.640033e+02 0.000000e+00 0.000000e+00 0.000000e+00 0.000000e+00
5.640409e+02 0.000000e+00 0.000000e+00 0.000000e+00 0.000000e+00
5.640784e+02 0.000000e+00 0.000000e+00 0.000000e+00 0.000000e+00
5.641160e+02 0.000000e+00 0.000000e+00 0.000000e+00 0.000000e+00
5.641535e+02 0.000000e+00 0.000000e+00 0.000000e+00 0.000000e+00
5.641911e+02 0.000000e+00 0.000000e+00 0.000000e+00 0.000000e+00
5.642286e+02 0.000000e+00 0.000000e+00 0.000000e+00 0.000000e+00
5.642662e+02 0.000000e+00 0.000000e+00 0.000000e+00 0.000000e+00
5.643038e+02 0.000000e+00 0.000000e+00 0.000000e+00 0.000000e+00
5.643413e+02 0.000000e+00 0.000000e+00 0.000000e+00 0.000000e+00
5.643789e+02 0.000000e+00 0.000000e+00 0.000000e+00 0.000000e+00
5.644164e+02 0.000000e+00 0.000000e+00 0.000000e+00 0.000000e+00
5.644540e+02 0.000000e+00 0.000000e+00 0.000000e+00 0.000000e+00
5.644915e+02 0.000000e+00 0.000000e+00 0.000000e+00 0.000000e+00
5.645291e+02 0.000000e+00 0.000000e+00 0.000000e+00 0.000000e+00
5.645666e+02 0.000000e+00 0.000000e+00 0.000000e+00 0.000000e+00
5.646042e+02 0.000000e+00 0.000000e+00 0.000000e+00 0.000000e+00
