5.270146e+02 0.000000e+00 0.000000e+00 0.000000e+00 0.000000e+00
5.270522e+02 0.000000e+00 0.000000e+00 0.000000e+00 0.000000e+00
5.270897e+02 0.000000e+00 0.000000e+00 0.000000e+00 0.000000e+00
5.271273e+02 0.000000e+00 0.000000e+00 0.000000e+00 0.000000e+00
5.271648e+02 0.000000e+00 0.000000e+00 0.000000e+00 0.000000e+00
5.272024e+02 0.000000e+00 0.000000e+00 0.000000e+00 0.000000e+00
5.272399e+02 0.000000e+00 0.000000e+00 0.000000e+00 0.000000e+00
5.272775e+02 0.000000e+00 0.000000e+00 0.000000e+00 0.000000e+00
5.273150e+02 0.000000e+00 0.000000e+00 0.000000e+00 0.000000e+00
5.273526e+02 0.000000e+00 0.000000e+00 0.000000e+00 0.000000e+00
5.273901e+02 0.000000e+00 0.000000e+00 0.000000e+00 0.000000e+00
5.274277e+02 0.000000e+00 0.000000e+00 0.000000e+00 0.000000e+00
5.274652e+02 0.000000e+00 0.000000e+00 0.000000e+00 0.000000e+00
5.275028e+02 0.000000e+00 0.000000e+00 0.000000e+00 0.000000e+00
5.275403e+02 0.000000e+00 0.000000e+00 0.000000e+00 0.000000e+00
5.275779e+02 0.000000e+00 0.000000e+00 0.000000e+00 0.000000e+00
5.276154e+02 0.000000e+00 0.000000e+00 0.000000e+00 0.000000e+00
5.276530e+02 0.000000e+00 0.000000e+00 0.000000e+00 0.000000e+00
5.276906e+02 0.000000e+00 0.000000e+00 0.000000e+00 0.000000e+00
5.277281e+02 0.000000e+00 0.000000e+00 0.000000e+00 0.000000e+00
5.277657e+02 0.000000e+00 0.000000e+00 0.000000e+00 0.000000e+00
5.278032e+02 0.000000e+00 0.000000e+00 0.000000e+00 0.000000e+00
5.278408e+02 0.000000e+00 0.000000e+00 0.000000e+00 0.000000e+00
5.278783e+02 0.000000e+00 0.000000e+00 0.000000e+00 0.000000e+00
5.279159e+02 0.000000e+00 0.000000e+00 0.000000e+00 0.000000e+00
5.279534e+02 0.000000e+00 0.000000e+00 0.000000e+00 0.000000e+00
5.279910e+02 0.000000e+00 0.000000e+00 0.000000e+00 0.000000e+00
5.280285e+02 0.000000e+00 0.000000e+00 0.000000e+00 0.000000e+00
5.280661e+02 0.000000e+00 0.000000e+00 0.000000e+00 0.000000e+00
5.281036e+02 0.000000e+00 0.000000e+00 0.000000e+00 0.000000e+00
5.281412e+02 0.000000e+00 0.000000e+00 0.000000e+00 0.000000e+00
5.281787e+02 0.000000e+00 0.000000e+00 0.000000e+00 0.000000e+00
5.282163e+02 0.000000e+00 0.000000e+00 0.000000e+00 0.000000e+00
5.282538e+02 0.000000e+00 0.000000e+00 0.000000e+00 0.000000e+00
5.282914e+02 0.000000e+00 0.000000e+00 0.000000e+00 0.000000e+00
5.283289e+02 0.000000e+00 0.000000e+00 0.000000e+00 0.000000e+00
5.283665e+02 0.000000e+00 0.000000e+00 0.000000e+00 0.000000e+00
5.284040e+02 0.000000e+00 0.000000e+00 0.000000e+00 0.000000e+00
5.284416e+02 0.000000e+00 0.000000e+00 0.000000e+00 0.000000e+00
5.284791e+02 0.000000e+00 0.000000e+00 0.000000e+00 0.000000e+00
5.285167e+02 0.000000e+00 0.000000e+00 0.000000e+00 0.000000e+00
5.285542e+02 0.000000e+00 0.000000e+00 0.000000e+00 0.000000e+00
5.285918e+02 0.000000e+00 0.000000e+00 0.000000e+00 0.000000e+00
5.286294e+02 0.000000e+00 0.000000e+00 0.000000e+00 0.000000e+00
5.286669e+02 0.000000e+00 0.000000e+00 0.000000e+00 0.000000e+00
5.287045e+02 0.000000e+00 0.000000e+00 0.000000e+00 0.000000e+00
5.287420e+02 0.000000e+00 0.000000e+00 0.000000e+00 0.000000e+00
5.287796e+02 0.000000e+00 0.000000e+00 0.000000e+00 0.000000e+00
5.288171e+02 0.000000e+00 0.000000e+00 0.000000e+00 0.000000e+00
5.288547e+02 0.000000e+00 0.000000e+00 0.000000e+00 0.000000e+00
5.288922e+02 0.000000e+00 0.000000e+00 0.000000e+00 0.000000e+00
5.289298e+02 0.000000e+00 0.000000e+00 0.000000e+00 0.000000e+00
5.289673e+02 0.000000e+00 0.000000e+00 0.000000e+00 0.000000e+00
5.290049e+02 0.000000e+00 0.000000e+00 0.000000e+00 0.000000e+00
5.290424e+02 0.000000e+00 0.000000e+00 0.000000e+00 0.000000e+00
5.290800e+02 0.000000e+00 0.000000e+00 0.000000e+00 0.000000e+00
5.291175e+02 0.000000e+00 0.000000e+00 0.000000e+00 0.000000e+00
5.291551e+02 0.000000e+00 0.000000e+00 0.000000e+00 0.000000e+00
5.291926e+02 0.000000e+00 0.000000e+00 0.000000e+00 0.000000e+00
5.292302e+02 0.000000e+00 0.000000e+00 0.000000e+00 0.000000e+00
5.292677e+02 0.000000e+00 0.000000e+00 0.000000e+00 0.000000e+00
5.293053e+02 0.000000e+00 0.000000e+00 0.000000e+00 0.000000e+00
5.293428e+02 0.000000e+00 0.000000e+00 0.000000e+00 0.000000e+00
5.293804e+02 0.000000e+00 0.000000e+00 0.000000e+00 0.000000e+00
5.294179e+02 0.000000e+00 0.000000e+00 0.000000e+00 0.000000e+00
5.294555e+02 0.000000e+00 0.000000e+00 0.000000e+00 0.000000e+00
5.294930e+02 0.000000e+00 0.000000e+00 0.000000e+00 0.000000e+00
5.295306e+02 0.000000e+00 0.000000e+00 0.000000e+00 0.000000e+00
5.295682e+02 0.000000e+00 0.000000e+00 0.000000e+00 0.000000e+00
5.296057e+02 0.000000e+00 0.000000e+00 0.000000e+00 0.000000e+00
5.296433e+02 0.000000e+00 0.000000e+00 0.000000e+00 0.000000e+00
5.296808e+02 0.000000e+00 0.000000e+00 0.000000e+00 0.000000e+00
5.297184e+02 0.000000e+00 0.000000e+00 0.000000e+00 0.000000e+00
5.297559e+02 0.000000e+00 0.000000e+00 0.000000e+00 0.000000e+00
5.297935e+02 0.000000e+00 0.000000e+00 0.000000e+00 0.000000e+00
5.298310e+02 0.000000e+00 0.000000e+00 0.000000e+00 0.000000e+00
5.298686e+02 0.000000e+00 0.000000e+00 0.000000e+00 0.000000e+00
5.299061e+02 0.000000e+00 0.000000e+00 0.000000e+00 0.000000e+00
5.299437e+02 0.000000e+00 0.000000e+00 0.000000e+00 0.000000e+00
5.299812e+02 0.000000e+00 0.000000e+00 0.000000e+00 0.000000e+00
5.300188e+02 0.000000e+00 0.000000e+00 0.000000e+00 0.000000e+00
5.300563e+02 0.000000e+00 0.000000e+00 0.000000e+00 0.000000e+00
5.300939e+02 0.000000e+00 0.000000e+00 0.000000e+00 0.000000e+00
5.301314e+02 0.000000e+00 0.000000e+00 0.000000e+00 0.000000e+00
5.301690e+02 0.000000e+00 0.000000e+00 0.000000e+00 0.000000e+00
5.302065e+02 0.000000e+00 0.000000e+00 0.000000e+00 0.000000e+00
5.302441e+02 0.000000e+00 0.000000e+00 0.000000e+00 0.000000e+00
5.302816e+02 0.000000e+00 0.000000e+00 0.000000e+00 0.000000e+00
5.303192e+02 0.000000e+00 0.000000e+00 0.000000e+00 0.000000e+00
5.303567e+02 0.000000e+00 0.000000e+00 0.000000e+00 0.000000e+00
5.303943e+02 0.000000e+00 0.000000e+00 0.000000e+00 0.000000e+00
5.304318e+02 0.000000e+00 0.000000e+00 0.000000e+00 0.000000e+00
5.304694e+02 0.000000e+00 0.000000e+00 0.000000e+00 0.000000e+00
5.305070e+02 0.000000e+00 0.000000e+00 0.000000e+00 0.000000e+00
5.305445e+02 0.000000e+00 0.000000e+00 0.000000e+00 0.000000e+00
5.305821e+02 0.000000e+00 0.000000e+00 0.000000e+00 0.000000e+00
5.306196e+02 0.000000e+00 0.000000e+00 0.000000e+00 0.000000e+00
5.306572e+02 0.000000e+00 0.000000e+00 0.000000e+00 0.000000e+00
5.306947e+02 0.000000e+00 0.000000e+00 0.000000e+00 0.000000e+00
5.307323e+02 0.000000e+00 0.000000e+00 0.000000e+00 0.000000e+00
5.307698e+02 0.000000e+00 0.000000e+00 0.000000e+00 0.000000e+00
5.308074e+02 0.000000e+00 0.000000e+00 0.000000e+00 0.000000e+00
5.308449e+02 1.735323e-10 5.674361e-16 4.191277e-16 5.205961e-10
5.308825e+02 5.318617e-10 1.768536e-15 1.283385e-15 1.595582e-09
5.309200e+02 1.564382e-09 5.215391e-15 3.781607e-15 4.693136e-09
5.309576e+02 4.442010e-09 1.484749e-14 1.075695e-14 1.332601e-08
5.309951e+02 1.217613e-08 4.080489e-14 2.953891e-14 3.652831e-08
5.310327e+02 3.222044e-08 1.082591e-13 7.830565e-14 9.666112e-08
5.310702e+02 8.230884e-08 2.772745e-13 2.003940e-13 2.469261e-07
5.311078e+02 2.029805e-07 6.855647e-13 4.950729e-13 6.089404e-07
5.311453e+02 4.832312e-07 1.636364e-12 1.180719e-12 1.449691e-06
5.311829e+02 1.110576e-06 3.770550e-12 2.718424e-12 3.331722e-06
5.312204e+02 2.463966e-06 8.387307e-12 6.041999e-12 7.391882e-06
5.312580e+02 5.277323e-06 1.801082e-11 1.296394e-11 1.583194e-05
5.312955e+02 1.091153e-05 3.733683e-11 2.685262e-11 3.273452e-05
5.313331e+02 2.177961e-05 7.471960e-11 5.369441e-11 6.533871e-05
5.313706e+02 4.196698e-05 1.443527e-10 1.036489e-10 1.259007e-04
5.314082e+02 7.806530e-05 2.692605e-10 1.936311e-10 2.341954e-04
5.314458e+02 1.401849e-04 4.852236e-10 3.534894e-10 4.205539e-04
5.314833e+02 2.430174e-04 8.448996e-10 6.322366e-10 7.290506e-04
5.315209e+02 4.066926e-04 1.421230e-09 1.102761e-09 1.220075e-03
5.315584e+02 6.570344e-04 2.311505e-09 1.896987e-09 1.971099e-03
5.315960e+02 1.024714e-03 3.640439e-09 3.273119e-09 3.074136e-03
5.316335e+02 1.542803e-03 5.564500e-09 5.760138e-09 4.628398e-03
5.316711e+02 2.242390e-03 8.286693e-09 1.050444e-08 6.727151e-03
5.317086e+02 3.146334e-03 1.209929e-08 2.002564e-08 9.438968e-03
5.317462e+02 4.261785e-03 1.749152e-08 3.979831e-08 1.278530e-02
5.317837e+02 5.572776e-03 2.538889e-08 8.140323e-08 1.671822e-02
5.318213e+02 7.034694e-03 3.763481e-08 1.684957e-07 2.110388e-02
5.318588e+02 8.572608e-03 5.788416e-08 3.475328e-07 2.571742e-02
5.318964e+02 1.008499e-02 9.314594e-08 7.060261e-07 3.025418e-02
5.319339e+02 1.145341e-02 1.562714e-07 1.401832e-06 3.435868e-02
5.319715e+02 1.255722e-02 2.696978e-07 2.707222e-06 3.766869e-02
5.320090e+02 1.329097e-02 4.706704e-07 5.070509e-06 3.986737e-02
5.320466e+02 1.358104e-02 8.179038e-07 9.194915e-06 4.073312e-02
5.320841e+02 1.339797e-02 1.399141e-06 1.612843e-05 4.017639e-02
5.321217e+02 1.276153e-02 2.338303e-06 2.734922e-05 3.825492e-02
5.321592e+02 1.173751e-02 3.799979e-06 4.481981e-05 3.516390e-02
5.321968e+02 1.042675e-02 5.988112e-06 7.097252e-05 3.120330e-02
5.322343e+02 8.949221e-03 9.135286e-06 1.085830e-04 2.672995e-02
5.322719e+02 7.426328e-03 1.347951e-05 1.604944e-04 2.210501e-02
5.323094e+02 5.965259e-03 1.922718e-05 2.291766e-04 1.764737e-02
5.323470e+02 4.647862e-03 2.650436e-05 3.161441e-04 1.360094e-02
5.323846e+02 3.525395e-03 3.530258e-05 4.213080e-04 1.011958e-02
5.324221e+02 2.618911e-03 4.543013e-05 5.423906e-04 7.268913e-03
5.324597e+02 1.923976e-03 5.648207e-05 6.745629e-04 5.040884e-03
5.324972e+02 1.417846e-03 6.784248e-05 8.104628e-04 3.375233e-03
5.325348e+02 1.067243e-03 7.872738e-05 9.406984e-04 2.182302e-03
5.325723e+02 8.353127e-04 8.826908e-05 1.054841e-03 1.362828e-03
5.326099e+02 6.869367e-04 9.563200e-05 1.142793e-03 8.223847e-04
5.326474e+02 5.921310e-04 1.001408e-04 1.196292e-03 4.799601e-04
5.326850e+02 5.276966e-04 1.013958e-04 1.210259e-03 2.714349e-04
5.327225e+02 4.774906e-04 9.935222e-05 1.183700e-03 1.494200e-04
5.327601e+02 4.317586e-04 9.434521e-05 1.119953e-03 8.097791e-05
5.327976e+02 3.859312e-04 8.705708e-05 1.026234e-03 4.450240e-05
5.328352e+02 3.392072e-04 7.843359e-05 9.125740e-04 2.661390e-05
5.328727e+02 2.931605e-04 6.956798e-05 7.903839e-04 1.952962e-05
5.329103e+02 2.505255e-04 6.157567e-05 6.709396e-04 1.906117e-05
5.329478e+02 2.142486e-04 5.548068e-05 5.640588e-04 2.320633e-05
5.329854e+02 1.868363e-04 5.212893e-05 4.771650e-04 3.121486e-05
5.330229e+02 1.699815e-04 5.213426e-05 4.148193e-04 4.299085e-05
5.330605e+02 1.644217e-04 5.585566e-05 3.786958e-04 5.871366e-05
5.330980e+02 1.699646e-04 6.339943e-05 3.679011e-04 7.859327e-05
5.331356e+02 1.856189e-04 7.463846e-05 3.795095e-04 1.027089e-04
5.331731e+02 2.097802e-04 8.924276e-05 4.091921e-04 1.309058e-04
5.332107e+02 2.404353e-04 1.067174e-04 4.518472e-04 1.627413e-04
5.332482e+02 2.753655e-04 1.264464e-04 5.021718e-04 1.974784e-04
5.332858e+02 3.123364e-04 1.477422e-04 5.551419e-04 2.341250e-04
5.333234e+02 3.492654e-04 1.698977e-04 6.063842e-04 2.715144e-04
5.333609e+02 3.843605e-04 1.922395e-04 6.524305e-04 3.084116e-04
5.333985e+02 4.162216e-04 2.141759e-04 6.908528e-04 3.436361e-04
5.334360e+02 4.438994e-04 2.352357e-04 7.202845e-04 3.761780e-04
5.334736e+02 4.669091e-04 2.550918e-04 7.403411e-04 4.052943e-04
5.335111e+02 4.852022e-04 2.735682e-04 7.514641e-04 4.305743e-04
5.335487e+02 4.991032e-04 2.906278e-04 7.547165e-04 4.519655e-04
5.335862e+02 5.092208e-04 3.063447e-04 7.515595e-04 4.697584e-04
5.336238e+02 5.163444e-04 3.208651e-04 7.436367e-04 4.845315e-04
5.336613e+02 5.213363e-04 3.343629e-04 7.325863e-04 4.970596e-04
5.336989e+02 5.250283e-04 3.469983e-04 7.198945e-04 5.081922e-04
5.337364e+02 5.281323e-04 3.588855e-04 7.067972e-04 5.187141e-04
5.337740e+02 5.311707e-04 3.700757e-04 6.942312e-04 5.292052e-04
5.338115e+02 5.344364e-04 3.805566e-04 6.828292e-04 5.399233e-04
5.338491e+02 5.379844e-04 3.902689e-04 6.729489e-04 5.507355e-04
5.338866e+02 5.416593e-04 3.991331e-04 6.647243e-04 5.611204e-04
5.339242e+02 5.451512e-04 4.070797e-04 6.581223e-04 5.702518e-04
5.339617e+02 5.480751e-04 4.140739e-04 6.529964e-04 5.771550e-04
5.339993e+02 5.500549e-04 4.201288e-04 6.491291e-04 5.809068e-04
5.340368e+02 5.508000e-04 4.253011e-04 6.462641e-04 5.808347e-04
5.340744e+02 5.501586e-04 4.296747e-04 6.441338e-04 5.766672e-04
5.341119e+02 5.481398e-04 4.333361e-04 6.424885e-04 5.685948e-04
5.341495e+02 5.449041e-04 4.363532e-04 6.411329e-04 5.572262e-04
5.341870e+02 5.407288e-04 4.387651e-04 6.399686e-04 5.434526e-04
5.342246e+02 5.359606e-04 4.405900e-04 6.390355e-04 5.282564e-04
5.342622e+02 5.309683e-04 4.418474e-04 6.385412e-04 5.125163e-04
5.342997e+02 5.261053e-04 4.425893e-04 6.388655e-04 4.968610e-04
5.343373e+02 5.216871e-04 4.429259e-04 6.405328e-04 4.816027e-04
5.343748e+02 5.179824e-04 4.430361e-04 6.441491e-04 4.667621e-04
5.344124e+02 5.152113e-04 4.431537e-04 6.503141e-04 4.521661e-04
5.344499e+02 5.135463e-04 4.435316e-04 6.595223e-04 4.375850e-04
5.344875e+02 5.131093e-04 4.443902e-04 6.720713e-04 4.228664e-04
5.345250e+02 5.139647e-04 4.458665e-04 6.879977e-04 4.080300e-04
5.345626e+02 5.161108e-04 4.479766e-04 7.070532e-04 3.933026e-04
5.346001e+02 5.194749e-04 4.506066e-04 7.287268e-04 3.790913e-04
5.346377e+02 5.239175e-04 4.535337e-04 7.523097e-04 3.659089e-04
5.346752e+02 5.292491e-04 4.564769e-04 7.769918e-04 3.542787e-04
5.347128e+02 5.352602e-04 4.591635e-04 8.019722e-04 3.446450e-04
5.347503e+02 5.417594e-04 4.613997e-04 8.265638e-04 3.373148e-04
5.347879e+02 5.486142e-04 4.631284e-04 8.502741e-04 3.324400e-04
5.348254e+02 5.557838e-04 4.644631e-04 8.728481e-04 3.300400e-04
5.348630e+02 5.633374e-04 4.656929e-04 8.942687e-04 3.300506e-04
5.349005e+02 5.714516e-04 4.672580e-04 9.147171e-04 3.323797e-04
5.349381e+02 5.803848e-04 4.697010e-04 9.345043e-04 3.369491e-04
5.349756e+02 5.904337e-04 4.736008e-04 9.539904e-04 3.437098e-04
5.350132e+02 6.018777e-04 4.794984e-04 9.735097e-04 3.526250e-04
5.350507e+02 6.149229e-04 4.878210e-04 9.933163e-04 3.636312e-04
5.350883e+02 6.296533e-04 4.988119e-04 1.013558e-03 3.765902e-04
5.351258e+02 6.460015e-04 5.124734e-04 1.034279e-03 3.912519e-04
5.351634e+02 6.637404e-04 5.285300e-04 1.055448e-03 4.072430e-04
5.352010e+02 6.824998e-04 5.464204e-04 1.076994e-03 4.240851e-04
5.352385e+02 7.018040e-04 5.653272e-04 1.098843e-03 4.412414e-04
5.352761e+02 7.211255e-04 5.842470e-04 1.120952e-03 4.581778e-04
5.353136e+02 7.399481e-04 6.020996e-04 1.143323e-03 4.744214e-04
5.353512e+02 7.578304e-04 6.178664e-04 1.166023e-03 4.896023e-04
5.353887e+02 7.744625e-04 6.307355e-04 1.189183e-03 5.034686e-04
5.354263e+02 7.897065e-04 6.402307e-04 1.213015e-03 5.158737e-04
5.354638e+02 8.036158e-04 6.462959e-04 1.237806e-03 5.267450e-04
5.355014e+02 8.164276e-04 6.493170e-04 1.263922e-03 5.360440e-04
5.355389e+02 8.285286e-04 6.500716e-04 1.291779e-03 5.437350e-04
5.355765e+02 8.403968e-04 6.496146e-04 1.321807e-03 5.497685e-04
5.356140e+02 8.525290e-04 6.491192e-04 1.354381e-03 5.540866e-04
5.356516e+02 8.653652e-04 6.497027e-04 1.389749e-03 5.566442e-04
5.356891e+02 8.792240e-04 6.522689e-04 1.427965e-03 5.574380e-04
5.357267e+02 8.942602e-04 6.573941e-04 1.468854e-03 5.565325e-04
5.357642e+02 9.104551e-04 6.652731e-04 1.512020e-03 5.540725e-04
5.358018e+02 9.276390e-04 6.757314e-04 1.556907e-03 5.502786e-04
5.358393e+02 9.455456e-04 6.882983e-04 1.602913e-03 5.454259e-04
5.358769e+02 9.638872e-04 7.023258e-04 1.649523e-03 5.398131e-04
5.359144e+02 9.824389e-04 7.171380e-04 1.696449e-03 5.337297e-04
5.359520e+02 1.001118e-03 7.321882e-04 1.743733e-03 5.274314e-04
5.359895e+02 1.020040e-03 7.472060e-04 1.791788e-03 5.211260e-04
5.360271e+02 1.039550e-03 7.623132e-04 1.841365e-03 5.149728e-04
5.360646e+02 1.060206e-03 7.780910e-04 1.893438e-03 5.090897e-04
5.361022e+02 1.082720e-03 7.955822e-04 1.949014e-03 5.035629e-04
5.361398e+02 1.107863e-03 8.162175e-04 2.008918e-03 4.984544e-04
5.361773e+02 1.136343e-03 8.416641e-04 2.073561e-03 4.938027e-04
5.362149e+02 1.168667e-03 8.736087e-04 2.142773e-03 4.896184e-04
5.362524e+02 1.205031e-03 9.135005e-04 2.215714e-03 4.858772e-04
5.362900e+02 1.245244e-03 9.622932e-04 2.290922e-03 4.825160e-04
5.363275e+02 1.288714e-03 1.020234e-03 2.366471e-03 4.794362e-04
5.363651e+02 1.334505e-03 1.086745e-03 2.440252e-03 4.765183e-04
5.364026e+02 1.381457e-03 1.160426e-03 2.510297e-03 4.736485e-04
5.364402e+02 1.428350e-03 1.239202e-03 2.575093e-03 4.707547e-04
5.364777e+02 1.474082e-03 1.320577e-03 2.633821e-03 4.678470e-04
5.365153e+02 1.517825e-03 1.401970e-03 2.686450e-03 4.650555e-04
5.365528e+02 1.559135e-03 1.481058e-03 2.733690e-03 4.626566e-04
5.365904e+02 1.597982e-03 1.556068e-03 2.776796e-03 4.610818e-04
5.366279e+02 1.634715e-03 1.625944e-03 2.817298e-03 4.609019e-04
5.366655e+02 1.669954e-03 1.690383e-03 2.856691e-03 4.627886e-04
5.367030e+02 1.704450e-03 1.749723e-03 2.896171e-03 4.674551e-04
5.367406e+02 1.738924e-03 1.804727e-03 2.936457e-03 4.755873e-04
5.367781e+02 1.773928e-03 1.856310e-03 2.977699e-03 4.877739e-04
5.368157e+02 1.809744e-03 1.905290e-03 3.019496e-03 5.044465e-04
5.368532e+02 1.846337e-03 1.952189e-03 3.060985e-03 5.258358e-04
5.368908e+02 1.883355e-03 1.997146e-03 3.100974e-03 5.519455e-04
5.369283e+02 1.920198e-03 2.039930e-03 3.138124e-03 5.825390e-04
5.369659e+02 1.956105e-03 2.080051e-03 3.171128e-03 6.171352e-04
5.370034e+02 1.990283e-03 2.116929e-03 3.198909e-03 6.550091e-04
5.370410e+02 2.022026e-03 2.150087e-03 3.220793e-03 6.951988e-04
5.370786e+02 2.050824e-03 2.179313e-03 3.236635e-03 7.365252e-04
5.371161e+02 2.076430e-03 2.204770e-03 3.246886e-03 7.776344e-04
5.371537e+02 2.098875e-03 2.227007e-03 3.252545e-03 8.170723e-04
5.371912e+02 2.118434e-03 2.246890e-03 3.255020e-03 8.533913e-04
5.372288e+02 2.135537e-03 2.265442e-03 3.255885e-03 8.852822e-04
5.372663e+02 2.150652e-03 2.283641e-03 3.256602e-03 9.117124e-04
5.373039e+02 2.164167e-03 2.302210e-03 3.258246e-03 9.320453e-04
5.373414e+02 2.176293e-03 2.321456e-03 3.261306e-03 9.461175e-04
5.373790e+02 2.187018e-03 2.341195e-03 3.265602e-03 9.542556e-04
5.374165e+02 2.196111e-03 2.360768e-03 3.270337e-03 9.572278e-04
5.374541e+02 2.203187e-03 2.379154e-03 3.274267e-03 9.561398e-04
5.374916e+02 2.207804e-03 2.395162e-03 3.275959e-03 9.522913e-04
5.375292e+02 2.209570e-03 2.407628e-03 3.274064e-03 9.470186e-04
5.375667e+02 2.208250e-03 2.415630e-03 3.267573e-03 9.415474e-04
5.376043e+02 2.203836e-03 2.418641e-03 3.255995e-03 9.368730e-04
5.376418e+02 2.196593e-03 2.416644e-03 3.239455e-03 9.336817e-04
5.376794e+02 2.187058e-03 2.410174e-03 3.218685e-03 9.323167e-04
5.377169e+02 2.176011e-03 2.400307e-03 3.194940e-03 9.327873e-04
5.377545e+02 2.164420e-03 2.388591e-03 3.169856e-03 9.348131e-04
5.377920e+02 2.153364e-03 2.376930e-03 3.145267e-03 9.378948e-04
5.378296e+02 2.143950e-03 2.367427e-03 3.123025e-03 9.413983e-04
5.378671e+02 2.137223e-03 2.362208e-03 3.104822e-03 9.446401e-04
5.379047e+02 2.134090e-03 2.363238e-03 3.092066e-03 9.469651e-04
5.379422e+02 2.135256e-03 2.372166e-03 3.085792e-03 9.478108e-04
5.379798e+02 2.141200e-03 2.390204e-03 3.086640e-03 9.467556e-04
5.380174e+02 2.152172e-03 2.418074e-03 3.094886e-03 9.435559e-04
5.380549e+02 2.168230e-03 2.456008e-03 3.110509e-03 9.381748e-04
5.380925e+02 2.189297e-03 2.503796e-03 3.133292e-03 9.308037e-04
5.381300e+02 2.215214e-03 2.560859e-03 3.162909e-03 9.218749e-04
5.381676e+02 2.245789e-03 2.626323e-03 3.198988e-03 9.120554e-04
5.382051e+02 2.280800e-03 2.699061e-03 3.241127e-03 9.022116e-04
5.382427e+02 2.319969e-03 2.777718e-03 3.288852e-03 8.933357e-04
5.382802e+02 2.362891e-03 2.860698e-03 3.341539e-03 8.864347e-04
5.383178e+02 2.408949e-03 2.946148e-03 3.398306e-03 8.823933e-04
5.383553e+02 2.457235e-03 3.031956e-03 3.457915e-03 8.818343e-04
5.383929e+02 2.506503e-03 3.115793e-03 3.518709e-03 8.850081e-04
5.384304e+02 2.555187e-03 3.195210e-03 3.578614e-03 8.917385e-04
5.384680e+02 2.601484e-03 3.267793e-03 3.635217e-03 9.014431e-04
5.385055e+02 2.643503e-03 3.331359e-03 3.685922e-03 9.132293e-04
5.385431e+02 2.679455e-03 3.384160e-03 3.728158e-03 9.260478e-04
5.385806e+02 2.707853e-03 3.425052e-03 3.759633e-03 9.388727e-04
5.386182e+02 2.727677e-03 3.453589e-03 3.778572e-03 9.508702e-04
5.386557e+02 2.738488e-03 3.470019e-03 3.783922e-03 9.615222e-04
5.386933e+02 2.740450e-03 3.475174e-03 3.775491e-03 9.706841e-04
5.387308e+02 2.734282e-03 3.470275e-03 3.754001e-03 9.785701e-04
5.387684e+02 2.721144e-03 3.456697e-03 3.721060e-03 9.856765e-04
5.388059e+02 2.702491e-03 3.435755e-03 3.679052e-03 9.926653e-04
5.388435e+02 2.679918e-03 3.408556e-03 3.630964e-03 1.000234e-03
5.388810e+02 2.655041e-03 3.375954e-03 3.580172e-03 1.008997e-03
5.389186e+02 2.629400e-03 3.338619e-03 3.530184e-03 1.019397e-03
5.389562e+02 2.604402e-03 3.297183e-03 3.484366e-03 1.031656e-03
5.389937e+02 2.581278e-03 3.252411e-03 3.445659e-03 1.045763e-03
5.390313e+02 2.561052e-03 3.205348e-03 3.416316e-03 1.061493e-03
5.390688e+02 2.544499e-03 3.157372e-03 3.397675e-03 1.078450e-03
5.391064e+02 2.532096e-03 3.110147e-03 3.390022e-03 1.096120e-03
5.391439e+02 2.523993e-03 3.065480e-03 3.392572e-03 1.113927e-03
5.391815e+02 2.519996e-03 3.025111e-03 3.403581e-03 1.131296e-03
5.392190e+02 2.519608e-03 2.990517e-03 3.420607e-03 1.147700e-03
5.392566e+02 2.522108e-03 2.962742e-03 3.440865e-03 1.162716e-03
5.392941e+02 2.526669e-03 2.942321e-03 3.461631e-03 1.176056e-03
5.393317e+02 2.532492e-03 2.929272e-03 3.480615e-03 1.187588e-03
5.393692e+02 2.538911e-03 2.923151e-03 3.496240e-03 1.197343e-03
5.394068e+02 2.545460e-03 2.923137e-03 3.507759e-03 1.205485e-03
5.394443e+02 2.551873e-03 2.928119e-03 3.515221e-03 1.212278e-03
5.394819e+02 2.558034e-03 2.936782e-03 3.519290e-03 1.218029e-03
5.395194e+02 2.563907e-03 2.947708e-03 3.520977e-03 1.223038e-03
5.395570e+02 2.569473e-03 2.959496e-03 3.521364e-03 1.227559e-03
5.395945e+02 2.574696e-03 2.970933e-03 3.521373e-03 1.231783e-03
5.396321e+02 2.579555e-03 2.981186e-03 3.521626e-03 1.235853e-03
5.396696e+02 2.584100e-03 2.989995e-03 3.522419e-03 1.239886e-03
5.397072e+02 2.588531e-03 2.997799e-03 3.523782e-03 1.244014e-03
5.397447e+02 2.593248e-03 3.005756e-03 3.525583e-03 1.248404e-03
5.397823e+02 2.598837e-03 3.015615e-03 3.527645e-03 1.253251e-03
5.398198e+02 2.606001e-03 3.029455e-03 3.529813e-03 1.258736e-03
5.398574e+02 2.615424e-03 3.049335e-03 3.531978e-03 1.264959e-03
5.398950e+02 2.627615e-03 3.076936e-03 3.534051e-03 1.271860e-03
5.399325e+02 2.642780e-03 3.113259e-03 3.535919e-03 1.279161e-03
5.399701e+02 2.660750e-03 3.158465e-03 3.537430e-03 1.286356e-03
5.400076e+02 2.681012e-03 3.211854e-03 3.538429e-03 1.292752e-03
5.400452e+02 2.702816e-03 3.271994e-03 3.538875e-03 1.297579e-03
5.400827e+02 2.725360e-03 3.336943e-03 3.539002e-03 1.300136e-03
5.401203e+02 2.747986e-03 3.404514e-03 3.539500e-03 1.299945e-03
5.401578e+02 2.770345e-03 3.472523e-03 3.541638e-03 1.296875e-03
5.401954e+02 2.792488e-03 3.538985e-03 3.547273e-03 1.291207e-03
5.402329e+02 2.814854e-03 3.602239e-03 3.558705e-03 1.283617e-03
5.402705e+02 2.838153e-03 3.661004e-03 3.578369e-03 1.275088e-03
5.403080e+02 2.863187e-03 3.714392e-03 3.608406e-03 1.266762e-03
5.403456e+02 2.890622e-03 3.761903e-03 3.650191e-03 1.259772e-03
5.403831e+02 2.920802e-03 3.803422e-03 3.703911e-03 1.255071e-03
5.404207e+02 2.953616e-03 3.839231e-03 3.768299e-03 1.253318e-03
5.404582e+02 2.988475e-03 3.870040e-03 3.840581e-03 1.254805e-03
5.404958e+02 3.024382e-03 3.897017e-03 3.916675e-03 1.259453e-03
5.405333e+02 3.060089e-03 3.921794e-03 3.991609e-03 1.266865e-03
5.405709e+02 3.094311e-03 3.946418e-03 4.060096e-03 1.276419e-03
5.406084e+02 3.125926e-03 3.973242e-03 4.117164e-03 1.287370e-03
5.406460e+02 3.154145e-03 4.004720e-03 4.158749e-03 1.298965e-03
5.406835e+02 3.178604e-03 4.043146e-03 4.182148e-03 1.310519e-03
5.407211e+02 3.199367e-03 4.090342e-03 4.186287e-03 1.321472e-03
5.407586e+02 3.216850e-03 4.147357e-03 4.171790e-03 1.331403e-03
5.407962e+02 3.231694e-03 4.214212e-03 4.140847e-03 1.340022e-03
5.408338e+02 3.244615e-03 4.289767e-03 4.096935e-03 1.347144e-03
5.408713e+02 3.256277e-03 4.371719e-03 4.044441e-03 1.352670e-03
5.409089e+02 3.267195e-03 4.456775e-03 3.988237e-03 1.356574e-03
5.409464e+02 3.277701e-03 4.540960e-03 3.933241e-03 1.358903e-03
5.409840e+02 3.287944e-03 4.620034e-03 3.884003e-03 1.359794e-03
5.410215e+02 3.297920e-03 4.689953e-03 3.844335e-03 1.359472e-03
5.410591e+02 3.307516e-03 4.747311e-03 3.816991e-03 1.358246e-03
5.410966e+02 3.316536e-03 4.789702e-03 3.803432e-03 1.356474e-03
5.411342e+02 3.324720e-03 4.815968e-03 3.803690e-03 1.354503e-03
5.411717e+02 3.331762e-03 4.826318e-03 3.816357e-03 1.352611e-03
5.412093e+02 3.337328e-03 4.822310e-03 3.838722e-03 1.350951e-03
5.412468e+02 3.341106e-03 4.806731e-03 3.867070e-03 1.349518e-03
5.412844e+02 3.342878e-03 4.783371e-03 3.897106e-03 1.348156e-03
5.413219e+02 3.342608e-03 4.756732e-03 3.924488e-03 1.346603e-03
5.413595e+02 3.340528e-03 4.731670e-03 3.945367e-03 1.344547e-03
5.413970e+02 3.337187e-03 4.712992e-03 3.956856e-03 1.341713e-03
5.414346e+02 3.333433e-03 4.705026e-03 3.957352e-03 1.337921e-03
5.414721e+02 3.330319e-03 4.711190e-03 3.946632e-03 1.333136e-03
5.415097e+02 3.328943e-03 4.733602e-03 3.925739e-03 1.327490e-03
5.415472e+02 3.330239e-03 4.772771e-03 3.896677e-03 1.321270e-03
5.415848e+02 3.334773e-03 4.827424e-03 3.862002e-03 1.314894e-03
5.416223e+02 3.342588e-03 4.894506e-03 3.824396e-03 1.308863e-03
5.416599e+02 3.353136e-03 4.969390e-03 3.786308e-03 1.303710e-03
5.416974e+02 3.365317e-03 5.046288e-03 3.749718e-03 1.299946e-03
5.417350e+02 3.377627e-03 5.118850e-03 3.716025e-03 1.298005e-03
5.417726e+02 3.388373e-03 5.180865e-03 3.686048e-03 1.298207e-03
5.418101e+02 3.395936e-03 5.226995e-03 3.660091e-03 1.300721e-03
5.418477e+02 3.399001e-03 5.253405e-03 3.638034e-03 1.305564e-03
5.418852e+02 3.396748e-03 5.258209e-03 3.619434e-03 1.312601e-03
5.419228e+02 3.388943e-03 5.241645e-03 3.603615e-03 1.321570e-03
5.419603e+02 3.375946e-03 5.205958e-03 3.589768e-03 1.332112e-03
5.419979e+02 3.358626e-03 5.155013e-03 3.577062e-03 1.343803e-03
5.420354e+02 3.338232e-03 5.093739e-03 3.564779e-03 1.356177e-03
5.420730e+02 3.316225e-03 5.027487e-03 3.552447e-03 1.368741e-03
5.421105e+02 3.294129e-03 4.961424e-03 3.539970e-03 1.380993e-03
5.421481e+02 3.273390e-03 4.900047e-03 3.527695e-03 1.392427e-03
5.421856e+02 3.255275e-03 4.846855e-03 3.516416e-03 1.402554e-03
5.422232e+02 3.240789e-03 4.804169e-03 3.507274e-03 1.410923e-03
5.422607e+02 3.230608e-03 4.773092e-03 3.501576e-03 1.417155e-03
5.422983e+02 3.225019e-03 4.753531e-03 3.500555e-03 1.420972e-03
5.423358e+02 3.223870e-03 4.744282e-03 3.505105e-03 1.422223e-03
5.423734e+02 3.226538e-03 4.743142e-03 3.515564e-03 1.420908e-03
5.424109e+02 3.231937e-03 4.747063e-03 3.531567e-03 1.417179e-03
5.424485e+02 3.238588e-03 4.752387e-03 3.552031e-03 1.411346e-03
5.424860e+02 3.244751e-03 4.755145e-03 3.575248e-03 1.403860e-03
5.425236e+02 3.248616e-03 4.751447e-03 3.599098e-03 1.395302e-03
5.425611e+02 3.248533e-03 4.737913e-03 3.621330e-03 1.386357e-03
5.425987e+02 3.243248e-03 4.712089e-03 3.639875e-03 1.377781e-03
5.426362e+02 3.232090e-03 4.672791e-03 3.653134e-03 1.370344e-03
5.426738e+02 3.215090e-03 4.620304e-03 3.660196e-03 1.364771e-03
5.427114e+02 3.193007e-03 4.556406e-03 3.660957e-03 1.361657e-03
5.427489e+02 3.167241e-03 4.484202e-03 3.656127e-03 1.361395e-03
5.427865e+02 3.139666e-03 4.407787e-03 3.647104e-03 1.364106e-03
5.428240e+02 3.112387e-03 4.331792e-03 3.635757e-03 1.369611e-03
5.428616e+02 3.087476e-03 4.260854e-03 3.624131e-03 1.377443e-03
5.428991e+02 3.066709e-03 4.199093e-03 3.614124e-03 1.386910e-03
5.429367e+02 3.051346e-03 4.149652e-03 3.607200e-03 1.397186e-03
5.429742e+02 3.041985e-03 4.114355e-03 3.604168e-03 1.407433e-03
5.430118e+02 3.038504e-03 4.093517e-03 3.605079e-03 1.416917e-03
5.430493e+02 3.040100e-03 4.085954e-03 3.609255e-03 1.425092e-03
5.430869e+02 3.045419e-03 4.089168e-03 3.615437e-03 1.431654e-03
5.431244e+02 3.052757e-03 4.099695e-03 3.622026e-03 1.436551e-03
5.431620e+02 3.060302e-03 4.113577e-03 3.627374e-03 1.439955e-03
5.431995e+02 3.066386e-03 4.126882e-03 3.630062e-03 1.442212e-03
5.432371e+02 3.069706e-03 4.136209e-03 3.629126e-03 1.443782e-03
5.432746e+02 3.069495e-03 4.139111e-03 3.624200e-03 1.445173e-03
5.433122e+02 3.065605e-03 4.134388e-03 3.615546e-03 1.446882e-03
5.433497e+02 3.058510e-03 4.122198e-03 3.603999e-03 1.449335e-03
5.433873e+02 3.049217e-03 4.103998e-03 3.590823e-03 1.452829e-03
5.434248e+02 3.039106e-03 4.082306e-03 3.577524e-03 1.457490e-03
5.434624e+02 3.029737e-03 4.060321e-03 3.565654e-03 1.463235e-03
5.434999e+02 3.022621e-03 4.041453e-03 3.556631e-03 1.469778e-03
5.435375e+02 3.019029e-03 4.028821e-03 3.551605e-03 1.476660e-03
5.435750e+02 3.019829e-03 4.024787e-03 3.551385e-03 1.483314e-03
5.436126e+02 3.025393e-03 4.030595e-03 3.556419e-03 1.489167e-03
5.436502e+02 3.035575e-03 4.046173e-03 3.566816e-03 1.493737e-03
5.436877e+02 3.049751e-03 4.070124e-03 3.582400e-03 1.496730e-03
5.437253e+02 3.066921e-03 4.099912e-03 3.602754e-03 1.498096e-03
5.437628e+02 3.085843e-03 4.132223e-03 3.627259e-03 1.498045e-03
5.438004e+02 3.105183e-03 4.163432e-03 3.655103e-03 1.497013e-03
5.438379e+02 3.123655e-03 4.190107e-03 3.685275e-03 1.495583e-03
5.438755e+02 3.140140e-03 4.209474e-03 3.716555e-03 1.494390e-03
5.439130e+02 3.153770e-03 4.219759e-03 3.747531e-03 1.494018e-03
5.439506e+02 3.163978e-03 4.220367e-03 3.776658e-03 1.494908e-03
5.439881e+02 3.170515e-03 4.211873e-03 3.802373e-03 1.497297e-03
5.440257e+02 3.173433e-03 4.195839e-03 3.823268e-03 1.501192e-03
5.440632e+02 3.173049e-03 4.174491e-03 3.838287e-03 1.506368e-03
5.441008e+02 3.169875e-03 4.150313e-03 3.846914e-03 1.512396e-03
5.441383e+02 3.164536e-03 4.125620e-03 3.849299e-03 1.518689e-03
5.441759e+02 3.157675e-03 4.102189e-03 3.846281e-03 1.524554e-03
5.442134e+02 3.149843e-03 4.080982e-03 3.839287e-03 1.529260e-03
5.442510e+02 3.141421e-03 4.062040e-03 3.830117e-03 1.532106e-03
5.442885e+02 3.132562e-03 4.044527e-03 3.820648e-03 1.532512e-03
5.443261e+02 3.123187e-03 4.026950e-03 3.812515e-03 1.530095e-03
5.443636e+02 3.113030e-03 4.007488e-03 3.806843e-03 1.524758e-03
5.444012e+02 3.101734e-03 3.984388e-03 3.804073e-03 1.516742e-03
5.444387e+02 3.088968e-03 3.956328e-03 3.803923e-03 1.506651e-03
5.444763e+02 3.074529e-03 3.922698e-03 3.805476e-03 1.495414e-03
5.445138e+02 3.058428e-03 3.883721e-03 3.807371e-03 1.484191e-03
5.445514e+02 3.040901e-03 3.840426e-03 3.808049e-03 1.474230e-03
5.445890e+02 3.022380e-03 3.794464e-03 3.805995e-03 1.466681e-03
5.446265e+02 3.003397e-03 3.747833e-03 3.799947e-03 1.462411e-03
5.446641e+02 2.984478e-03 3.702569e-03 3.789020e-03 1.461846e-03
5.447016e+02 2.966027e-03 3.660457e-03 3.772756e-03 1.464869e-03
5.447392e+02 2.948236e-03 3.622816e-03 3.751090e-03 1.470804e-03
5.447767e+02 2.931038e-03 3.590360e-03 3.724276e-03 1.478476e-03
5.448143e+02 2.914106e-03 3.563163e-03 3.692787e-03 1.486367e-03
5.448518e+02 2.896908e-03 3.540687e-03 3.657220e-03 1.492816e-03
5.448894e+02 2.878791e-03 3.521878e-03 3.618242e-03 1.496254e-03
5.449269e+02 2.859106e-03 3.505309e-03 3.576583e-03 1.495426e-03
5.449645e+02 2.837337e-03 3.489360e-03 3.533069e-03 1.489582e-03
5.450020e+02 2.813229e-03 3.472425e-03 3.488676e-03 1.478585e-03
5.450396e+02 2.786888e-03 3.453132e-03 3.444579e-03 1.462953e-03
5.450771e+02 2.758835e-03 3.430546e-03 3.402159e-03 1.443799e-03
5.451147e+02 2.729992e-03 3.404327e-03 3.362945e-03 1.422704e-03
5.451522e+02 2.701610e-03 3.374818e-03 3.328490e-03 1.401521e-03
5.451898e+02 2.675130e-03 3.343028e-03 3.300201e-03 1.382160e-03
5.452273e+02 2.652009e-03 3.310520e-03 3.279144e-03 1.366362e-03
5.452649e+02 2.633533e-03 3.279199e-03 3.265898e-03 1.355503e-03
5.453024e+02 2.620651e-03 3.251033e-03 3.260467e-03 1.350454e-03
5.453400e+02 2.613851e-03 3.227762e-03 3.262293e-03 1.351497e-03
5.453775e+02 2.613096e-03 3.210620e-03 3.270350e-03 1.358318e-03
5.454151e+02 2.617831e-03 3.200124e-03 3.283305e-03 1.370064e-03
5.454526e+02 2.627036e-03 3.195964e-03 3.299681e-03 1.385464e-03
5.454902e+02 2.639329e-03 3.197008e-03 3.317997e-03 1.402983e-03
5.455278e+02 2.653091e-03 3.201418e-03 3.336841e-03 1.421015e-03
5.455653e+02 2.666599e-03 3.206870e-03 3.354857e-03 1.438070e-03
5.456029e+02 2.678153e-03 3.210832e-03 3.370689e-03 1.452939e-03
5.456404e+02 2.686192e-03 3.210869e-03 3.382886e-03 1.464820e-03
5.456780e+02 2.689383e-03 3.204924e-03 3.389851e-03 1.473375e-03
5.457155e+02 2.686703e-03 3.191541e-03 3.389857e-03 1.478712e-03
5.457531e+02 2.677499e-03 3.170021e-03 3.381168e-03 1.481308e-03
5.457906e+02 2.661536e-03 3.140479e-03 3.362252e-03 1.481877e-03
5.458282e+02 2.639038e-03 3.103829e-03 3.332060e-03 1.481224e-03
5.458657e+02 2.610705e-03 3.061701e-03 3.290302e-03 1.480112e-03
5.459033e+02 2.577700e-03 3.016293e-03 3.237652e-03 1.479156e-03
5.459408e+02 2.541598e-03 2.970178e-03 3.175835e-03 1.478782e-03
5.459784e+02 2.504281e-03 2.926081e-03 3.107537e-03 1.479226e-03
5.460159e+02 2.467786e-03 2.886617e-03 3.036174e-03 1.480567e-03
5.460535e+02 2.434113e-03 2.854030e-03 2.965525e-03 1.482785e-03
5.460910e+02 2.405018e-03 2.829941e-03 2.899308e-03 1.485804e-03
5.461286e+02 2.381815e-03 2.815148e-03 2.840768e-03 1.489529e-03
5.461661e+02 2.365233e-03 2.809508e-03 2.792338e-03 1.493853e-03
5.462037e+02 2.355336e-03 2.811930e-03 2.755422e-03 1.498655e-03
5.462412e+02 2.351540e-03 2.820499e-03 2.730334e-03 1.503788e-03
5.462788e+02 2.352725e-03 2.832715e-03 2.716382e-03 1.509076e-03
5.463163e+02 2.357407e-03 2.845828e-03 2.712071e-03 1.514323e-03
5.463539e+02 2.363969e-03 2.857187e-03 2.715389e-03 1.519332e-03
5.463914e+02 2.370874e-03 2.864568e-03 2.724116e-03 1.523940e-03
5.464290e+02 2.376848e-03 2.866401e-03 2.736098e-03 1.528044e-03
5.464666e+02 2.380979e-03 2.861868e-03 2.749448e-03 1.531621e-03
5.465041e+02 2.382741e-03 2.850858e-03 2.762649e-03 1.534715e-03
5.465417e+02 2.381932e-03 2.833825e-03 2.774556e-03 1.537416e-03
5.465792e+02 2.378570e-03 2.811580e-03 2.784321e-03 1.539809e-03
5.466168e+02 2.372766e-03 2.785093e-03 2.791275e-03 1.541931e-03
5.466543e+02 2.364631e-03 2.755341e-03 2.794812e-03 1.543741e-03
5.466919e+02 2.354217e-03 2.723225e-03 2.794303e-03 1.545124e-03
5.467294e+02 2.341519e-03 2.689562e-03 2.789070e-03 1.545925e-03
5.467670e+02 2.326515e-03 2.655106e-03 2.778419e-03 1.546020e-03
5.468045e+02 2.309233e-03 2.620585e-03 2.761720e-03 1.545395e-03
5.468421e+02 2.289814e-03 2.586714e-03 2.738519e-03 1.544208e-03
5.468796e+02 2.268544e-03 2.554171e-03 2.708647e-03 1.542815e-03
5.469172e+02 2.245866e-03 2.523550e-03 2.672314e-03 1.541734e-03
5.469547e+02 2.222341e-03 2.495308e-03 2.630157e-03 1.541558e-03
5.469923e+02 2.198596e-03 2.469724e-03 2.583246e-03 1.542818e-03
5.470298e+02 2.175264e-03 2.446894e-03 2.533047e-03 1.545852e-03
5.470674e+02 2.152929e-03 2.426768e-03 2.481336e-03 1.550683e-03
5.471049e+02 2.132088e-03 2.409205e-03 2.430089e-03 1.556968e-03
5.471425e+02 2.113135e-03 2.394038e-03 2.381344e-03 1.564023e-03
5.471800e+02 2.096355e-03 2.381111e-03 2.337042e-03 1.570913e-03
5.472176e+02 2.081916e-03 2.370276e-03 2.298857e-03 1.576614e-03
5.472551e+02 2.069851e-03 2.361344e-03 2.268023e-03 1.580187e-03
5.472927e+02 2.060038e-03 2.354005e-03 2.245171e-03 1.580939e-03
5.473302e+02 2.052167e-03 2.347755e-03 2.230201e-03 1.578544e-03
5.473678e+02 2.045729e-03 2.341853e-03 2.222237e-03 1.573098e-03
5.474054e+02 2.040035e-03 2.335349e-03 2.219662e-03 1.565095e-03
5.474429e+02 2.034270e-03 2.327174e-03 2.220279e-03 1.555358e-03
5.474805e+02 2.027595e-03 2.316300e-03 2.221574e-03 1.544909e-03
5.475180e+02 2.019265e-03 2.301913e-03 2.221050e-03 1.534831e-03
5.475556e+02 2.008753e-03 2.283568e-03 2.216573e-03 1.526118e-03
5.475931e+02 1.995840e-03 2.261293e-03 2.206687e-03 1.519542e-03
5.476307e+02 1.980649e-03 2.235593e-03 2.190804e-03 1.515551e-03
5.476682e+02 1.963621e-03 2.207384e-03 2.169269e-03 1.514209e-03
5.477058e+02 1.945432e-03 2.177852e-03 2.143260e-03 1.515186e-03
5.477433e+02 1.926886e-03 2.148287e-03 2.114564e-03 1.517807e-03
5.477809e+02 1.908785e-03 2.119919e-03 2.085278e-03 1.521157e-03
5.478184e+02 1.891831e-03 2.093800e-03 2.057469e-03 1.524225e-03
5.478560e+02 1.876556e-03 2.070725e-03 2.032876e-03 1.526069e-03
5.478935e+02 1.863291e-03 2.051217e-03 2.012683e-03 1.525973e-03
5.479311e+02 1.852165e-03 2.035537e-03 1.997395e-03 1.523563e-03
5.479686e+02 1.843130e-03 2.023714e-03 1.986815e-03 1.518862e-03
5.480062e+02 1.835995e-03 2.015567e-03 1.980134e-03 1.512284e-03
5.480437e+02 1.830457e-03 2.010731e-03 1.976091e-03 1.504548e-03
5.480813e+02 1.826139e-03 2.008674e-03 1.973192e-03 1.496552e-03
5.481188e+02 1.822630e-03 2.008720e-03 1.969950e-03 1.489221e-03
5.481564e+02 1.819521e-03 2.010098e-03 1.965111e-03 1.483354e-03
5.481939e+02 1.816452e-03 2.012009e-03 1.957837e-03 1.479511e-03
5.482315e+02 1.813161e-03 2.013718e-03 1.947825e-03 1.477940e-03
5.482690e+02 1.809514e-03 2.014634e-03 1.935345e-03 1.478564e-03
5.483066e+02 1.805529e-03 2.014373e-03 1.921189e-03 1.481024e-03
5.483442e+02 1.801365e-03 2.012789e-03 1.906548e-03 1.484759e-03
5.483817e+02 1.797293e-03 2.009942e-03 1.892826e-03 1.489112e-03
5.484193e+02 1.793632e-03 2.006030e-03 1.881427e-03 1.493437e-03
5.484568e+02 1.790677e-03 2.001302e-03 1.873530e-03 1.497199e-03
5.484944e+02 1.788632e-03 1.995956e-03 1.869900e-03 1.500041e-03
5.485319e+02 1.787551e-03 1.990076e-03 1.870756e-03 1.501821e-03
5.485695e+02 1.787309e-03 1.983603e-03 1.875708e-03 1.502616e-03
5.486070e+02 1.787615e-03 1.976355e-03 1.883795e-03 1.502694e-03
5.486446e+02 1.788056e-03 1.968084e-03 1.893611e-03 1.502471e-03
5.486821e+02 1.788170e-03 1.958568e-03 1.903497e-03 1.502446e-03
5.487197e+02 1.787541e-03 1.947691e-03 1.911789e-03 1.503143e-03
5.487572e+02 1.785878e-03 1.935524e-03 1.917057e-03 1.505053e-03
5.487948e+02 1.783092e-03 1.922367e-03 1.918318e-03 1.508591e-03
5.488323e+02 1.779320e-03 1.908749e-03 1.915153e-03 1.514057e-03
5.488699e+02 1.774916e-03 1.895391e-03 1.907743e-03 1.521616e-03
5.489074e+02 1.770394e-03 1.883124e-03 1.896778e-03 1.531281e-03
5.489450e+02 1.766331e-03 1.872790e-03 1.883302e-03 1.542902e-03
5.489825e+02 1.763260e-03 1.865123e-03 1.868490e-03 1.556167e-03
5.490201e+02 1.761563e-03 1.860647e-03 1.853437e-03 1.570605e-03
5.490576e+02 1.761398e-03 1.859602e-03 1.838986e-03 1.585606e-03
5.490952e+02 1.762667e-03 1.861912e-03 1.825638e-03 1.600451e-03
5.491327e+02 1.765040e-03 1.867208e-03 1.813553e-03 1.614360e-03
5.491703e+02 1.768027e-03 1.874888e-03 1.802640e-03 1.626552e-03
5.492078e+02 1.771075e-03 1.884214e-03 1.792693e-03 1.636317e-03
5.492454e+02 1.773684e-03 1.894423e-03 1.783547e-03 1.643081e-03
5.492830e+02 1.775496e-03 1.904826e-03 1.775194e-03 1.646468e-03
5.493205e+02 1.776363e-03 1.914882e-03 1.767854e-03 1.646352e-03
5.493581e+02 1.776356e-03 1.924248e-03 1.761953e-03 1.642867e-03
5.493956e+02 1.775740e-03 1.932767e-03 1.758045e-03 1.636408e-03
5.494332e+02 1.774902e-03 1.940439e-03 1.756683e-03 1.627583e-03
5.494707e+02 1.774256e-03 1.947345e-03 1.758274e-03 1.617149e-03
5.495083e+02 1.774147e-03 1.953557e-03 1.762952e-03 1.605931e-03
5.495458e+02 1.774757e-03 1.959046e-03 1.770497e-03 1.594727e-03
5.495834e+02 1.776052e-03 1.963608e-03 1.780312e-03 1.584234e-03
5.496209e+02 1.777762e-03 1.966836e-03 1.791468e-03 1.574981e-03
5.496585e+02 1.779412e-03 1.968129e-03 1.802807e-03 1.567300e-03
5.496960e+02 1.780394e-03 1.966779e-03 1.813091e-03 1.561312e-03
5.497336e+02 1.780061e-03 1.962078e-03 1.821160e-03 1.556945e-03
5.497711e+02 1.777836e-03 1.953458e-03 1.826087e-03 1.553964e-03
5.498087e+02 1.773296e-03 1.940606e-03 1.827282e-03 1.552000e-03
5.498462e+02 1.766228e-03 1.923545e-03 1.824545e-03 1.550594e-03
5.498838e+02 1.756641e-03 1.902649e-03 1.818045e-03 1.549229e-03
5.499213e+02 1.744731e-03 1.878588e-03 1.808231e-03 1.547373e-03
5.499589e+02 1.730826e-03 1.852241e-03 1.795714e-03 1.544523e-03
5.499964e+02 1.715317e-03 1.824564e-03 1.781125e-03 1.540261e-03
5.500340e+02 1.698592e-03 1.796476e-03 1.764993e-03 1.534308e-03
5.500715e+02 1.681003e-03 1.768759e-03 1.747675e-03 1.526576e-03
5.501091e+02 1.662847e-03 1.742001e-03 1.729333e-03 1.517208e-03
5.501466e+02 1.644378e-03 1.716577e-03 1.709966e-03 1.506590e-03
5.501842e+02 1.625824e-03 1.692667e-03 1.689481e-03 1.495323e-03
5.502218e+02 1.607420e-03 1.670295e-03 1.667793e-03 1.484171e-03
5.502593e+02 1.589423e-03 1.649389e-03 1.644903e-03 1.473976e-03
5.502969e+02 1.572127e-03 1.629849e-03 1.620971e-03 1.465562e-03
5.503344e+02 1.555862e-03 1.611602e-03 1.596348e-03 1.459638e-03
5.503720e+02 1.540981e-03 1.594654e-03 1.571566e-03 1.456723e-03
5.504095e+02 1.527837e-03 1.579112e-03 1.547306e-03 1.457094e-03
5.504471e+02 1.516757e-03 1.565186e-03 1.524325e-03 1.460761e-03
5.504846e+02 1.508002e-03 1.553155e-03 1.503381e-03 1.467472e-03
5.505222e+02 1.501735e-03 1.543322e-03 1.485138e-03 1.476743e-03
5.505597e+02 1.497987e-03 1.535952e-03 1.470103e-03 1.487907e-03
5.505973e+02 1.496649e-03 1.531213e-03 1.458563e-03 1.500171e-03
5.506348e+02 1.497470e-03 1.529138e-03 1.450573e-03 1.512699e-03
5.506724e+02 1.500089e-03 1.529610e-03 1.445969e-03 1.524689e-03
5.507099e+02 1.504077e-03 1.532366e-03 1.444415e-03 1.535450e-03
5.507475e+02 1.508994e-03 1.537025e-03 1.445482e-03 1.544476e-03
5.507850e+02 1.514438e-03 1.543117e-03 1.448718e-03 1.551481e-03
5.508226e+02 1.520082e-03 1.550119e-03 1.453721e-03 1.556405e-03
5.508601e+02 1.525681e-03 1.557480e-03 1.460180e-03 1.559382e-03
5.508977e+02 1.531065e-03 1.564639e-03 1.467889e-03 1.560667e-03
5.509352e+02 1.536109e-03 1.571048e-03 1.476731e-03 1.560549e-03
5.509728e+02 1.540704e-03 1.576207e-03 1.486641e-03 1.559265e-03
5.510103e+02 1.544740e-03 1.579710e-03 1.497561e-03 1.556948e-03
5.510479e+02 1.548108e-03 1.581312e-03 1.509400e-03 1.553612e-03
5.510854e+02 1.550730e-03 1.580993e-03 1.522000e-03 1.549198e-03
5.511230e+02 1.552597e-03 1.579014e-03 1.535119e-03 1.543659e-03
5.511606e+02 1.553803e-03 1.575928e-03 1.548423e-03 1.537059e-03
5.511981e+02 1.554565e-03 1.572550e-03 1.561487e-03 1.529658e-03
5.512357e+02 1.555203e-03 1.569856e-03 1.573806e-03 1.521946e-03
5.512732e+02 1.556089e-03 1.568844e-03 1.584811e-03 1.514611e-03
5.513108e+02 1.557567e-03 1.570367e-03 1.593896e-03 1.508438e-03
5.513483e+02 1.559865e-03 1.574974e-03 1.600457e-03 1.504165e-03
5.513859e+02 1.563028e-03 1.582797e-03 1.603953e-03 1.502332e-03
5.514234e+02 1.566887e-03 1.593514e-03 1.603977e-03 1.503170e-03
5.514610e+02 1.571086e-03 1.606379e-03 1.600330e-03 1.506548e-03
5.514985e+02 1.575154e-03 1.620346e-03 1.593094e-03 1.512021e-03
5.515361e+02 1.578609e-03 1.634226e-03 1.582670e-03 1.518930e-03
5.515736e+02 1.581071e-03 1.646867e-03 1.569779e-03 1.526567e-03
5.516112e+02 1.582348e-03 1.657321e-03 1.555409e-03 1.534316e-03
5.516487e+02 1.582473e-03 1.664946e-03 1.540710e-03 1.541764e-03
5.516863e+02 1.581685e-03 1.669465e-03 1.526851e-03 1.548738e-03
5.517238e+02 1.580355e-03 1.670942e-03 1.514865e-03 1.555258e-03
5.517614e+02 1.578891e-03 1.669720e-03 1.505507e-03 1.561447e-03
5.517989e+02 1.577631e-03 1.666321e-03 1.499164e-03 1.567406e-03
5.518365e+02 1.576762e-03 1.661339e-03 1.495832e-03 1.573116e-03
5.518740e+02 1.576297e-03 1.655343e-03 1.495152e-03 1.578395e-03
5.519116e+02 1.576086e-03 1.648808e-03 1.496520e-03 1.582931e-03
5.519491e+02 1.575885e-03 1.642075e-03 1.499213e-03 1.586366e-03
5.519867e+02 1.575434e-03 1.635342e-03 1.502524e-03 1.588437e-03
5.520242e+02 1.574546e-03 1.628681e-03 1.505865e-03 1.589091e-03
5.520618e+02 1.573155e-03 1.622072e-03 1.508816e-03 1.588578e-03
5.520994e+02 1.571346e-03 1.615451e-03 1.511137e-03 1.587450e-03
5.521369e+02 1.569327e-03 1.608750e-03 1.512732e-03 1.586499e-03
5.521745e+02 1.567380e-03 1.601941e-03 1.513592e-03 1.586608e-03
5.522120e+02 1.565796e-03 1.595053e-03 1.513748e-03 1.588585e-03
5.522496e+02 1.564799e-03 1.588190e-03 1.513219e-03 1.592990e-03
5.522871e+02 1.564501e-03 1.581511e-03 1.511988e-03 1.600005e-03
5.523247e+02 1.564865e-03 1.575216e-03 1.509997e-03 1.609383e-03
5.523622e+02 1.565707e-03 1.569505e-03 1.507145e-03 1.620472e-03
5.523998e+02 1.566724e-03 1.564555e-03 1.503309e-03 1.632308e-03
5.524373e+02 1.567546e-03 1.560502e-03 1.498362e-03 1.643773e-03
5.524749e+02 1.567805e-03 1.557433e-03 1.492218e-03 1.653765e-03
5.525124e+02 1.567211e-03 1.555405e-03 1.484867e-03 1.661361e-03
5.525500e+02 1.565612e-03 1.554461e-03 1.476431e-03 1.665945e-03
5.525875e+02 1.563047e-03 1.554661e-03 1.467198e-03 1.667283e-03
5.526251e+02 1.559756e-03 1.556092e-03 1.457646e-03 1.665530e-03
5.526626e+02 1.556154e-03 1.558862e-03 1.448422e-03 1.661178e-03
5.527002e+02 1.552776e-03 1.563079e-03 1.440293e-03 1.654955e-03
5.527377e+02 1.550182e-03 1.568804e-03 1.434054e-03 1.647689e-03
5.527753e+02 1.548863e-03 1.576002e-03 1.430415e-03 1.640174e-03
5.528128e+02 1.549141e-03 1.584491e-03 1.429882e-03 1.633050e-03
5.528504e+02 1.551100e-03 1.593908e-03 1.432659e-03 1.626733e-03
5.528879e+02 1.554554e-03 1.603705e-03 1.438573e-03 1.621384e-03
5.529255e+02 1.559061e-03 1.613163e-03 1.447072e-03 1.616949e-03
5.529630e+02 1.563978e-03 1.621455e-03 1.457253e-03 1.613224e-03
5.530006e+02 1.568547e-03 1.627725e-03 1.467969e-03 1.609945e-03
5.530382e+02 1.572005e-03 1.631186e-03 1.477962e-03 1.606866e-03
5.530757e+02 1.573686e-03 1.631220e-03 1.486028e-03 1.603810e-03
5.531133e+02 1.573107e-03 1.627468e-03 1.491176e-03 1.600678e-03
5.531508e+02 1.570024e-03 1.619884e-03 1.492769e-03 1.597417e-03
5.531884e+02 1.564444e-03 1.608758e-03 1.490605e-03 1.593971e-03
5.532259e+02 1.556616e-03 1.594687e-03 1.484939e-03 1.590222e-03
5.532635e+02 1.546974e-03 1.578517e-03 1.476437e-03 1.585968e-03
5.533010e+02 1.536078e-03 1.561248e-03 1.466062e-03 1.580924e-03
5.533386e+02 1.524539e-03 1.543927e-03 1.454919e-03 1.574771e-03
5.533761e+02 1.512955e-03 1.527543e-03 1.444093e-03 1.567230e-03
5.534137e+02 1.501856e-03 1.512932e-03 1.434492e-03 1.558145e-03
5.534512e+02 1.491663e-03 1.500702e-03 1.426733e-03 1.547553e-03
5.534888e+02 1.482665e-03 1.491190e-03 1.421086e-03 1.535718e-03
5.535263e+02 1.475012e-03 1.484444e-03 1.417474e-03 1.523120e-03
5.535639e+02 1.468715e-03 1.480226e-03 1.415519e-03 1.510401e-03
5.536014e+02 1.463658e-03 1.478057e-03 1.414631e-03 1.498286e-03
5.536390e+02 1.459620e-03 1.477267e-03 1.414107e-03 1.487485e-03
5.536765e+02 1.456308e-03 1.477080e-03 1.413231e-03 1.478614e-03
5.537141e+02 1.453399e-03 1.476699e-03 1.411362e-03 1.472137e-03
5.537516e+02 1.450587e-03 1.475406e-03 1.408010e-03 1.468345e-03
5.537892e+02 1.447633e-03 1.472648e-03 1.402884e-03 1.467365e-03
5.538267e+02 1.444406e-03 1.468111e-03 1.395926e-03 1.469180e-03
5.538643e+02 1.440903e-03 1.461748e-03 1.387308e-03 1.473655e-03
5.539018e+02 1.437236e-03 1.453773e-03 1.377399e-03 1.480535e-03
5.539394e+02 1.433569e-03 1.444595e-03 1.366690e-03 1.489424e-03
5.539770e+02 1.430035e-03 1.434709e-03 1.355670e-03 1.499726e-03
5.540145e+02 1.426603e-03 1.424543e-03 1.344680e-03 1.510586e-03
5.540521e+02 1.422961e-03 1.414301e-03 1.333750e-03 1.520831e-03
5.540896e+02 1.418408e-03 1.403815e-03 1.322468e-03 1.528941e-03
5.541272e+02 1.411812e-03 1.392447e-03 1.309907e-03 1.533082e-03
5.541647e+02 1.401632e-03 1.379070e-03 1.294637e-03 1.531190e-03
5.542023e+02 1.386031e-03 1.362127e-03 1.274851e-03 1.521116e-03
5.542398e+02 1.363055e-03 1.339783e-03 1.248573e-03 1.500810e-03
5.542774e+02 1.330871e-03 1.310141e-03 1.213940e-03 1.468532e-03
5.543149e+02 1.288015e-03 1.271500e-03 1.169493e-03 1.423054e-03
5.543525e+02 1.233620e-03 1.222603e-03 1.114433e-03 1.363824e-03
5.543900e+02 1.167582e-03 1.162861e-03 1.048798e-03 1.291086e-03
5.544276e+02 1.090638e-03 1.092480e-03 9.735161e-04 1.205918e-03
5.544651e+02 1.004347e-03 1.012510e-03 8.903348e-04 1.110196e-03
5.545027e+02 9.109653e-04 9.247781e-04 8.016447e-04 1.006473e-03
5.545402e+02 8.132457e-04 8.317241e-04 7.102217e-04 8.977911e-04
5.545778e+02 7.141819e-04 7.361673e-04 6.189400e-04 7.874383e-04
5.546153e+02 6.167398e-04 6.410324e-04 5.305000e-04 6.786869e-04
5.546529e+02 5.236098e-04 5.490799e-04 4.472081e-04 5.745413e-04
5.546904e+02 4.370122e-04 4.626761e-04 3.708327e-04 4.775277e-04
5.547280e+02 3.585743e-04 3.836330e-04 3.025411e-04 3.895488e-04
5.547655e+02 2.892862e-04 3.131302e-04 2.429122e-04 3.118161e-04
5.548031e+02 2.295275e-04 2.517198e-04 1.920040e-04 2.448587e-04
5.548406e+02 1.791499e-04 1.993972e-04 1.494572e-04 1.885953e-04
5.548782e+02 1.375934e-04 1.557175e-04 1.146110e-04 1.424516e-04
5.549158e+02 1.040150e-04 1.199296e-04 8.661691e-05 1.054986e-04
5.549533e+02 7.741253e-05 9.110732e-05 6.453778e-05 7.659248e-05
5.549909e+02 5.672949e-05 6.826127e-05 4.742702e-05 5.450018e-05
5.550284e+02 4.093627e-05 5.042163e-05 3.438660e-05 3.800056e-05
5.550660e+02 2.908512e-05 3.669251e-05 2.460495e-05 2.595791e-05
5.551035e+02 2.034190e-05 2.628041e-05 1.737738e-05 1.736790e-05
5.551411e+02 1.399884e-05 1.850372e-05 1.211285e-05 1.137996e-05
5.551786e+02 9.473729e-06 1.278988e-05 8.330388e-06 7.300918e-06
5.552162e+02 6.300214e-06 8.666109e-06 5.648925e-06 4.585608e-06
5.552537e+02 4.113480e-06 5.747680e-06 3.773419e-06 2.819341e-06
5.552913e+02 2.634184e-06 3.726041e-06 2.479893e-06 1.696617e-06
5.553288e+02 1.652688e-06 2.357755e-06 1.601096e-06 9.992123e-07
5.553664e+02 1.014724e-06 1.454456e-06 1.013861e-06 5.758534e-07
5.554039e+02 6.089957e-07 8.736958e-07 6.286009e-07 3.246906e-07
5.554415e+02 3.568574e-07 5.105500e-07 3.809516e-07 1.790707e-07
5.554790e+02 2.039443e-07 2.899665e-07 2.252981e-07 9.656821e-08
5.555166e+02 1.135574e-07 1.599385e-07 1.298332e-07 5.090030e-08
5.555541e+02 6.154429e-08 8.561719e-08 7.280615e-08 2.620953e-08
5.555917e+02 3.243747e-08 4.445522e-08 3.968106e-08 1.317612e-08
5.556292e+02 1.661286e-08 2.237794e-08 2.099812e-08 6.462503e-09
5.556668e+02 8.261710e-09 1.091599e-08 1.077888e-08 3.090257e-09
5.557043e+02 3.986819e-09 5.157908e-09 5.363318e-09 1.439232e-09
5.557419e+02 1.865877e-09 2.360061e-09 2.585137e-09 6.524329e-10
5.557794e+02 8.465379e-10 1.045566e-09 1.206412e-09 2.876363e-10
5.558170e+02 3.720800e-10 4.481621e-10 5.448488e-10 1.232292e-10
5.558546e+02 1.583209e-10 1.859000e-10 2.379210e-10 5.114178e-11
5.558921e+02 6.522646e-11 7.454769e-11 1.005018e-10 2.062990e-11
5.559297e+02 2.590127e-11 2.879419e-11 4.094633e-11 7.963294e-12
5.559672e+02 9.921860e-12 1.073699e-11 1.610023e-11 2.928360e-12
5.560048e+02 3.707202e-12 3.901064e-12 6.149955e-12 1.070586e-12
5.560423e+02 1.336675e-12 1.367662e-12 2.263931e-12 3.784323e-13
5.560799e+02 4.409889e-13 3.914644e-13 7.991156e-13 1.323867e-13
5.561174e+02 1.389227e-13 1.069131e-13 2.703070e-13 3.954810e-14
5.561550e+02 3.055246e-14 6.953462e-15 7.783108e-14 6.872833e-15
5.561925e+02 0.000000e+00 0.000000e+00 0.000000e+00 0.000000e+00
5.562301e+02 0.000000e+00 0.000000e+00 0.000000e+00 0.000000e+00
5.562676e+02 0.000000e+00 0.000000e+00 0.000000e+00 0.000000e+00
5.563052e+02 0.000000e+00 0.000000e+00 0.000000e+00 0.000000e+00
5.563427e+02 0.000000e+00 0.000000e+00 0.000000e+00 0.000000e+00
5.563803e+02 0.000000e+00 0.000000e+00 0.000000e+00 0.000000e+00
5.564178e+02 0.000000e+00 0.000000e+00 0.000000e+00 0.000000e+00
5.564554e+02 0.000000e+00 0.000000e+00 0.000000e+00 0.000000e+00
5.564929e+02 0.000000e+00 0.000000e+00 0.000000e+00 0.000000e+00
5.565305e+02 0.000000e+00 0.000000e+00 0.000000e+00 0.000000e+00
5.565680e+02 0.000000e+00 0.000000e+00 0.000000e+00 0.000000e+00
5.566056e+02 0.000000e+00 0.000000e+00 0.000000e+00 0.000000e+00
5.566431e+02 0.000000e+00 0.000000e+00 0.000000e+00 0.000000e+00
5.566807e+02 0.000000e+00 0.000000e+00 0.000000e+00 0.000000e+00
5.567182e+02 0.000000e+00 0.000000e+00 0.000000e+00 0.000000e+00
5.567558e+02 0.000000e+00 0.000000e+00 0.000000e+00 0.000000e+00
5.567934e+02 0.000000e+00 0.000000e+00 0.000000e+00 0.000000e+00
5.568309e+02 0.000000e+00 0.000000e+00 0.000000e+00 0.000000e+00
5.568685e+02 0.000000e+00 0.000000e+00 0.000000e+00 0.000000e+00
5.569060e+02 0.000000e+00 0.000000e+00 0.000000e+00 0.000000e+00
5.569436e+02 0.000000e+00 0.000000e+00 0.000000e+00 0.000000e+00
5.569811e+02 0.000000e+00 0.000000e+00 0.000000e+00 0.000000e+00
5.570187e+02 0.000000e+00 0.000000e+00 0.000000e+00 0.000000e+00
5.570562e+02 0.000000e+00 0.000000e+00 0.000000e+00 0.000000e+00
5.570938e+02 0.000000e+00 0.000000e+00 0.000000e+00 0.000000e+00
5.571313e+02 0.000000e+00 0.000000e+00 0.000000e+00 0.000000e+00
5.571689e+02 0.000000e+00 0.000000e+00 0.000000e+00 0.000000e+00
5.572064e+02 0.000000e+00 0.000000e+00 0.000000e+00 0.000000e+00
5.572440e+02 0.000000e+00 0.000000e+00 0.000000e+00 0.000000e+00
5.572815e+02 0.000000e+00 0.000000e+00 0.000000e+00 0.000000e+00
5.573191e+02 0.000000e+00 0.000000e+00 0.000000e+00 0.000000e+00
5.573566e+02 0.000000e+00 0.000000e+00 0.000000e+00 0.000000e+00
5.573942e+02 0.000000e+00 0.000000e+00 0.000000e+00 0.000000e+00
5.574317e+02 0.000000e+00 0.000000e+00 0.000000e+00 0.000000e+00
5.574693e+02 0.000000e+00 0.000000e+00 0.000000e+00 0.000000e+00
5.575068e+02 0.000000e+00 0.000000e+00 0.000000e+00 0.000000e+00
5.575444e+02 0.000000e+00 0.000000e+00 0.000000e+00 0.000000e+00
5.575819e+02 0.000000e+00 0.000000e+00 0.000000e+00 0.000000e+00
5.576195e+02 0.000000e+00 0.000000e+00 0.000000e+00 0.000000e+00
5.576570e+02 0.000000e+00 0.000000e+00 0.000000e+00 0.000000e+00
5.576946e+02 0.000000e+00 0.000000e+00 0.000000e+00 0.000000e+00
5.577322e+02 0.000000e+00 0.000000e+00 0.000000e+00 0.000000e+00
5.577697e+02 0.000000e+00 0.000000e+00 0.000000e+00 0.000000e+00
5.578073e+02 0.000000e+00 0.000000e+00 0.000000e+00 0.000000e+00
5.578448e+02 0.000000e+00 0.000000e+00 0.000000e+00 0.000000e+00
5.578824e+02 0.000000e+00 0.000000e+00 0.000000e+00 0.000000e+00
5.579199e+02 0.000000e+00 0.000000e+00 0.000000e+00 0.000000e+00
5.579575e+02 0.000000e+00 0.000000e+00 0.000000e+00 0.000000e+00
5.579950e+02 0.000000e+00 0.000000e+00 0.000000e+00 0.000000e+00
5.580326e+02 0.000000e+00 0.000000e+00 0.000000e+00 0.000000e+00
5.580701e+02 0.000000e+00 0.000000e+00 0.000000e+00 0.000000e+00
5.581077e+02 0.000000e+00 0.000000e+00 0.000000e+00 0.000000e+00
5.581452e+02 0.000000e+00 0.000000e+00 0.000000e+00 0.000000e+00
5.581828e+02 0.000000e+00 0.000000e+00 0.000000e+00 0.000000e+00
5.582203e+02 0.000000e+00 0.000000e+00 0.000000e+00 0.000000e+00
5.582579e+02 0.000000e+00 0.000000e+00 0.000000e+00 0.000000e+00
5.582954e+02 0.000000e+00 0.000000e+00 0.000000e+00 0.000000e+00
5.583330e+02 0.000000e+00 0.000000e+00 0.000000e+00 0.000000e+00
5.583705e+02 0.000000e+00 0.000000e+00 0.000000e+00 0.000000e+00
5.584081e+02 0.000000e+00 0.000000e+00 0.000000e+00 0.000000e+00
5.584456e+02 0.000000e+00 0.000000e+00 0.000000e+00 0.000000e+00
5.584832e+02 0.000000e+00 0.000000e+00 0.000000e+00 0.000000e+00
5.585207e+02 0.000000e+00 0.000000e+00 0.000000e+00 0.000000e+00
5.585583e+02 0.000000e+00 0.000000e+00 0.000000e+00 0.000000e+00
5.585958e+02 0.000000e+00 0.000000e+00 0.000000e+00 0.000000e+00
5.586334e+02 0.000000e+00 0.000000e+00 0.000000e+00 0.000000e+00
5.586710e+02 0.000000e+00 0.000000e+00 0.000000e+00 0.000000e+00
5.587085e+02 0.000000e+00 0.000000e+00 0.000000e+00 0.000000e+00
5.587461e+02 0.000000e+00 0.000000e+00 0.000000e+00 0.000000e+00
5.587836e+02 0.000000e+00 0.000000e+00 0.000000e+00 0.000000e+00
5.588212e+02 0.000000e+00 0.000000e+00 0.000000e+00 0.000000e+00
5.588587e+02 0.000000e+00 0.000000e+00 0.000000e+00 0.000000e+00
5.588963e+02 0.000000e+00 0.000000e+00 0.000000e+00 0.000000e+00
5.589338e+02 0.000000e+00 0.000000e+00 0.000000e+00 0.000000e+00
5.589714e+02 0.000000e+00 0.000000e+00 0.000000e+00 0.000000e+00
5.590089e+02 0.000000e+00 0.000000e+00 0.000000e+00 0.000000e+00
5.590465e+02 0.000000e+00 0.000000e+00 0.000000e+00 0.000000e+00
5.590840e+02 0.000000e+00 0.000000e+00 0.000000e+00 0.000000e+00
5.591216e+02 0.000000e+00 0.000000e+00 0.000000e+00 0.000000e+00
5.591591e+02 0.000000e+00 0.000000e+00 0.000000e+00 0.000000e+00
5.591967e+02 0.000000e+00 0.000000e+00 0.000000e+00 0.000000e+00
5.592342e+02 0.000000e+00 0.000000e+00 0.000000e+00 0.000000e+00
5.592718e+02 0.000000e+00 0.000000e+00 0.000000e+00 0.000000e+00
5.593093e+02 0.000000e+00 0.000000e+00 0.000000e+00 0.000000e+00
5.593469e+02 0.000000e+00 0.000000e+00 0.000000e+00 0.000000e+00
5.593844e+02 0.000000e+00 0.000000e+00 0.000000e+00 0.000000e+00
5.594220e+02 0.000000e+00 0.000000e+00 0.000000e+00 0.000000e+00
5.594595e+02 0.000000e+00 0.000000e+00 0.000000e+00 0.000000e+00
5.594971e+02 0.000000e+00 0.000000e+00 0.000000e+00 0.000000e+00
5.595346e+02 0.000000e+00 0.000000e+00 0.000000e+00 0.000000e+00
5.595722e+02 0.000000e+00 0.000000e+00 0.000000e+00 0.000000e+00
5.596098e+02 0.000000e+00 0.000000e+00 0.000000e+00 0.000000e+00
5.596473e+02 0.000000e+00 0.000000e+00 0.000000e+00 0.000000e+00
5.596849e+02 0.000000e+00 0.000000e+00 0.000000e+00 0.000000e+00
5.597224e+02 0.000000e+00 0.000000e+00 0.000000e+00 0.000000e+00
5.597600e+02 0.000000e+00 0.000000e+00 0.000000e+00 0.000000e+00
5.597975e+02 0.000000e+00 0.000000e+00 0.000000e+00 0.000000e+00
5.598351e+02 0.000000e+00 0.000000e+00 0.000000e+00 0.000000e+00
5.598726e+02 0.000000e+00 0.000000e+00 0.000000e+00 0.000000e+00
5.599102e+02 0.000000e+00 0.000000e+00 0.000000e+00 0.000000e+00
5.599477e+02 0.000000e+00 0.000000e+00 0.000000e+00 0.000000e+00
5.599853e+02 0.000000e+00 0.000000e+00 0.000000e+00 0.000000e+00
5.600228e+02 0.000000e+00 0.000000e+00 0.000000e+00 0.000000e+00
5.600604e+02 0.000000e+00 0.000000e+00 0.000000e+00 0.000000e+00
5.600979e+02 0.000000e+00 0.000000e+00 0.000000e+00 0.000000e+00
5.601355e+02 0.000000e+00 0.000000e+00 0.000000e+00 0.000000e+00
5.601730e+02 0.000000e+00 0.000000e+00 0.000000e+00 0.000000e+00
5.602106e+02 0.000000e+00 0.000000e+00 0.000000e+00 0.000000e+00
5.602481e+02 0.000000e+00 0.000000e+00 0.000000e+00 0.000000e+00
5.602857e+02 0.000000e+00 0.000000e+00 0.000000e+00 0.000000e+00
5.603232e+02 0.000000e+00 0.000000e+00 0.000000e+00 0.000000e+00
5.603608e+02 0.000000e+00 0.000000e+00 0.000000e+00 0.000000e+00
5.603983e+02 0.000000e+00 0.000000e+00 0.000000e+00 0.000000e+00
5.604359e+02 0.000000e+00 0.000000e+00 0.000000e+00 0.000000e+00
5.604734e+02 0.000000e+00 0.000000e+00 0.000000e+00 0.000000e+00
5.605110e+02 0.000000e+00 0.000000e+00 0.000000e+00 0.000000e+00
5.605486e+02 0.000000e+00 0.000000e+00 0.000000e+00 0.000000e+00
5.605861e+02 0.000000e+00 0.000000e+00 0.000000e+00 0.000000e+00
5.606237e+02 0.000000e+00 0.000000e+00 0.000000e+00 0.000000e+00
5.606612e+02 0.000000e+00 0.000000e+00 0.000000e+00 0.000000e+00
5.606988e+02 0.000000e+00 0.000000e+00 0.000000e+00 0.000000e+00
5.607363e+02 0.000000e+00 0.000000e+00 0.000000e+00 0.000000e+00
5.607739e+02 0.000000e+00 0.000000e+00 0.000000e+00 0.000000e+00
5.608114e+02 0.000000e+00 0.000000e+00 0.000000e+00 0.000000e+00
5.608490e+02 0.000000e+00 0.000000e+00 0.000000e+00 0.000000e+00
5.608865e+02 0.000000e+00 0.000000e+00 0.000000e+00 0.000000e+00
5.609241e+02 0.000000e+00 0.000000e+00 0.000000e+00 0.000000e+00
5.609616e+02 0.000000e+00 0.000000e+00 0.000000e+00 0.000000e+00
5.609992e+02 0.000000e+00 0.000000e+00 0.000000e+00 0.000000e+00
5.610367e+02 0.000000e+00 0.000000e+00 0.000000e+00 0.000000e+00
5.610743e+02 0.000000e+00 0.000000e+00 0.000000e+00 0.000000e+00
5.611118e+02 0.000000e+00 0.000000e+00 0.000000e+00 0.000000e+00
5.611494e+02 0.000000e+00 0.000000e+00 0.000000e+00 0.000000e+00
5.611869e+02 0.000000e+00 0.000000e+00 0.000000e+00 0.000000e+00
5.612245e+02 0.000000e+00 0.000000e+00 0.000000e+00 0.000000e+00
5.612620e+02 0.000000e+00 0.000000e+00 0.000000e+00 0.000000e+00
5.612996e+02 0.000000e+00 0.000000e+00 0.000000e+00 0.000000e+00
5.613371e+02 0.000000e+00 0.000000e+00 0.000000e+00 0.000000e+00
5.613747e+02 0.000000e+00 0.000000e+00 0.000000e+00 0.000000e+00
5.614122e+02 0.000000e+00 0.000000e+00 0.000000e+00 0.000000e+00
5.614498e+02 0.000000e+00 0.000000e+00 0.000000e+00 0.000000e+00
5.614874e+02 0.000000e+00 0.000000e+00 0.000000e+00 0.000000e+00
5.615249e+02 0.000000e+00 0.000000e+00 0.000000e+00 0.000000e+00
5.615625e+02 0.000000e+00 0.000000e+00 0.000000e+00 0.000000e+00
5.616000e+02 0.000000e+00 0.000000e+00 0.000000e+00 0.000000e+00
5.616376e+02 0.000000e+00 0.000000e+00 0.000000e+00 0.000000e+00
5.616751e+02 0.000000e+00 0.000000e+00 0.000000e+00 0.000000e+00
5.617127e+02 0.000000e+00 0.000000e+00 0.000000e+00 0.000000e+00
5.617502e+02 0.000000e+00 0.000000e+00 0.000000e+00 0.000000e+00
5.617878e+02 0.000000e+00 0.000000e+00 0.000000e+00 0.000000e+00
5.618253e+02 0.000000e+00 0.000000e+00 0.000000e+00 0.000000e+00
5.618629e+02 0.000000e+00 0.000000e+00 0.000000e+00 0.000000e+00
5.619004e+02 0.000000e+00 0.000000e+00 0.000000e+00 0.000000e+00
5.619380e+02 0.000000e+00 0.000000e+00 0.000000e+00 0.000000e+00
5.619755e+02 0.000000e+00 0.000000e+00 0.000000e+00 0.000000e+00
5.620131e+02 0.000000e+00 0.000000e+00 0.000000e+00 0.000000e+00
5.620506e+02 0.000000e+00 0.000000e+00 0.000000e+00 0.000000e+00
5.620882e+02 0.000000e+00 0.000000e+00 0.000000e+00 0.000000e+00
5.621257e+02 0.000000e+00 0.000000e+00 0.000000e+00 0.000000e+00
5.621633e+02 0.000000e+00 0.000000e+00 0.000000e+00 0.000000e+00
5.622008e+02 0.000000e+00 0.000000e+00 0.000000e+00 0.000000e+00
5.622384e+02 0.000000e+00 0.000000e+00 0.000000e+00 0.000000e+00
5.622759e+02 0.000000e+00 0.000000e+00 0.000000e+00 0.000000e+00
5.623135e+02 0.000000e+00 0.000000e+00 0.000000e+00 0.000000e+00
5.623510e+02 0.000000e+00 0.000000e+00 0.000000e+00 0.000000e+00
5.623886e+02 0.000000e+00 0.000000e+00 0.000000e+00 0.000000e+00
5.624262e+02 0.000000e+00 0.000000e+00 0.000000e+00 0.000000e+00
5.624637e+02 0.000000e+00 0.000000e+00 0.000000e+00 0.000000e+00
5.625013e+02 0.000000e+00 0.000000e+00 0.000000e+00 0.000000e+00
5.625388e+02 0.000000e+00 0.000000e+00 0.000000e+00 0.000000e+00
5.625764e+02 0.000000e+00 0.000000e+00 0.000000e+00 0.000000e+00
5.626139e+02 0.000000e+00 0.000000e+00 0.000000e+00 0.000000e+00
5.626515e+02 0.000000e+00 0.000000e+00 0.000000e+00 0.000000e+00
5.626890e+02 0.000000e+00 0.000000e+00 0.000000e+00 0.000000e+00
5.627266e+02 0.000000e+00 0.000000e+00 0.000000e+00 0.000000e+00
5.627641e+02 0.000000e+00 0.000000e+00 0.000000e+00 0.000000e+00
5.628017e+02 0.000000e+00 0.000000e+00 0.000000e+00 0.000000e+00
5.628392e+02 0.000000e+00 0.000000e+00 0.000000e+00 0.000000e+00
5.628768e+02 0.000000e+00 0.000000e+00 0.000000e+00 0.000000e+00
5.629143e+02 0.000000e+00 0.000000e+00 0.000000e+00 0.000000e+00
5.629519e+02 0.000000e+00 0.000000e+00 0.000000e+00 0.000000e+00
5.629894e+02 0.000000e+00 0.000000e+00 0.000000e+00 0.000000e+00
5.630270e+02 0.000000e+00 0.000000e+00 0.000000e+00 0.000000e+00
5.630645e+02 0.000000e+00 0.000000e+00 0.000000e+00 0.000000e+00
5.631021e+02 0.000000e+00 0.000000e+00 0.000000e+00 0.000000e+00
5.631396e+02 0.000000e+00 0.000000e+00 0.000000e+00 0.000000e+00
5.631772e+02 0.000000e+00 0.000000e+00 0.000000e+00 0.000000e+00
5.632147e+02 0.000000e+00 0.000000e+00 0.000000e+00 0.000000e+00
5.632523e+02 0.000000e+00 0.000000e+00 0.000000e+00 0.000000e+00
5.632898e+02 0.000000e+00 0.000000e+00 0.000000e+00 0.000000e+00
5.633274e+02 0.000000e+00 0.000000e+00 0.000000e+00 0.000000e+00
5.633650e+02 0.000000e+00 0.000000e+00 0.000000e+00 0.000000e+00
5.634025e+02 0.000000e+00 0.000000e+00 0.000000e+00 0.000000e+00
5.634401e+02 0.000000e+00 0.000000e+00 0.000000e+00 0.000000e+00
5.634776e+02 0.000000e+00 0.000000e+00 0.000000e+00 0.000000e+00
5.635152e+02 0.000000e+00 0.000000e+00 0.000000e+00 0.000000e+00
5.635527e+02 0.000000e+00 0.000000e+00 0.000000e+00 0.000000e+00
5.635903e+02 0.000000e+00 0.000000e+00 0.000000e+00 0.000000e+00
5.636278e+02 0.000000e+00 0.000000e+00 0.000000e+00 0.000000e+00
5.636654e+02 0.000000e+00 0.000000e+00 0.000000e+00 0.000000e+00
5.637029e+02 0.000000e+00 0.000000e+00 0.000000e+00 0.000000e+00
5.637405e+02 0.000000e+00 0.000000e+00 0.000000e+00 0.000000e+00
5.637780e+02 0.000000e+00 0.000000e+00 0.000000e+00 0.000000e+00
5.638156e+02 0.000000e+00 0.000000e+00 0.000000e+00 0.000000e+00
5.638531e+02 0.000000e+00 0.000000e+00 0.000000e+00 0.000000e+00
5.638907e+02 0.000000e+00 0.000000e+00 0.000000e+00 0.000000e+00
5.639282e+02 0.000000e+00 0.000000e+00 0.000000e+00 0.000000e+00
5.639658e+02 0.000000e+00 0.000000e+00 0.000000e+00 0.000000e+00
5.640033e+02 0.000000e+00 0.000000e+00 0.000000e+00 0.000000e+00
5.640409e+02 0.000000e+00 0.000000e+00 0.000000e+00 0.000000e+00
5.640784e+02 0.000000e+00 0.000000e+00 0.000000e+00 0.000000e+00
5.641160e+02 0.000000e+00 0.000000e+00 0.000000e+00 0.000000e+00
5.641535e+02 0.000000e+00 0.000000e+00 0.000000e+00 0.000000e+00
5.641911e+02 0.000000e+00 0.000000e+00 0.000000e+00 0.000000e+00
5.642286e+02 0.000000e+00 0.000000e+00 0.000000e+00 0.000000e+00
5.642662e+02 0.000000e+00 0.000000e+00 0.000000e+00 0.000000e+00
5.643038e+02 0.000000e+00 0.000000e+00 0.000000e+00 0.000000e+00
5.643413e+02 0.000000e+00 0.000000e+00 0.000000e+00 0.000000e+00
5.643789e+02 0.000000e+00 0.000000e+00 0.000000e+00 0.000000e+00
5.644164e+02 0.000000e+00 0.000000e+00 0.000000e+00 0.000000e+00
5.644540e+02 0.000000e+00 0.000000e+00 0.000000e+00 0.000000e+00
5.644915e+02 0.000000e+00 0.000000e+00 0.000000e+00 0.000000e+00
5.645291e+02 0.000000e+00 0.000000e+00 0.000000e+00 0.000000e+00
5.645666e+02 0.000000e+00 0.000000e+00 0.000000e+00 0.000000e+00
5.646042e+02 0.000000e+00 0.000000e+00 0.000000e+00 0.000000e+00
