-1.128018e+00 0.000000e+00 0.000000e+00 0.000000e+00 0.000000e+00
-1.082644e+00 0.000000e+00 0.000000e+00 0.000000e+00 0.000000e+00
-1.037270e+00 0.000000e+00 0.000000e+00 0.000000e+00 0.000000e+00
-9.918966e-01 0.000000e+00 0.000000e+00 0.000000e+00 0.000000e+00
-9.465226e-01 0.000000e+00 0.000000e+00 0.000000e+00 0.000000e+00
-9.011487e-01 0.000000e+00 0.000000e+00 0.000000e+00 0.000000e+00
-8.557748e-01 0.000000e+00 0.000000e+00 0.000000e+00 0.000000e+00
-8.104009e-01 0.000000e+00 0.000000e+00 0.000000e+00 0.000000e+00
-7.650270e-01 0.000000e+00 0.000000e+00 0.000000e+00 0.000000e+00
-7.196530e-01 0.000000e+00 0.000000e+00 0.000000e+00 0.000000e+00
-6.742791e-01 0.000000e+00 0.000000e+00 0.000000e+00 0.000000e+00
-6.289052e-01 0.000000e+00 0.000000e+00 0.000000e+00 0.000000e+00
-5.835313e-01 0.000000e+00 0.000000e+00 0.000000e+00 0.000000e+00
-5.381574e-01 0.000000e+00 0.000000e+00 0.000000e+00 0.000000e+00
-4.927834e-01 0.000000e+00 0.000000e+00 0.000000e+00 0.000000e+00
-4.474095e-01 0.000000e+00 0.000000e+00 0.000000e+00 0.000000e+00
-4.020356e-01 0.000000e+00 0.000000e+00 0.000000e+00 0.000000e+00
-3.566617e-01 0.000000e+00 0.000000e+00 0.000000e+00 0.000000e+00
-3.112878e-01 0.000000e+00 0.000000e+00 0.000000e+00 0.000000e+00
-2.659138e-01 0.000000e+00 0.000000e+00 0.000000e+00 0.000000e+00
-2.205399e-01 0.000000e+00 0.000000e+00 0.000000e+00 0.000000e+00
-1.751660e-01 0.000000e+00 0.000000e+00 0.000000e+00 0.000000e+00
-1.297921e-01 0.000000e+00 0.000000e+00 0.000000e+00 0.000000e+00
-8.441816e-02 0.000000e+00 0.000000e+00 0.000000e+00 0.000000e+00
-3.904424e-02 0.000000e+00 0.000000e+00 0.000000e+00 0.000000e+00
6.329680e-03 0.000000e+00 0.000000e+00 0.000000e+00 0.000000e+00
5.170360e-02 0.000000e+00 0.000000e+00 0.000000e+00 0.000000e+00
9.707752e-02 0.000000e+00 0.000000e+00 0.000000e+00 0.000000e+00
1.424514e-01 0.000000e+00 0.000000e+00 0.000000e+00 0.000000e+00
1.878254e-01 0.000000e+00 0.000000e+00 0.000000e+00 0.000000e+00
2.331993e-01 0.000000e+00 0.000000e+00 0.000000e+00 0.000000e+00
2.785732e-01 8.420163e-15 1.994240e-14 1.490513e-16 5.169036e-15
3.239471e-01 1.326699e-14 3.142168e-14 2.348485e-16 8.144446e-15
3.693210e-01 4.247551e-14 9.589681e-14 7.199101e-16 3.080980e-14
4.146950e-01 1.357305e-13 3.006623e-13 2.139777e-14 8.513145e-14
4.600689e-01 2.126946e-13 4.710294e-13 3.371260e-14 1.333418e-13
5.054428e-01 5.148447e-13 1.112070e-12 9.749952e-14 3.349643e-13
5.508167e-01 8.021389e-13 1.731894e-12 1.526029e-13 5.219200e-13
5.961906e-01 1.279787e-12 2.762576e-12 2.378975e-13 8.388876e-13
6.415646e-01 1.972741e-12 4.256685e-12 3.681477e-13 1.293391e-12
6.869385e-01 3.406307e-12 7.331225e-12 6.592835e-13 2.228411e-12
7.323124e-01 5.521191e-12 1.186275e-11 1.098780e-12 3.602043e-12
7.776863e-01 8.590995e-12 1.845492e-11 1.720288e-12 5.597778e-12
8.230602e-01 1.321590e-11 2.836326e-11 2.673400e-12 8.611035e-12
8.684342e-01 2.029609e-11 4.353629e-11 4.121871e-12 1.323010e-11
9.138081e-01 3.097539e-11 6.647245e-11 6.248026e-12 2.020571e-11
9.591820e-01 4.677508e-11 1.003545e-10 9.424489e-12 3.054624e-11
1.004556e+00 6.990409e-11 1.499548e-10 1.408520e-11 4.567231e-11
1.049930e+00 1.037005e-10 2.223887e-10 2.092639e-11 6.778654e-11
1.095304e+00 1.527989e-10 3.275798e-10 3.092054e-11 9.989629e-11
1.140678e+00 2.239553e-10 4.799852e-10 4.544078e-11 1.464399e-10
1.186052e+00 3.265182e-10 6.995970e-10 6.641902e-11 2.135387e-10
1.231426e+00 4.736112e-10 1.014350e-09 9.655922e-11 3.099250e-10
1.276799e+00 6.832701e-10 1.462973e-09 1.396184e-10 4.472192e-10
1.322173e+00 9.806885e-10 2.098990e-09 2.007941e-10 6.422814e-10
1.367547e+00 1.400350e-09 2.995795e-09 2.872230e-10 9.180309e-10
1.412921e+00 1.988727e-09 4.253315e-09 4.086359e-10 1.304230e-09
1.458295e+00 2.809651e-09 6.007364e-09 5.783339e-10 1.843256e-09
1.503669e+00 3.949233e-09 8.441211e-09 8.148907e-10 2.591597e-09
1.549043e+00 5.522516e-09 1.179956e-08 1.142497e-09 3.625486e-09
1.594417e+00 7.681839e-09 1.640777e-08 1.591757e-09 5.045995e-09
1.639791e+00 1.063025e-08 2.269823e-08 2.205954e-09 6.986576e-09
1.685165e+00 1.463285e-08 3.123555e-08 3.040483e-09 9.622524e-09
1.730539e+00 2.003866e-08 4.276215e-08 4.169340e-09 1.318450e-08
1.775913e+00 2.729936e-08 5.823955e-08 5.686174e-09 1.797236e-08
1.821286e+00 3.699925e-08 7.890940e-08 7.714501e-09 2.437386e-08
1.866660e+00 4.988757e-08 1.063647e-07 1.041135e-08 3.288671e-08
1.912034e+00 6.692035e-08 1.426354e-07 1.397789e-08 4.414779e-08
1.957408e+00 8.930787e-08 1.902919e-07 1.866833e-08 5.896335e-08
2.002782e+00 1.185734e-07 2.525673e-07 2.480211e-08 7.835091e-08
2.048156e+00 1.566249e-07 3.335061e-07 3.278112e-08 1.035874e-07
2.093530e+00 2.058331e-07 4.381309e-07 4.310539e-08 1.362630e-07
2.138904e+00 2.691241e-07 5.726361e-07 5.639137e-08 1.783448e-07
2.184278e+00 3.500872e-07 7.446147e-07 7.339587e-08 2.322510e-07
2.229652e+00 4.530972e-07 9.633070e-07 9.504291e-08 3.009418e-07
2.275026e+00 5.834481e-07 1.239886e-06 1.224550e-07 3.880034e-07
2.320400e+00 7.475064e-07 1.587764e-06 1.569865e-07 4.977686e-07
2.365774e+00 9.528713e-07 2.022929e-06 2.002576e-07 6.354275e-07
2.411147e+00 1.208554e-06 2.564300e-06 2.542003e-07 8.071622e-07
2.456521e+00 1.525163e-06 3.234107e-06 3.211042e-07 1.020277e-06
2.501895e+00 1.915100e-06 4.058270e-06 4.036678e-07 1.283362e-06
2.547269e+00 2.392754e-06 5.066778e-06 5.050486e-07 1.606436e-06
2.592643e+00 2.974702e-06 6.294071e-06 6.289290e-07 2.001107e-06
2.638017e+00 3.679897e-06 7.779368e-06 7.795749e-07 2.480747e-06
2.683391e+00 4.529841e-06 9.566975e-06 9.619135e-07 3.060634e-06
2.728765e+00 5.548746e-06 1.170652e-05 1.181604e-06 3.758119e-06
2.774139e+00 6.763658e-06 1.425309e-05 1.445123e-06 4.592764e-06
2.819513e+00 8.204543e-06 1.726730e-05 1.759858e-06 5.586467e-06
2.864887e+00 9.904337e-06 2.081523e-05 2.134207e-06 6.763577e-06
2.910261e+00 1.189893e-05 2.496813e-05 2.577694e-06 8.150973e-06
2.955634e+00 1.422711e-05 2.980211e-05 3.101090e-06 9.778121e-06
3.001008e+00 1.693041e-05 3.539757e-05 3.716574e-06 1.167710e-05
3.046382e+00 2.005296e-05 4.183840e-05 4.437891e-06 1.388259e-05
3.091756e+00 2.364115e-05 4.921107e-05 5.280552e-06 1.643184e-05
3.137130e+00 2.774339e-05 5.760352e-05 6.262056e-06 1.936459e-05
3.182504e+00 3.240965e-05 6.710383e-05 7.402159e-06 2.272295e-05
3.227878e+00 3.769109e-05 7.779880e-05 8.723178e-06 2.655130e-05
3.273252e+00 4.363960e-05 8.977234e-05 1.025033e-05 3.089614e-05
3.318626e+00 5.030732e-05 1.031039e-04 1.201216e-05 3.580592e-05
3.364000e+00 5.774621e-05 1.178667e-04 1.404095e-05 4.133093e-05
3.409374e+00 6.600763e-05 1.341264e-04 1.637328e-05 4.752319e-05
3.454748e+00 7.514203e-05 1.519392e-04 1.905057e-05 5.443633e-05
3.500122e+00 8.519871e-05 1.713508e-04 2.211969e-05 6.212559e-05
3.545495e+00 9.622567e-05 1.923955e-04 2.563361e-05 7.064789e-05
3.590869e+00 1.082697e-04 2.150952e-04 2.965214e-05 8.006192e-05
3.636243e+00 1.213767e-04 2.394591e-04 3.424264e-05 9.042844e-05
3.681617e+00 1.355919e-04 2.654845e-04 3.948070e-05 1.018106e-04
3.726991e+00 1.509606e-04 2.931566e-04 4.545095e-05 1.142743e-04
3.772365e+00 1.675292e-04 3.224507e-04 5.224768e-05 1.278892e-04
3.817739e+00 1.853460e-04 3.533334e-04 5.997547e-05 1.427290e-04
3.863113e+00 2.044624e-04 3.857649e-04 6.874979e-05 1.588726e-04
3.908487e+00 2.249349e-04 4.197025e-04 7.869739e-05 1.764048e-04
3.953861e+00 2.468258e-04 4.551031e-04 8.995659e-05 1.954177e-04
3.999235e+00 2.702056e-04 4.919274e-04 1.026775e-04 2.160119e-04
4.044609e+00 2.951542e-04 5.301436e-04 1.170218e-04 2.382972e-04
4.089982e+00 3.217628e-04 5.697311e-04 1.331629e-04 2.623944e-04
4.135356e+00 3.501352e-04 6.106847e-04 1.512851e-04 2.884359e-04
4.180730e+00 3.803897e-04 6.530184e-04 1.715831e-04 3.165674e-04
4.226104e+00 4.126596e-04 6.967686e-04 1.942615e-04 3.469487e-04
4.271478e+00 4.470950e-04 7.419972e-04 2.195334e-04 3.797545e-04
4.316852e+00 4.838629e-04 7.887939e-04 2.476196e-04 4.151751e-04
4.362226e+00 5.231477e-04 8.372783e-04 2.787475e-04 4.534172e-04
4.407600e+00 5.651513e-04 8.876005e-04 3.131495e-04 4.947039e-04
4.452974e+00 6.100928e-04 9.399416e-04 3.510619e-04 5.392749e-04
4.498348e+00 6.582075e-04 9.945130e-04 3.927237e-04 5.873859e-04
4.543722e+00 7.097465e-04 1.051556e-03 4.383755e-04 6.393084e-04
4.589096e+00 7.649746e-04 1.111337e-03 4.882581e-04 6.953284e-04
4.634470e+00 8.241693e-04 1.174151e-03 5.426117e-04 7.557454e-04
4.679843e+00 8.876187e-04 1.240311e-03 6.016750e-04 8.208705e-04
4.725217e+00 9.556196e-04 1.310150e-03 6.656847e-04 8.910243e-04
4.770591e+00 1.028475e-03 1.384016e-03 7.348747e-04 9.665348e-04
4.815965e+00 1.106492e-03 1.462267e-03 8.094754e-04 1.047734e-03
4.861339e+00 1.189979e-03 1.545269e-03 8.897139e-04 1.134955e-03
4.906713e+00 1.279244e-03 1.633390e-03 9.758128e-04 1.228529e-03
4.952087e+00 1.374590e-03 1.727000e-03 1.067990e-03 1.328779e-03
4.997461e+00 1.476313e-03 1.826463e-03 1.166458e-03 1.436017e-03
5.042835e+00 1.584698e-03 1.932134e-03 1.271422e-03 1.550540e-03
5.088209e+00 1.700020e-03 2.044361e-03 1.383080e-03 1.672619e-03
5.133583e+00 1.822532e-03 2.163474e-03 1.501619e-03 1.802502e-03
5.178957e+00 1.952467e-03 2.289786e-03 1.627216e-03 1.940399e-03
5.224330e+00 2.090034e-03 2.423588e-03 1.760032e-03 2.086482e-03
5.269704e+00 2.235408e-03 2.565144e-03 1.900208e-03 2.240872e-03
5.315078e+00 2.388731e-03 2.714689e-03 2.047865e-03 2.403639e-03
5.360452e+00 2.550101e-03 2.872418e-03 2.203097e-03 2.574788e-03
5.405826e+00 2.719570e-03 3.038486e-03 2.365966e-03 2.754258e-03
5.451200e+00 2.897135e-03 3.212999e-03 2.536497e-03 2.941910e-03
5.496574e+00 3.082734e-03 3.396004e-03 2.714672e-03 3.137526e-03
5.541948e+00 3.276237e-03 3.587485e-03 2.900427e-03 3.340799e-03
5.587322e+00 3.477442e-03 3.787352e-03 3.093642e-03 3.551331e-03
5.632696e+00 3.686065e-03 3.995430e-03 3.294138e-03 3.768629e-03
5.678070e+00 3.901742e-03 4.211454e-03 3.501671e-03 3.992099e-03
5.723444e+00 4.124013e-03 4.435057e-03 3.715928e-03 4.221053e-03
5.768818e+00 4.352328e-03 4.665761e-03 3.936521e-03 4.454703e-03
5.814191e+00 4.586039e-03 4.902969e-03 4.162983e-03 4.692164e-03
5.859565e+00 4.824396e-03 5.145959e-03 4.394766e-03 4.932463e-03
5.904939e+00 5.066554e-03 5.393879e-03 4.631240e-03 5.174543e-03
5.950313e+00 5.311567e-03 5.645743e-03 4.871690e-03 5.417269e-03
5.995687e+00 5.558396e-03 5.900429e-03 5.115316e-03 5.659444e-03
6.041061e+00 5.805913e-03 6.156686e-03 5.361235e-03 5.899817e-03
6.086435e+00 6.052905e-03 6.413132e-03 5.608485e-03 6.137098e-03
6.131809e+00 6.298092e-03 6.668271e-03 5.856027e-03 6.369978e-03
6.177183e+00 6.540129e-03 6.920499e-03 6.102749e-03 6.597139e-03
6.222557e+00 6.777627e-03 7.168123e-03 6.347479e-03 6.817278e-03
6.267931e+00 7.009162e-03 7.409381e-03 6.588987e-03 7.029119e-03
6.313305e+00 7.233301e-03 7.642464e-03 6.826000e-03 7.231441e-03
6.358678e+00 7.448613e-03 7.865543e-03 7.057211e-03 7.423084e-03
6.404052e+00 7.653692e-03 8.076799e-03 7.281298e-03 7.602979e-03
6.449426e+00 7.847180e-03 8.274451e-03 7.496935e-03 7.770155e-03
6.494800e+00 8.027786e-03 8.456791e-03 7.702810e-03 7.923758e-03
6.540174e+00 8.194307e-03 8.622214e-03 7.897645e-03 8.063061e-03
6.585548e+00 8.345651e-03 8.769254e-03 8.080218e-03 8.187480e-03
6.630922e+00 8.480855e-03 8.896611e-03 8.249378e-03 8.296576e-03
6.676296e+00 8.599105e-03 9.003181e-03 8.404071e-03 8.390062e-03
6.721670e+00 8.699749e-03 9.088082e-03 8.543356e-03 8.467808e-03
6.767044e+00 8.782312e-03 9.150673e-03 8.666428e-03 8.529835e-03
6.812418e+00 8.846507e-03 9.190568e-03 8.772637e-03 8.576315e-03
6.857792e+00 8.892239e-03 9.207652e-03 8.861500e-03 8.607564e-03
6.903166e+00 8.919608e-03 9.202076e-03 8.932716e-03 8.624032e-03
6.948539e+00 8.928910e-03 9.174263e-03 8.986179e-03 8.626288e-03
6.993913e+00 8.920628e-03 9.124891e-03 9.021978e-03 8.615014e-03
7.039287e+00 8.895423e-03 9.054884e-03 9.040403e-03 8.590980e-03
7.084661e+00 8.854120e-03 8.965387e-03 9.041942e-03 8.555032e-03
7.130035e+00 8.797694e-03 8.857738e-03 9.027268e-03 8.508075e-03
7.175409e+00 8.727241e-03 8.733440e-03 8.997233e-03 8.451049e-03
7.220783e+00 8.643964e-03 8.594127e-03 8.952846e-03 8.384918e-03
7.266157e+00 8.549140e-03 8.441522e-03 8.895250e-03 8.310647e-03
7.311531e+00 8.444099e-03 8.277405e-03 8.825705e-03 8.229186e-03
7.356905e+00 8.330193e-03 8.103573e-03 8.745550e-03 8.141456e-03
7.402279e+00 8.208773e-03 7.921804e-03 8.656181e-03 8.048334e-03
7.447653e+00 8.081160e-03 7.733822e-03 8.559016e-03 7.950644e-03
7.493026e+00 7.948625e-03 7.541268e-03 8.455465e-03 7.849142e-03
7.538400e+00 7.812365e-03 7.345676e-03 8.346901e-03 7.744518e-03
7.583774e+00 7.673489e-03 7.148450e-03 8.234633e-03 7.637384e-03
7.629148e+00 7.533000e-03 6.950848e-03 8.119879e-03 7.528274e-03
7.674522e+00 7.391790e-03 6.753974e-03 8.003747e-03 7.417648e-03
7.719896e+00 7.250628e-03 6.558775e-03 7.887216e-03 7.305893e-03
7.765270e+00 7.110165e-03 6.366041e-03 7.771126e-03 7.193327e-03
7.810644e+00 6.970930e-03 6.176411e-03 7.656171e-03 7.080208e-03
7.856018e+00 6.833341e-03 5.990386e-03 7.542896e-03 6.966740e-03
7.901392e+00 6.697708e-03 5.808339e-03 7.431697e-03 6.853088e-03
7.946766e+00 6.564250e-03 5.630540e-03 7.322833e-03 6.739378e-03
7.992140e+00 6.433106e-03 5.457166e-03 7.216434e-03 6.625717e-03
8.037514e+00 6.304347e-03 5.288327e-03 7.112515e-03 6.512199e-03
8.082887e+00 6.177997e-03 5.124085e-03 7.010993e-03 6.398912e-03
8.128261e+00 6.054042e-03 4.964470e-03 6.911704e-03 6.285952e-03
8.173635e+00 5.932450e-03 4.809501e-03 6.814425e-03 6.173425e-03
8.219009e+00 5.813180e-03 4.659200e-03 6.718887e-03 6.061453e-03
8.264383e+00 5.696195e-03 4.513603e-03 6.624802e-03 5.950182e-03
8.309757e+00 5.581473e-03 4.372773e-03 6.531869e-03 5.839778e-03
8.355131e+00 5.469011e-03 4.236804e-03 6.439799e-03 5.730432e-03
8.400505e+00 5.358833e-03 4.105824e-03 6.348319e-03 5.622355e-03
8.445879e+00 5.250988e-03 3.979996e-03 6.257191e-03 5.515776e-03
8.491253e+00 5.145554e-03 3.859517e-03 6.166210e-03 5.410936e-03
8.536627e+00 5.042635e-03 3.744607e-03 6.075215e-03 5.308083e-03
8.582001e+00 4.942354e-03 3.635509e-03 5.984089e-03 5.207464e-03
8.627374e+00 4.844851e-03 3.532473e-03 5.892761e-03 5.109318e-03
8.672748e+00 4.750273e-03 3.435750e-03 5.801200e-03 5.013868e-03
8.718122e+00 4.658770e-03 3.345582e-03 5.709416e-03 4.921313e-03
8.763496e+00 4.570485e-03 3.262185e-03 5.617450e-03 4.831820e-03
8.808870e+00 4.485548e-03 3.185746e-03 5.525376e-03 4.745521e-03
8.854244e+00 4.404066e-03 3.116408e-03 5.433286e-03 4.662504e-03
8.899618e+00 4.326121e-03 3.054263e-03 5.341290e-03 4.582809e-03
8.944992e+00 4.251762e-03 2.999345e-03 5.249510e-03 4.506430e-03
8.990366e+00 4.181001e-03 2.951625e-03 5.158071e-03 4.433308e-03
9.035740e+00 4.113812e-03 2.911004e-03 5.067099e-03 4.363334e-03
9.081114e+00 4.050128e-03 2.877314e-03 4.976716e-03 4.296354e-03
9.126488e+00 3.989840e-03 2.850317e-03 4.887036e-03 4.232168e-03
9.171862e+00 3.932802e-03 2.829705e-03 4.798165e-03 4.170536e-03
9.217235e+00 3.878829e-03 2.815104e-03 4.710196e-03 4.111186e-03
9.262609e+00 3.827702e-03 2.806077e-03 4.623210e-03 4.053819e-03
9.307983e+00 3.779174e-03 2.802131e-03 4.537275e-03 3.998117e-03
9.353357e+00 3.732973e-03 2.802724e-03 4.452445e-03 3.943750e-03
9.398731e+00 3.688805e-03 2.807269e-03 4.368759e-03 3.890386e-03
9.444105e+00 3.646363e-03 2.815145e-03 4.286246e-03 3.837697e-03
9.489479e+00 3.605332e-03 2.825706e-03 4.204922e-03 3.785369e-03
9.534853e+00 3.565393e-03 2.838287e-03 4.124788e-03 3.733104e-03
9.580227e+00 3.526228e-03 2.852215e-03 4.045838e-03 3.680632e-03
9.625601e+00 3.487528e-03 2.866817e-03 3.968054e-03 3.627713e-03
9.670975e+00 3.448993e-03 2.881432e-03 3.891407e-03 3.574141e-03
9.716349e+00 3.410342e-03 2.895413e-03 3.815862e-03 3.519750e-03
9.761722e+00 3.371309e-03 2.908143e-03 3.741375e-03 3.464409e-03
9.807096e+00 3.331655e-03 2.919039e-03 3.667894e-03 3.408033e-03
9.852470e+00 3.291164e-03 2.927559e-03 3.595363e-03 3.350571e-03
9.897844e+00 3.249649e-03 2.933212e-03 3.523721e-03 3.292014e-03
9.943218e+00 3.206950e-03 2.935562e-03 3.452903e-03 3.232386e-03
9.988592e+00 3.162941e-03 2.934234e-03 3.382843e-03 3.171745e-03
1.003397e+01 3.117523e-03 2.928918e-03 3.313477e-03 3.110174e-03
1.007934e+01 3.070634e-03 2.919378e-03 3.244742e-03 3.047781e-03
1.012471e+01 3.022238e-03 2.905445e-03 3.176580e-03 2.984690e-03
1.017009e+01 2.972335e-03 2.887028e-03 3.108937e-03 2.921040e-03
1.021546e+01 2.920952e-03 2.864108e-03 3.041770e-03 2.856977e-03
1.026084e+01 2.868145e-03 2.836742e-03 2.975045e-03 2.792648e-03
1.030621e+01 2.814000e-03 2.805057e-03 2.908739e-03 2.728203e-03
1.035158e+01 2.758624e-03 2.769248e-03 2.842843e-03 2.663783e-03
1.039696e+01 2.702152e-03 2.729573e-03 2.777362e-03 2.599521e-03
1.044233e+01 2.644735e-03 2.686349e-03 2.712315e-03 2.535542e-03
1.048771e+01 2.586546e-03 2.639944e-03 2.647737e-03 2.471957e-03
1.053308e+01 2.527770e-03 2.590768e-03 2.583676e-03 2.408865e-03
1.057845e+01 2.468605e-03 2.539267e-03 2.520195e-03 2.346353e-03
1.062383e+01 2.409260e-03 2.485912e-03 2.457372e-03 2.284497e-03
1.066920e+01 2.349950e-03 2.431192e-03 2.395294e-03 2.223365e-03
1.071457e+01 2.290893e-03 2.375603e-03 2.334058e-03 2.163017e-03
1.075995e+01 2.232307e-03 2.319639e-03 2.273772e-03 2.103509e-03
1.080532e+01 2.174412e-03 2.263786e-03 2.214549e-03 2.044900e-03
1.085070e+01 2.117420e-03 2.208510e-03 2.156504e-03 1.987248e-03
1.089607e+01 2.061543e-03 2.154250e-03 2.099757e-03 1.930621e-03
1.094144e+01 2.006980e-03 2.101417e-03 2.044428e-03 1.875096e-03
1.098682e+01 1.953927e-03 2.050381e-03 1.990635e-03 1.820764e-03
1.103219e+01 1.902566e-03 2.001472e-03 1.938495e-03 1.767732e-03
1.107757e+01 1.853073e-03 1.954975e-03 1.888122e-03 1.716123e-03
1.112294e+01 1.805612e-03 1.911129e-03 1.839624e-03 1.666083e-03
1.116831e+01 1.760335e-03 1.870126e-03 1.793107e-03 1.617774e-03
1.121369e+01 1.717388e-03 1.832110e-03 1.748673e-03 1.571380e-03
1.125906e+01 1.676903e-03 1.797183e-03 1.706421e-03 1.527104e-03
1.130444e+01 1.639004e-03 1.765400e-03 1.666447e-03 1.485165e-03
1.134981e+01 1.603807e-03 1.736779e-03 1.628844e-03 1.445797e-03
1.139518e+01 1.571418e-03 1.711302e-03 1.593707e-03 1.409245e-03
1.144056e+01 1.541936e-03 1.688919e-03 1.561129e-03 1.375760e-03
1.148593e+01 1.515450e-03 1.669550e-03 1.531203e-03 1.345596e-03
1.153131e+01 1.492042e-03 1.653096e-03 1.504025e-03 1.319005e-03
1.157668e+01 1.471785e-03 1.639435e-03 1.479689e-03 1.296230e-03
1.162205e+01 1.454742e-03 1.628434e-03 1.458292e-03 1.277501e-03
1.166743e+01 1.440968e-03 1.619947e-03 1.439928e-03 1.263028e-03
1.171280e+01 1.430503e-03 1.613822e-03 1.424690e-03 1.252996e-03
1.175817e+01 1.423375e-03 1.609902e-03 1.412664e-03 1.247560e-03
1.180355e+01 1.419598e-03 1.608030e-03 1.403929e-03 1.246836e-03
1.184892e+01 1.419167e-03 1.608047e-03 1.398553e-03 1.250901e-03
1.189430e+01 1.422059e-03 1.609799e-03 1.396589e-03 1.259787e-03
1.193967e+01 1.428226e-03 1.613132e-03 1.398069e-03 1.273476e-03
1.198504e+01 1.437598e-03 1.617896e-03 1.403002e-03 1.291896e-03
1.203042e+01 1.450079e-03 1.623943e-03 1.411369e-03 1.314924e-03
1.207579e+01 1.465542e-03 1.631131e-03 1.423117e-03 1.342378e-03
1.212117e+01 1.483832e-03 1.639314e-03 1.438157e-03 1.374023e-03
1.216654e+01 1.504761e-03 1.648353e-03 1.456361e-03 1.409568e-03
1.221191e+01 1.528110e-03 1.658103e-03 1.477557e-03 1.448668e-03
1.225729e+01 1.553628e-03 1.668422e-03 1.501529e-03 1.490931e-03
1.230266e+01 1.581033e-03 1.679162e-03 1.528017e-03 1.535919e-03
1.234804e+01 1.610013e-03 1.690173e-03 1.556715e-03 1.583151e-03
1.239341e+01 1.640230e-03 1.701300e-03 1.587276e-03 1.632115e-03
1.243878e+01 1.671322e-03 1.712382e-03 1.619312e-03 1.682273e-03
1.248416e+01 1.702906e-03 1.723253e-03 1.652401e-03 1.733065e-03
1.252953e+01 1.734585e-03 1.733742e-03 1.686090e-03 1.783923e-03
1.257491e+01 1.765952e-03 1.743676e-03 1.719904e-03 1.834277e-03
1.262028e+01 1.796597e-03 1.752874e-03 1.753353e-03 1.883565e-03
1.266565e+01 1.826113e-03 1.761159e-03 1.785939e-03 1.931240e-03
1.271103e+01 1.854100e-03 1.768349e-03 1.817166e-03 1.976784e-03
1.275640e+01 1.880177e-03 1.774270e-03 1.846551e-03 2.019710e-03
1.280178e+01 1.903985e-03 1.778752e-03 1.873629e-03 2.059574e-03
1.284715e+01 1.925195e-03 1.781633e-03 1.897968e-03 2.095985e-03
1.289252e+01 1.943513e-03 1.782765e-03 1.919170e-03 2.128603e-03
1.293790e+01 1.958686e-03 1.782017e-03 1.936888e-03 2.157153e-03
1.298327e+01 1.970507e-03 1.779274e-03 1.950824e-03 2.181424e-03
1.302864e+01 1.978820e-03 1.774448e-03 1.960742e-03 2.201271e-03
1.307402e+01 1.983520e-03 1.767473e-03 1.966466e-03 2.216622e-03
1.311939e+01 1.984558e-03 1.758313e-03 1.967890e-03 2.227471e-03
1.316477e+01 1.981939e-03 1.746961e-03 1.964973e-03 2.233882e-03
1.321014e+01 1.975724e-03 1.733445e-03 1.957744e-03 2.235984e-03
1.325551e+01 1.966028e-03 1.717821e-03 1.946296e-03 2.233968e-03
1.330089e+01 1.953017e-03 1.700182e-03 1.930789e-03 2.228081e-03
1.334626e+01 1.936904e-03 1.680650e-03 1.911441e-03 2.218621e-03
1.339164e+01 1.917946e-03 1.659382e-03 1.888525e-03 2.205931e-03
1.343701e+01 1.896437e-03 1.636560e-03 1.862362e-03 2.190388e-03
1.348238e+01 1.872703e-03 1.612395e-03 1.833315e-03 2.172400e-03
1.352776e+01 1.847099e-03 1.587118e-03 1.801784e-03 2.152394e-03
1.357313e+01 1.819993e-03 1.560983e-03 1.768191e-03 2.130806e-03
1.361851e+01 1.791771e-03 1.534254e-03 1.732981e-03 2.108078e-03
1.366388e+01 1.762820e-03 1.507207e-03 1.696609e-03 2.084643e-03
1.370925e+01 1.733526e-03 1.480124e-03 1.659531e-03 2.060922e-03
1.375463e+01 1.704267e-03 1.453284e-03 1.622203e-03 2.037313e-03
1.380000e+01 1.675405e-03 1.426961e-03 1.585068e-03 2.014185e-03
1.384538e+01 1.647282e-03 1.401419e-03 1.548554e-03 1.991872e-03
1.389075e+01 1.620212e-03 1.376907e-03 1.513064e-03 1.970666e-03
1.393612e+01 1.594481e-03 1.353653e-03 1.478976e-03 1.950815e-03
1.398150e+01 1.570339e-03 1.331863e-03 1.446638e-03 1.932516e-03
1.402687e+01 1.547997e-03 1.311713e-03 1.416360e-03 1.915917e-03
1.407224e+01 1.527627e-03 1.293351e-03 1.388419e-03 1.901112e-03
1.411762e+01 1.509361e-03 1.276894e-03 1.363049e-03 1.888141e-03
1.416299e+01 1.493288e-03 1.262423e-03 1.340446e-03 1.876994e-03
1.420837e+01 1.479454e-03 1.249987e-03 1.320765e-03 1.867609e-03
1.425374e+01 1.467865e-03 1.239599e-03 1.304119e-03 1.859879e-03
1.429911e+01 1.458490e-03 1.231240e-03 1.290580e-03 1.853651e-03
1.434449e+01 1.451259e-03 1.224860e-03 1.280180e-03 1.848738e-03
1.438986e+01 1.446069e-03 1.220378e-03 1.272914e-03 1.844915e-03
1.443524e+01 1.442787e-03 1.217688e-03 1.268737e-03 1.841936e-03
1.448061e+01 1.441254e-03 1.216659e-03 1.267572e-03 1.839531e-03
1.452598e+01 1.441289e-03 1.217141e-03 1.269307e-03 1.837418e-03
1.457136e+01 1.442693e-03 1.218969e-03 1.273800e-03 1.835309e-03
1.461673e+01 1.445256e-03 1.221966e-03 1.280884e-03 1.832917e-03
1.466211e+01 1.448758e-03 1.225947e-03 1.290365e-03 1.829961e-03
1.470748e+01 1.452976e-03 1.230724e-03 1.302027e-03 1.826176e-03
1.475285e+01 1.457689e-03 1.236112e-03 1.315640e-03 1.821314e-03
1.479823e+01 1.462680e-03 1.241930e-03 1.330955e-03 1.815154e-03
1.484360e+01 1.467742e-03 1.248005e-03 1.347717e-03 1.807503e-03
1.488898e+01 1.472679e-03 1.254176e-03 1.365659e-03 1.798202e-03
1.493435e+01 1.477312e-03 1.260298e-03 1.384513e-03 1.787126e-03
1.497972e+01 1.481480e-03 1.266241e-03 1.404011e-03 1.774189e-03
1.502510e+01 1.485041e-03 1.271892e-03 1.423888e-03 1.759342e-03
1.507047e+01 1.487873e-03 1.277160e-03 1.443885e-03 1.742576e-03
1.511585e+01 1.489880e-03 1.281970e-03 1.463752e-03 1.723917e-03
1.516122e+01 1.490983e-03 1.286270e-03 1.483254e-03 1.703426e-03
1.520659e+01 1.491130e-03 1.290022e-03 1.502167e-03 1.681200e-03
1.525197e+01 1.490285e-03 1.293209e-03 1.520287e-03 1.657359e-03
1.529734e+01 1.488436e-03 1.295828e-03 1.537427e-03 1.632055e-03
1.534271e+01 1.485588e-03 1.297888e-03 1.553420e-03 1.605455e-03
1.538809e+01 1.481759e-03 1.299412e-03 1.568120e-03 1.577746e-03
1.543346e+01 1.476986e-03 1.300431e-03 1.581401e-03 1.549124e-03
1.547884e+01 1.471313e-03 1.300983e-03 1.593160e-03 1.519794e-03
1.552421e+01 1.464795e-03 1.301109e-03 1.603313e-03 1.489963e-03
1.556958e+01 1.457495e-03 1.300854e-03 1.611797e-03 1.459833e-03
1.561496e+01 1.449478e-03 1.300263e-03 1.618566e-03 1.429604e-03
1.566033e+01 1.440811e-03 1.299376e-03 1.623595e-03 1.399463e-03
1.570571e+01 1.431564e-03 1.298233e-03 1.626872e-03 1.369586e-03
1.575108e+01 1.421802e-03 1.296870e-03 1.628403e-03 1.340135e-03
1.579645e+01 1.411590e-03 1.295315e-03 1.628203e-03 1.311252e-03
1.584183e+01 1.400987e-03 1.293592e-03 1.626302e-03 1.283066e-03
1.588720e+01 1.390047e-03 1.291720e-03 1.622738e-03 1.255682e-03
1.593258e+01 1.378819e-03 1.289710e-03 1.617557e-03 1.229190e-03
1.597795e+01 1.367348e-03 1.287571e-03 1.610813e-03 1.203661e-03
1.602332e+01 1.355672e-03 1.285306e-03 1.602564e-03 1.179147e-03
1.606870e+01 1.343825e-03 1.282915e-03 1.592874e-03 1.155686e-03
1.611407e+01 1.331834e-03 1.280396e-03 1.581809e-03 1.133299e-03
1.615945e+01 1.319726e-03 1.277746e-03 1.569439e-03 1.111993e-03
1.620482e+01 1.307522e-03 1.274964e-03 1.555837e-03 1.091765e-03
1.625019e+01 1.295241e-03 1.272047e-03 1.541075e-03 1.072601e-03
1.629557e+01 1.282901e-03 1.268997e-03 1.525230e-03 1.054477e-03
1.634094e+01 1.270519e-03 1.265818e-03 1.508377e-03 1.037363e-03
1.638631e+01 1.258112e-03 1.262519e-03 1.490595e-03 1.021223e-03
1.643169e+01 1.245697e-03 1.259112e-03 1.471963e-03 1.006015e-03
1.647706e+01 1.233290e-03 1.255615e-03 1.452562e-03 9.916939e-04
1.652244e+01 1.220912e-03 1.252051e-03 1.432474e-03 9.782120e-04
1.656781e+01 1.208582e-03 1.248446e-03 1.411781e-03 9.655181e-04
1.661318e+01 1.196320e-03 1.244832e-03 1.390567e-03 9.535598e-04
1.665856e+01 1.184149e-03 1.241245e-03 1.368919e-03 9.422829e-04
1.670393e+01 1.172093e-03 1.237724e-03 1.346923e-03 9.316324e-04
1.674931e+01 1.160175e-03 1.234310e-03 1.324664e-03 9.215523e-04
1.679468e+01 1.148421e-03 1.231046e-03 1.302232e-03 9.119864e-04
1.684005e+01 1.136856e-03 1.227977e-03 1.279713e-03 9.028786e-04
1.688543e+01 1.125506e-03 1.225148e-03 1.257196e-03 8.941735e-04
1.693080e+01 1.114395e-03 1.222602e-03 1.234768e-03 8.858167e-04
1.697618e+01 1.103551e-03 1.220381e-03 1.212516e-03 8.777558e-04
1.702155e+01 1.092998e-03 1.218525e-03 1.190526e-03 8.699413e-04
1.706692e+01 1.082760e-03 1.217071e-03 1.168884e-03 8.623271e-04
1.711230e+01 1.072864e-03 1.216050e-03 1.147671e-03 8.548718e-04
1.715767e+01 1.063334e-03 1.215492e-03 1.126969e-03 8.475398e-04
1.720305e+01 1.054193e-03 1.215419e-03 1.106857e-03 8.403019e-04
1.724842e+01 1.045466e-03 1.215849e-03 1.087412e-03 8.331363e-04
1.729379e+01 1.037177e-03 1.216794e-03 1.068706e-03 8.260299e-04
1.733917e+01 1.029349e-03 1.218258e-03 1.050810e-03 8.189784e-04
1.738454e+01 1.022006e-03 1.220241e-03 1.033789e-03 8.119870e-04
1.742991e+01 1.015171e-03 1.222735e-03 1.017707e-03 8.050707e-04
1.747529e+01 1.008865e-03 1.225723e-03 1.002619e-03 7.982540e-04
1.752066e+01 1.003111e-03 1.229185e-03 9.885775e-04 7.915707e-04
1.756604e+01 9.979276e-04 1.233090e-03 9.756300e-04 7.850633e-04
1.761141e+01 9.933329e-04 1.237401e-03 9.638159e-04 7.787818e-04
1.765678e+01 9.893423e-04 1.242076e-03 9.531684e-04 7.727825e-04
1.770216e+01 9.859677e-04 1.247063e-03 9.437133e-04 7.671265e-04
1.774753e+01 9.832177e-04 1.252307e-03 9.354682e-04 7.618778e-04
1.779291e+01 9.810959e-04 1.257744e-03 9.284423e-04 7.571015e-04
1.783828e+01 9.796011e-04 1.263306e-03 9.226357e-04 7.528616e-04
1.788365e+01 9.787260e-04 1.268920e-03 9.180390e-04 7.492187e-04
1.792903e+01 9.784574e-04 1.274510e-03 9.146334e-04 7.462285e-04
1.797440e+01 9.787751e-04 1.279996e-03 9.123900e-04 7.439393e-04
1.801978e+01 9.796521e-04 1.285296e-03 9.112703e-04 7.423904e-04
1.806515e+01 9.810541e-04 1.290326e-03 9.112260e-04 7.416104e-04
1.811052e+01 9.829401e-04 1.295005e-03 9.121995e-04 7.416161e-04
1.815590e+01 9.852619e-04 1.299250e-03 9.141243e-04 7.424117e-04
1.820127e+01 9.879653e-04 1.302982e-03 9.169258e-04 7.439876e-04
1.824665e+01 9.909899e-04 1.306127e-03 9.205219e-04 7.463209e-04
1.829202e+01 9.942706e-04 1.308612e-03 9.248242e-04 7.493753e-04
1.833739e+01 9.977377e-04 1.310373e-03 9.297388e-04 7.531016e-04
1.838277e+01 1.001319e-03 1.311350e-03 9.351678e-04 7.574387e-04
1.842814e+01 1.004939e-03 1.311492e-03 9.410101e-04 7.623149e-04
1.847352e+01 1.008522e-03 1.310755e-03 9.471633e-04 7.676491e-04
1.851889e+01 1.011994e-03 1.309104e-03 9.535247e-04 7.733529e-04
1.856426e+01 1.015279e-03 1.306513e-03 9.599925e-04 7.793324e-04
1.860964e+01 1.018307e-03 1.302964e-03 9.664675e-04 7.854898e-04
1.865501e+01 1.021010e-03 1.298449e-03 9.728540e-04 7.917257e-04
1.870038e+01 1.023324e-03 1.292968e-03 9.790612e-04 7.979412e-04
1.874576e+01 1.025192e-03 1.286531e-03 9.850045e-04 8.040395e-04
1.879113e+01 1.026563e-03 1.279155e-03 9.906058e-04 8.099279e-04
1.883651e+01 1.027393e-03 1.270865e-03 9.957955e-04 8.155195e-04
1.888188e+01 1.027647e-03 1.261695e-03 1.000512e-03 8.207346e-04
1.892725e+01 1.027297e-03 1.251684e-03 1.004704e-03 8.255017e-04
1.897263e+01 1.026323e-03 1.240879e-03 1.008330e-03 8.297594e-04
1.901800e+01 1.024715e-03 1.229331e-03 1.011357e-03 8.334563e-04
1.906338e+01 1.022472e-03 1.217097e-03 1.013766e-03 8.365521e-04
1.910875e+01 1.019601e-03 1.204239e-03 1.015546e-03 8.390182e-04
1.915412e+01 1.016119e-03 1.190822e-03 1.016698e-03 8.408374e-04
1.919950e+01 1.012051e-03 1.176915e-03 1.017234e-03 8.420045e-04
1.924487e+01 1.007430e-03 1.162590e-03 1.017176e-03 8.425253e-04
1.929025e+01 1.002297e-03 1.147920e-03 1.016555e-03 8.424172e-04
1.933562e+01 9.967002e-04 1.132981e-03 1.015412e-03 8.417079e-04
1.938099e+01 9.906934e-04 1.117850e-03 1.013796e-03 8.404349e-04
1.942637e+01 9.843372e-04 1.102603e-03 1.011764e-03 8.386448e-04
1.947174e+01 9.776961e-04 1.087319e-03 1.009377e-03 8.363921e-04
1.951712e+01 9.708385e-04 1.072073e-03 1.006704e-03 8.337382e-04
1.956249e+01 9.638353e-04 1.056941e-03 1.003815e-03 8.307501e-04
1.960786e+01 9.567587e-04 1.041996e-03 1.000781e-03 8.274992e-04
1.965324e+01 9.496811e-04 1.027309e-03 9.976746e-04 8.240597e-04
1.969861e+01 9.426736e-04 1.012948e-03 9.945657e-04 8.205075e-04
1.974398e+01 9.358051e-04 9.989755e-04 9.915214e-04 8.169185e-04
1.978936e+01 9.291410e-04 9.854521e-04 9.886034e-04 8.133674e-04
1.983473e+01 9.227418e-04 9.724320e-04 9.858672e-04 8.099263e-04
1.988011e+01 9.166628e-04 9.599645e-04 9.833605e-04 8.066634e-04
1.992548e+01 9.109525e-04 9.480935e-04 9.811222e-04 8.036418e-04
1.997085e+01 9.056524e-04 9.368570e-04 9.791816e-04 8.009187e-04
2.001623e+01 9.007965e-04 9.262872e-04 9.775578e-04 7.985445e-04
2.006160e+01 8.964107e-04 9.164105e-04 9.762595e-04 7.965622e-04
2.010698e+01 8.925131e-04 9.072479e-04 9.752848e-04 7.950067e-04
2.015235e+01 8.891141e-04 8.988149e-04 9.746223e-04 7.939050e-04
2.019772e+01 8.862164e-04 8.911221e-04 9.742510e-04 7.932761e-04
2.024310e+01 8.838162e-04 8.841759e-04 9.741418e-04 7.931309e-04
2.028847e+01 8.819034e-04 8.779788e-04 9.742584e-04 7.934731e-04
2.033385e+01 8.804627e-04 8.725301e-04 9.745590e-04 7.942992e-04
2.037922e+01 8.794745e-04 8.678265e-04 9.749975e-04 7.955997e-04
2.042459e+01 8.789160e-04 8.638629e-04 9.755254e-04 7.973596e-04
2.046997e+01 8.787620e-04 8.606328e-04 9.760937e-04 7.995595e-04
2.051534e+01 8.789864e-04 8.581291e-04 9.766537e-04 8.021763e-04
2.056072e+01 8.795627e-04 8.563441e-04 9.771596e-04 8.051844e-04
2.060609e+01 8.804654e-04 8.552703e-04 9.775695e-04 8.085563e-04
2.065146e+01 8.816703e-04 8.549006e-04 9.778465e-04 8.122637e-04
2.069684e+01 8.831555e-04 8.552282e-04 9.779602e-04 8.162782e-04
2.074221e+01 8.849021e-04 8.562467e-04 9.778873e-04 8.205723e-04
2.078759e+01 8.868939e-04 8.579501e-04 9.776125e-04 8.251191e-04
2.083296e+01 8.891184e-04 8.603324e-04 9.771287e-04 8.298940e-04
2.087833e+01 8.915662e-04 8.633875e-04 9.764373e-04 8.348739e-04
2.092371e+01 8.942316e-04 8.671085e-04 9.755480e-04 8.400383e-04
2.096908e+01 8.971116e-04 8.714874e-04 9.744788e-04 8.453686e-04
2.101445e+01 9.002063e-04 8.765148e-04 9.732552e-04 8.508489e-04
2.105983e+01 9.035181e-04 8.821791e-04 9.719098e-04 8.564655e-04
2.110520e+01 9.070512e-04 8.884659e-04 9.704813e-04 8.622065e-04
2.115058e+01 9.108112e-04 8.953579e-04 9.690138e-04 8.680620e-04
2.119595e+01 9.148044e-04 9.028342e-04 9.675555e-04 8.740235e-04
2.124132e+01 9.190372e-04 9.108700e-04 9.661579e-04 8.800837e-04
2.128670e+01 9.235156e-04 9.194364e-04 9.648743e-04 8.862361e-04
2.133207e+01 9.282444e-04 9.285000e-04 9.637589e-04 8.924742e-04
2.137745e+01 9.332268e-04 9.380232e-04 9.628653e-04 8.987918e-04
2.142282e+01 9.384638e-04 9.479639e-04 9.622455e-04 9.051818e-04
2.146819e+01 9.439536e-04 9.582758e-04 9.619485e-04 9.116366e-04
2.151357e+01 9.496916e-04 9.689087e-04 9.620193e-04 9.181468e-04
2.155894e+01 9.556693e-04 9.798086e-04 9.624976e-04 9.247016e-04
2.160432e+01 9.618745e-04 9.909186e-04 9.634170e-04 9.312880e-04
2.164969e+01 9.682913e-04 1.002179e-03 9.648040e-04 9.378908e-04
2.169506e+01 9.748992e-04 1.013528e-03 9.666770e-04 9.444923e-04
2.174044e+01 9.816738e-04 1.024903e-03 9.690460e-04 9.510721e-04
2.178581e+01 9.885866e-04 1.036241e-03 9.719117e-04 9.576074e-04
2.183119e+01 9.956051e-04 1.047477e-03 9.752655e-04 9.640723e-04
2.187656e+01 1.002693e-03 1.058551e-03 9.790893e-04 9.704390e-04
2.192193e+01 1.009811e-03 1.069400e-03 9.833555e-04 9.766771e-04
2.196731e+01 1.016917e-03 1.079968e-03 9.880276e-04 9.827548e-04
2.201268e+01 1.023966e-03 1.090198e-03 9.930603e-04 9.886386e-04
2.205805e+01 1.030912e-03 1.100041e-03 9.984007e-04 9.942946e-04
2.210343e+01 1.037709e-03 1.109449e-03 1.003989e-03 9.996888e-04
2.214880e+01 1.044310e-03 1.118382e-03 1.009761e-03 1.004788e-03
2.219418e+01 1.050669e-03 1.126802e-03 1.015646e-03 1.009560e-03
2.223955e+01 1.056743e-03 1.134680e-03 1.021572e-03 1.013977e-03
2.228492e+01 1.062490e-03 1.141993e-03 1.027467e-03 1.018011e-03
2.233030e+01 1.067874e-03 1.148722e-03 1.033257e-03 1.021642e-03
2.237567e+01 1.072860e-03 1.154855e-03 1.038873e-03 1.024852e-03
2.242105e+01 1.077422e-03 1.160388e-03 1.044247e-03 1.027631e-03
2.246642e+01 1.081538e-03 1.165321e-03 1.049318e-03 1.029973e-03
2.251179e+01 1.085191e-03 1.169660e-03 1.054032e-03 1.031880e-03
2.255717e+01 1.088373e-03 1.173415e-03 1.058343e-03 1.033360e-03
2.260254e+01 1.091081e-03 1.176601e-03 1.062214e-03 1.034427e-03
2.264792e+01 1.093320e-03 1.179239e-03 1.065616e-03 1.035104e-03
2.269329e+01 1.095100e-03 1.181348e-03 1.068533e-03 1.035418e-03
2.273866e+01 1.096438e-03 1.182954e-03 1.070958e-03 1.035401e-03
2.278404e+01 1.097356e-03 1.184080e-03 1.072895e-03 1.035093e-03
2.282941e+01 1.097881e-03 1.184753e-03 1.074358e-03 1.034533e-03
2.287479e+01 1.098044e-03 1.184996e-03 1.075370e-03 1.033765e-03
2.292016e+01 1.097877e-03 1.184833e-03 1.075964e-03 1.032835e-03
2.296553e+01 1.097417e-03 1.184285e-03 1.076180e-03 1.031786e-03
2.301091e+01 1.096699e-03 1.183370e-03 1.076064e-03 1.030662e-03
2.305628e+01 1.095758e-03 1.182104e-03 1.075666e-03 1.029503e-03
2.310165e+01 1.094629e-03 1.180498e-03 1.075043e-03 1.028345e-03
2.314703e+01 1.093344e-03 1.178561e-03 1.074250e-03 1.027220e-03
2.319240e+01 1.091932e-03 1.176298e-03 1.073346e-03 1.026153e-03
2.323778e+01 1.090420e-03 1.173712e-03 1.072387e-03 1.025163e-03
2.328315e+01 1.088831e-03 1.170801e-03 1.071428e-03 1.024264e-03
2.332852e+01 1.087182e-03 1.167565e-03 1.070521e-03 1.023461e-03
2.337390e+01 1.085489e-03 1.163999e-03 1.069715e-03 1.022754e-03
2.341927e+01 1.083763e-03 1.160101e-03 1.069051e-03 1.022138e-03
2.346465e+01 1.082013e-03 1.155870e-03 1.068568e-03 1.021601e-03
2.351002e+01 1.080244e-03 1.151305e-03 1.068299e-03 1.021129e-03
2.355539e+01 1.078461e-03 1.146411e-03 1.068269e-03 1.020704e-03
2.360077e+01 1.076668e-03 1.141196e-03 1.068500e-03 1.020307e-03
2.364614e+01 1.074867e-03 1.135674e-03 1.069007e-03 1.019920e-03
2.369152e+01 1.073065e-03 1.129866e-03 1.069801e-03 1.019527e-03
2.373689e+01 1.071266e-03 1.123797e-03 1.070890e-03 1.019111e-03
2.378226e+01 1.069481e-03 1.117502e-03 1.072275e-03 1.018665e-03
2.382764e+01 1.067720e-03 1.111022e-03 1.073958e-03 1.018181e-03
2.387301e+01 1.066001e-03 1.104405e-03 1.075935e-03 1.017663e-03
2.391839e+01 1.064342e-03 1.097704e-03 1.078204e-03 1.017118e-03
2.396376e+01 1.062766e-03 1.090979e-03 1.080757e-03 1.016560e-03
2.400913e+01 1.061300e-03 1.084294e-03 1.083591e-03 1.016013e-03
2.405451e+01 1.059974e-03 1.077716e-03 1.086699e-03 1.015506e-03
2.409988e+01 1.058820e-03 1.071312e-03 1.090073e-03 1.015074e-03
2.414526e+01 1.057872e-03 1.065151e-03 1.093708e-03 1.014758e-03
2.419063e+01 1.057167e-03 1.059298e-03 1.097596e-03 1.014605e-03
2.423600e+01 1.056737e-03 1.053816e-03 1.101731e-03 1.014665e-03
2.428138e+01 1.056617e-03 1.048760e-03 1.106104e-03 1.014988e-03
2.432675e+01 1.056839e-03 1.044180e-03 1.110706e-03 1.015629e-03
2.437212e+01 1.057429e-03 1.040119e-03 1.115527e-03 1.016639e-03
2.441750e+01 1.058411e-03 1.036608e-03 1.120554e-03 1.018070e-03
2.446287e+01 1.059804e-03 1.033670e-03 1.125773e-03 1.019970e-03
2.450825e+01 1.061621e-03 1.031316e-03 1.131166e-03 1.022381e-03
2.455362e+01 1.063869e-03 1.029548e-03 1.136714e-03 1.025345e-03
2.459899e+01 1.066548e-03 1.028357e-03 1.142394e-03 1.028893e-03
2.464437e+01 1.069654e-03 1.027725e-03 1.148181e-03 1.033054e-03
2.468974e+01 1.073174e-03 1.027624e-03 1.154048e-03 1.037850e-03
2.473512e+01 1.077093e-03 1.028020e-03 1.159965e-03 1.043294e-03
2.478049e+01 1.081390e-03 1.028872e-03 1.165900e-03 1.049397e-03
2.482586e+01 1.086040e-03 1.030135e-03 1.171822e-03 1.056161e-03
2.487124e+01 1.091015e-03 1.031760e-03 1.177698e-03 1.063586e-03
2.491661e+01 1.096286e-03 1.033698e-03 1.183495e-03 1.071665e-03
2.496199e+01 1.101823e-03 1.035899e-03 1.189182e-03 1.080388e-03
2.500736e+01 1.107596e-03 1.038314e-03 1.194731e-03 1.089743e-03
2.505273e+01 1.113576e-03 1.040899e-03 1.200114e-03 1.099714e-03
2.509811e+01 1.119736e-03 1.043612e-03 1.205309e-03 1.110286e-03
2.514348e+01 1.126051e-03 1.046418e-03 1.210295e-03 1.121441e-03
2.518886e+01 1.132500e-03 1.049284e-03 1.215057e-03 1.133159e-03
2.523423e+01 1.139064e-03 1.052185e-03 1.219583e-03 1.145423e-03
2.527960e+01 1.145726e-03 1.055102e-03 1.223865e-03 1.158211e-03
2.532498e+01 1.152475e-03 1.058021e-03 1.227899e-03 1.171505e-03
2.537035e+01 1.159299e-03 1.060932e-03 1.231685e-03 1.185281e-03
2.541572e+01 1.166191e-03 1.063831e-03 1.235226e-03 1.199517e-03
2.546110e+01 1.173143e-03 1.066716e-03 1.238528e-03 1.214186e-03
2.550647e+01 1.180149e-03 1.069591e-03 1.241597e-03 1.229258e-03
2.555185e+01 1.187201e-03 1.072459e-03 1.244444e-03 1.244699e-03
2.559722e+01 1.194291e-03 1.075325e-03 1.247077e-03 1.260470e-03
2.564259e+01 1.201410e-03 1.078195e-03 1.249507e-03 1.276527e-03
2.568797e+01 1.208544e-03 1.081073e-03 1.251742e-03 1.292817e-03
2.573334e+01 1.215679e-03 1.083963e-03 1.253792e-03 1.309282e-03
2.577872e+01 1.222795e-03 1.086864e-03 1.255663e-03 1.325856e-03
2.582409e+01 1.229868e-03 1.089777e-03 1.257363e-03 1.342465e-03
2.586946e+01 1.236873e-03 1.092696e-03 1.258896e-03 1.359027e-03
2.591484e+01 1.243779e-03 1.095614e-03 1.260267e-03 1.375455e-03
2.596021e+01 1.250551e-03 1.098519e-03 1.261478e-03 1.391655e-03
2.600559e+01 1.257153e-03 1.101398e-03 1.262533e-03 1.407527e-03
2.605096e+01 1.263546e-03 1.104234e-03 1.263434e-03 1.422969e-03
2.609633e+01 1.269689e-03 1.107005e-03 1.264185e-03 1.437876e-03
2.614171e+01 1.275541e-03 1.109689e-03 1.264791e-03 1.452143e-03
2.618708e+01 1.281061e-03 1.112261e-03 1.265256e-03 1.465665e-03
2.623246e+01 1.286209e-03 1.114695e-03 1.265588e-03 1.478343e-03
2.627783e+01 1.290948e-03 1.116963e-03 1.265797e-03 1.490082e-03
2.632320e+01 1.295241e-03 1.119036e-03 1.265894e-03 1.500794e-03
2.636858e+01 1.299059e-03 1.120885e-03 1.265892e-03 1.510400e-03
2.641395e+01 1.302373e-03 1.122481e-03 1.265807e-03 1.518831e-03
2.645933e+01 1.305162e-03 1.123797e-03 1.265655e-03 1.526033e-03
2.650470e+01 1.307407e-03 1.124805e-03 1.265454e-03 1.531961e-03
2.655007e+01 1.309096e-03 1.125481e-03 1.265221e-03 1.536587e-03
2.659545e+01 1.310224e-03 1.125799e-03 1.264975e-03 1.539897e-03
2.664082e+01 1.310787e-03 1.125740e-03 1.264731e-03 1.541890e-03
2.668619e+01 1.310790e-03 1.125284e-03 1.264503e-03 1.542582e-03
2.673157e+01 1.310241e-03 1.124416e-03 1.264304e-03 1.542002e-03
2.677694e+01 1.309152e-03 1.123121e-03 1.264141e-03 1.540192e-03
2.682232e+01 1.307539e-03 1.121391e-03 1.264019e-03 1.537207e-03
2.686769e+01 1.305424e-03 1.119219e-03 1.263937e-03 1.533114e-03
2.691306e+01 1.302828e-03 1.116603e-03 1.263891e-03 1.527989e-03
2.695844e+01 1.299777e-03 1.113544e-03 1.263871e-03 1.521915e-03
2.700381e+01 1.296299e-03 1.110046e-03 1.263865e-03 1.514985e-03
2.704919e+01 1.292422e-03 1.106119e-03 1.263855e-03 1.507293e-03
2.709456e+01 1.288178e-03 1.101775e-03 1.263822e-03 1.498938e-03
2.713993e+01 1.283598e-03 1.097031e-03 1.263743e-03 1.490021e-03
2.718531e+01 1.278714e-03 1.091907e-03 1.263594e-03 1.480640e-03
2.723068e+01 1.273558e-03 1.086426e-03 1.263353e-03 1.470894e-03
2.727606e+01 1.268163e-03 1.080615e-03 1.262998e-03 1.460875e-03
2.732143e+01 1.262562e-03 1.074504e-03 1.262509e-03 1.450674e-03
2.736680e+01 1.256789e-03 1.068123e-03 1.261870e-03 1.440373e-03
2.741218e+01 1.250875e-03 1.061508e-03 1.261069e-03 1.430048e-03
2.745755e+01 1.244854e-03 1.054692e-03 1.260101e-03 1.419769e-03
2.750293e+01 1.238758e-03 1.047714e-03 1.258966e-03 1.409594e-03
2.754830e+01 1.232618e-03 1.040609e-03 1.257670e-03 1.399576e-03
2.759367e+01 1.226466e-03 1.033414e-03 1.256228e-03 1.389758e-03
2.763905e+01 1.220334e-03 1.026165e-03 1.254660e-03 1.380175e-03
2.768442e+01 1.214249e-03 1.018898e-03 1.252995e-03 1.370854e-03
2.772979e+01 1.208242e-03 1.011647e-03 1.251267e-03 1.361814e-03
2.777517e+01 1.202341e-03 1.004442e-03 1.249515e-03 1.353067e-03
2.782054e+01 1.196572e-03 9.973131e-04 1.247786e-03 1.344618e-03
2.786592e+01 1.190961e-03 9.902874e-04 1.246129e-03 1.336468e-03
2.791129e+01 1.185532e-03 9.833888e-04 1.244596e-03 1.328611e-03
2.795666e+01 1.180306e-03 9.766385e-04 1.243241e-03 1.321039e-03
2.800204e+01 1.175305e-03 9.700543e-04 1.242120e-03 1.313740e-03
2.804741e+01 1.170545e-03 9.636514e-04 1.241286e-03 1.306698e-03
2.809279e+01 1.166044e-03 9.574414e-04 1.240795e-03 1.299896e-03
2.813816e+01 1.161814e-03 9.514331e-04 1.240694e-03 1.293315e-03
2.818353e+01 1.157866e-03 9.456322e-04 1.241031e-03 1.286934e-03
2.822891e+01 1.154206e-03 9.400413e-04 1.241847e-03 1.280731e-03
2.827428e+01 1.150840e-03 9.346603e-04 1.243176e-03 1.274683e-03
2.831966e+01 1.147766e-03 9.294860e-04 1.245046e-03 1.268765e-03
2.836503e+01 1.144981e-03 9.245126e-04 1.247477e-03 1.262952e-03
2.841040e+01 1.142475e-03 9.197315e-04 1.250480e-03 1.257214e-03
2.845578e+01 1.140236e-03 9.151314e-04 1.254056e-03 1.251522e-03
2.850115e+01 1.138246e-03 9.106984e-04 1.258195e-03 1.245843e-03
2.854653e+01 1.136479e-03 9.064160e-04 1.262878e-03 1.240144e-03
2.859190e+01 1.134909e-03 9.022653e-04 1.268075e-03 1.234387e-03
2.863727e+01 1.133500e-03 8.982249e-04 1.273743e-03 1.228533e-03
2.868265e+01 1.132214e-03 8.942714e-04 1.279830e-03 1.222540e-03
2.872802e+01 1.131005e-03 8.903792e-04 1.286271e-03 1.216366e-03
2.877339e+01 1.129826e-03 8.865210e-04 1.292994e-03 1.209965e-03
2.881877e+01 1.128624e-03 8.826680e-04 1.299913e-03 1.203292e-03
2.886414e+01 1.127343e-03 8.787903e-04 1.306936e-03 1.196303e-03
2.890952e+01 1.125925e-03 8.748575e-04 1.313963e-03 1.188955e-03
2.895489e+01 1.124311e-03 8.708390e-04 1.320888e-03 1.181205e-03
2.900026e+01 1.122440e-03 8.667045e-04 1.327601e-03 1.173015e-03
2.904564e+01 1.120255e-03 8.624251e-04 1.333986e-03 1.164354e-03
2.909101e+01 1.117698e-03 8.579730e-04 1.339931e-03 1.155192e-03
2.913639e+01 1.114717e-03 8.533233e-04 1.345320e-03 1.145508e-03
2.918176e+01 1.111262e-03 8.484535e-04 1.350045e-03 1.135289e-03
2.922713e+01 1.107291e-03 8.433449e-04 1.354000e-03 1.124528e-03
2.927251e+01 1.102766e-03 8.379827e-04 1.357086e-03 1.113230e-03
2.931788e+01 1.097659e-03 8.323566e-04 1.359215e-03 1.101405e-03
2.936326e+01 1.091947e-03 8.264610e-04 1.360306e-03 1.089074e-03
2.940863e+01 1.085618e-03 8.202957e-04 1.360291e-03 1.076268e-03
2.945400e+01 1.078668e-03 8.138655e-04 1.359117e-03 1.063023e-03
2.949938e+01 1.071102e-03 8.071806e-04 1.356740e-03 1.049385e-03
2.954475e+01 1.062932e-03 8.002564e-04 1.353135e-03 1.035406e-03
2.959013e+01 1.054181e-03 7.931132e-04 1.348286e-03 1.021143e-03
2.963550e+01 1.044876e-03 7.857760e-04 1.342194e-03 1.006658e-03
2.968087e+01 1.035054e-03 7.782739e-04 1.334873e-03 9.920159e-04
2.972625e+01 1.024758e-03 7.706395e-04 1.326350e-03 9.772840e-04
2.977162e+01 1.014034e-03 7.629088e-04 1.316663e-03 9.625291e-04
2.981700e+01 1.002933e-03 7.551196e-04 1.305862e-03 9.478178e-04
2.986237e+01 9.915104e-04 7.473119e-04 1.294005e-03 9.332140e-04
2.990774e+01 9.798220e-04 7.395262e-04 1.281161e-03 9.187789e-04
2.995312e+01 9.679253e-04 7.318033e-04 1.267404e-03 9.045690e-04
2.999849e+01 9.558777e-04 7.241834e-04 1.252814e-03 8.906357e-04
3.004386e+01 9.437355e-04 7.167057e-04 1.237476e-03 8.770247e-04
3.008924e+01 9.315535e-04 7.094073e-04 1.221478e-03 8.637751e-04
3.013461e+01 9.193840e-04 7.023231e-04 1.204909e-03 8.509193e-04
3.017999e+01 9.072763e-04 6.954853e-04 1.187861e-03 8.384827e-04
3.022536e+01 8.952762e-04 6.889225e-04 1.170423e-03 8.264836e-04
3.027073e+01 8.834257e-04 6.826602e-04 1.152683e-03 8.149334e-04
3.031611e+01 8.717624e-04 6.767197e-04 1.134731e-03 8.038369e-04
3.036148e+01 8.603198e-04 6.711189e-04 1.116648e-03 7.931925e-04
3.040686e+01 8.491270e-04 6.658712e-04 1.098517e-03 7.829928e-04
3.045223e+01 8.382085e-04 6.609863e-04 1.080414e-03 7.732248e-04
3.049760e+01 8.275845e-04 6.564699e-04 1.062412e-03 7.638712e-04
3.054298e+01 8.172709e-04 6.523240e-04 1.044579e-03 7.549102e-04
3.058835e+01 8.072795e-04 6.485466e-04 1.026975e-03 7.463167e-04
3.063373e+01 7.976182e-04 6.451325e-04 1.009659e-03 7.380630e-04
3.067910e+01 7.882910e-04 6.420732e-04 9.926808e-04 7.301190e-04
3.072447e+01 7.792984e-04 6.393568e-04 9.760846e-04 7.224537e-04
3.076985e+01 7.706375e-04 6.369691e-04 9.599087e-04 7.150348e-04
3.081522e+01 7.623026e-04 6.348928e-04 9.441847e-04 7.078303e-04
3.086060e+01 7.542848e-04 6.331085e-04 9.289374e-04 7.008086e-04
3.090597e+01 7.465730e-04 6.315948e-04 9.141853e-04 6.939389e-04
3.095134e+01 7.391534e-04 6.303282e-04 8.999399e-04 6.871921e-04
3.099672e+01 7.320104e-04 6.292837e-04 8.862065e-04 6.805411e-04
3.104209e+01 7.251266e-04 6.284348e-04 8.729840e-04 6.739608e-04
3.108746e+01 7.184827e-04 6.277539e-04 8.602651e-04 6.674292e-04
3.113284e+01 7.120587e-04 6.272124e-04 8.480369e-04 6.609268e-04
3.117821e+01 7.058330e-04 6.267807e-04 8.362810e-04 6.544373e-04
3.122359e+01 6.997836e-04 6.264290e-04 8.249743e-04 6.479475e-04
3.126896e+01 6.938879e-04 6.261269e-04 8.140892e-04 6.414476e-04
3.131433e+01 6.881230e-04 6.258438e-04 8.035944e-04 6.349308e-04
3.135971e+01 6.824660e-04 6.255493e-04 7.934552e-04 6.283934e-04
3.140508e+01 6.768941e-04 6.252130e-04 7.836346e-04 6.218346e-04
3.145046e+01 6.713850e-04 6.248050e-04 7.740938e-04 6.152564e-04
3.149583e+01 6.659172e-04 6.242961e-04 7.647926e-04 6.086630e-04
3.154120e+01 6.604697e-04 6.236577e-04 7.556905e-04 6.020608e-04
3.158658e+01 6.550226e-04 6.228623e-04 7.467473e-04 5.954581e-04
3.163195e+01 6.495571e-04 6.218836e-04 7.379235e-04 5.888642e-04
3.167733e+01 6.440557e-04 6.206963e-04 7.291813e-04 5.822896e-04
3.172270e+01 6.385022e-04 6.192770e-04 7.204846e-04 5.757451e-04
3.176807e+01 6.328820e-04 6.176037e-04 7.118004e-04 5.692417e-04
3.181345e+01 6.271817e-04 6.156562e-04 7.030985e-04 5.627903e-04
3.185882e+01 6.213897e-04 6.134163e-04 6.943521e-04 5.564008e-04
3.190420e+01 6.154962e-04 6.108678e-04 6.855383e-04 5.500824e-04
3.194957e+01 6.094926e-04 6.079967e-04 6.766382e-04 5.438429e-04
3.199494e+01 6.033722e-04 6.047912e-04 6.676368e-04 5.376885e-04
3.204032e+01 5.971298e-04 6.012419e-04 6.585235e-04 5.316238e-04
3.208569e+01 5.907616e-04 5.973419e-04 6.492916e-04 5.256515e-04
3.213107e+01 5.842656e-04 5.930863e-04 6.399382e-04 5.197724e-04
3.217644e+01 5.776409e-04 5.884732e-04 6.304643e-04 5.139851e-04
3.222181e+01 5.708877e-04 5.835026e-04 6.208739e-04 5.082866e-04
3.226719e+01 5.640077e-04 5.781772e-04 6.111742e-04 5.026715e-04
3.231256e+01 5.570031e-04 5.725018e-04 6.013746e-04 4.971331e-04
3.235793e+01 5.498774e-04 5.664834e-04 5.914863e-04 4.916625e-04
3.240331e+01 5.426343e-04 5.601310e-04 5.815221e-04 4.862498e-04
3.244868e+01 5.352780e-04 5.534556e-04 5.714953e-04 4.808832e-04
3.249406e+01 5.278131e-04 5.464697e-04 5.614195e-04 4.755501e-04
3.253943e+01 5.202440e-04 5.391874e-04 5.513077e-04 4.702369e-04
3.258480e+01 5.125751e-04 5.316239e-04 5.411724e-04 4.649291e-04
3.263018e+01 5.048104e-04 5.237953e-04 5.310243e-04 4.596117e-04
3.267555e+01 4.969536e-04 5.157186e-04 5.208728e-04 4.542693e-04
3.272093e+01 4.890074e-04 5.074109e-04 5.107251e-04 4.488863e-04
3.276630e+01 4.809743e-04 4.988898e-04 5.005862e-04 4.434469e-04
3.281167e+01 4.728556e-04 4.901725e-04 4.904587e-04 4.379357e-04
3.285705e+01 4.646521e-04 4.812759e-04 4.803431e-04 4.323372e-04
3.290242e+01 4.563634e-04 4.722162e-04 4.702375e-04 4.266365e-04
3.294780e+01 4.479887e-04 4.630089e-04 4.601382e-04 4.208190e-04
3.299317e+01 4.395263e-04 4.536685e-04 4.500397e-04 4.148708e-04
3.303854e+01 4.309739e-04 4.442081e-04 4.399348e-04 4.087786e-04
3.308392e+01 4.223286e-04 4.346398e-04 4.298159e-04 4.025301e-04
3.312929e+01 4.135874e-04 4.249743e-04 4.196742e-04 3.961135e-04
3.317467e+01 4.047469e-04 4.152210e-04 4.095012e-04 3.895184e-04
3.322004e+01 3.958039e-04 4.053879e-04 3.992887e-04 3.827350e-04
3.326541e+01 3.867553e-04 3.954817e-04 3.890290e-04 3.757552e-04
3.331079e+01 3.775985e-04 3.855080e-04 3.787158e-04 3.685717e-04
3.335616e+01 3.683315e-04 3.754715e-04 3.683442e-04 3.611789e-04
3.340153e+01 3.589531e-04 3.653758e-04 3.579112e-04 3.535724e-04
3.344691e+01 3.494630e-04 3.552239e-04 3.474156e-04 3.457495e-04
3.349228e+01 3.398622e-04 3.450187e-04 3.368586e-04 3.377092e-04
3.353766e+01 3.301527e-04 3.347623e-04 3.262436e-04 3.294521e-04
3.358303e+01 3.203382e-04 3.244574e-04 3.155762e-04 3.209809e-04
3.362840e+01 3.104236e-04 3.141068e-04 3.048642e-04 3.122999e-04
3.367378e+01 3.004156e-04 3.037137e-04 2.941176e-04 3.034155e-04
3.371915e+01 2.903224e-04 2.932824e-04 2.833482e-04 2.943364e-04
3.376453e+01 2.801537e-04 2.828182e-04 2.725697e-04 2.850731e-04
3.380990e+01 2.699210e-04 2.723274e-04 2.617973e-04 2.756384e-04
3.385527e+01 2.596376e-04 2.618181e-04 2.510476e-04 2.660472e-04
3.390065e+01 2.493181e-04 2.512998e-04 2.403380e-04 2.563165e-04
3.394602e+01 2.389788e-04 2.407839e-04 2.296870e-04 2.464655e-04
3.399140e+01 2.286375e-04 2.302835e-04 2.191136e-04 2.365153e-04
3.403677e+01 2.183134e-04 2.198137e-04 2.086374e-04 2.264893e-04
3.408214e+01 2.080271e-04 2.093912e-04 1.982779e-04 2.164122e-04
3.412752e+01 1.978001e-04 1.990346e-04 1.880550e-04 2.063108e-04
3.417289e+01 1.876551e-04 1.887641e-04 1.779882e-04 1.962130e-04
3.421827e+01 1.776155e-04 1.786013e-04 1.680970e-04 1.861483e-04
3.426364e+01 1.677055e-04 1.685693e-04 1.584003e-04 1.761468e-04
3.430901e+01 1.579493e-04 1.586917e-04 1.489169e-04 1.662393e-04
3.435439e+01 1.483715e-04 1.489929e-04 1.396645e-04 1.564571e-04
3.439976e+01 1.389965e-04 1.394978e-04 1.306605e-04 1.468313e-04
3.444513e+01 1.298481e-04 1.302308e-04 1.219211e-04 1.373923e-04
3.449051e+01 1.209494e-04 1.212161e-04 1.134619e-04 1.281701e-04
3.453588e+01 1.123224e-04 1.124769e-04 1.052972e-04 1.191931e-04
3.458126e+01 1.039877e-04 1.040349e-04 9.743999e-05 1.104883e-04
3.462663e+01 9.596434e-05 9.591036e-05 8.990204e-05 1.020806e-04
3.467200e+01 8.826920e-05 8.812146e-05 8.269354e-05 9.399260e-05
3.471738e+01 8.091708e-05 8.068400e-05 7.582302e-05 8.624423e-05
3.476275e+01 7.392033e-05 7.361117e-05 6.929724e-05 7.885256e-05
3.480813e+01 6.728867e-05 6.691337e-05 6.312109e-05 7.183153e-05
3.485350e+01 6.102912e-05 6.059802e-05 5.729748e-05 6.519185e-05
3.489887e+01 5.514589e-05 5.466950e-05 5.182728e-05 5.894087e-05
3.494425e+01 4.964034e-05 4.912911e-05 4.670931e-05 5.308261e-05
3.498962e+01 4.451107e-05 4.397514e-05 4.194033e-05 4.761773e-05
3.503500e+01 3.975391e-05 3.920294e-05 3.751507e-05 4.254371e-05
3.508037e+01 3.536213e-05 3.480511e-05 3.342632e-05 3.785497e-05
3.512574e+01 3.132661e-05 3.077170e-05 2.966503e-05 3.354310e-05
3.517112e+01 2.763600e-05 2.709046e-05 2.622045e-05 2.959707e-05
3.521649e+01 2.427703e-05 2.374715e-05 2.308032e-05 2.600362e-05
3.526187e+01 2.123478e-05 2.072581e-05 2.023105e-05 2.274748e-05
3.530724e+01 1.849294e-05 1.800912e-05 1.765792e-05 1.981178e-05
3.535261e+01 1.603413e-05 1.557870e-05 1.534533e-05 1.717835e-05
3.539799e+01 1.384020e-05 1.341548e-05 1.327704e-05 1.482810e-05
3.544336e+01 1.189255e-05 1.149996e-05 1.143636e-05 1.274133e-05
3.548874e+01 1.017236e-05 9.812549e-06 9.806452e-06 1.089807e-05
3.553411e+01 8.660880e-06 8.333820e-06 8.370459e-06 9.278360e-06
3.557948e+01 7.339676e-06 7.044742e-06 7.111769e-06 7.862516e-06
3.562486e+01 6.190817e-06 5.926902e-06 6.014172e-06 6.631375e-06
3.567023e+01 5.197061e-06 4.962677e-06 5.062020e-06 5.566487e-06
3.571560e+01 4.342002e-06 4.135370e-06 4.240359e-06 4.650278e-06
3.576098e+01 3.610181e-06 3.429321e-06 3.535040e-06 3.866181e-06
3.580635e+01 2.987169e-06 2.829982e-06 2.932798e-06 3.198727e-06
3.585173e+01 2.459623e-06 2.323955e-06 2.421308e-06 2.633605e-06
3.589710e+01 2.015309e-06 1.899011e-06 1.989221e-06 2.157695e-06
3.594247e+01 1.643111e-06 1.544086e-06 1.626174e-06 1.759072e-06
3.598785e+01 1.333006e-06 1.249246e-06 1.322783e-06 1.426988e-06
3.603322e+01 1.076034e-06 1.005649e-06 1.070620e-06 1.151832e-06
3.607860e+01 8.642466e-07 8.054836e-07 8.621750e-07 9.250812e-07
3.612397e+01 6.906490e-07 6.419022e-07 6.908086e-07 7.392362e-07
3.616934e+01 5.491302e-07 5.089484e-07 5.506957e-07 5.877464e-07
3.621472e+01 4.343926e-07 4.014787e-07 4.367647e-07 4.649343e-07
3.626009e+01 3.418771e-07 3.150844e-07 3.446323e-07 3.659145e-07
3.630547e+01 2.676886e-07 2.460133e-07 2.705380e-07 2.865145e-07
3.635084e+01 2.085232e-07 1.910955e-07 2.112789e-07 2.231951e-07
3.639621e+01 1.615980e-07 1.476709e-07 1.641465e-07 1.729766e-07
3.644159e+01 1.245856e-07 1.135233e-07 1.268668e-07 1.333668e-07
3.648696e+01 9.555280e-08 8.681893e-08 9.754336e-08 1.022961e-07
3.653234e+01 7.290482e-08 6.605057e-08 7.460613e-08 7.805775e-08
3.657771e+01 5.533508e-08 4.998800e-08 5.676393e-08 5.925332e-08
3.662308e+01 4.178019e-08 3.763360e-08 4.296209e-08 4.474488e-08
3.666846e+01 3.138051e-08 2.818389e-08 3.234500e-08 3.361263e-08
3.671383e+01 2.344578e-08 2.099599e-08 2.422331e-08 2.511802e-08
3.675920e+01 1.742529e-08 1.555887e-08 1.804513e-08 1.867188e-08
3.680458e+01 1.288251e-08 1.146883e-08 1.337152e-08 1.380719e-08
3.684995e+01 9.473752e-09 8.409225e-09 9.855791e-09 1.015624e-08
3.689533e+01 6.930035e-09 6.133069e-09 7.225752e-09 7.431283e-09
3.694070e+01 5.042467e-09 4.449293e-09 5.269377e-09 5.408731e-09
3.698607e+01 3.649540e-09 3.210575e-09 3.822205e-09 3.915839e-09
3.703145e+01 2.627367e-09 2.304417e-09 2.757677e-09 2.820008e-09
3.707682e+01 1.881387e-09 1.645130e-09 1.978966e-09 2.020067e-09
3.712220e+01 1.339998e-09 1.168159e-09 1.412521e-09 1.439313e-09
3.716757e+01 9.492547e-10 8.249916e-10 1.002736e-09 1.020036e-09
3.721294e+01 6.688605e-10 5.795167e-10 7.080346e-10 7.190303e-10
3.725832e+01 4.687561e-10 4.048852e-10 4.972342e-10 5.041488e-10
3.730369e+01 3.267420e-10 2.813255e-10 3.473215e-10 3.515791e-10
3.734907e+01 2.265196e-10 1.944164e-10 2.412811e-10 2.438614e-10
3.739444e+01 1.561973e-10 1.336388e-10 1.667143e-10 1.682387e-10
3.743981e+01 1.071050e-10 9.132771e-11 1.145474e-10 1.154399e-10
3.748519e+01 7.302346e-11 6.206344e-11 7.825770e-11 7.874923e-11
3.753056e+01 4.950574e-11 4.193620e-11 5.317259e-11 5.340842e-11
3.757594e+01 3.337083e-11 2.816929e-11 3.592580e-11 3.601741e-11
3.762131e+01 2.234663e-11 1.878882e-11 2.411795e-11 2.413313e-11
3.766668e+01 1.487526e-11 1.245128e-11 1.609554e-11 1.607895e-11
3.771206e+01 9.826648e-12 8.190141e-12 1.066156e-11 1.062824e-11
3.775743e+01 6.453463e-12 5.354282e-12 7.022642e-12 6.983465e-12
3.780281e+01 4.199786e-12 3.458934e-12 4.600200e-12 4.540224e-12
3.784818e+01 2.708374e-12 2.204043e-12 2.987886e-12 2.933194e-12
3.789355e+01 1.720626e-12 1.375304e-12 1.913106e-12 1.873468e-12
3.793893e+01 1.068730e-12 8.460793e-13 1.192310e-12 1.167800e-12
3.798430e+01 6.314557e-13 4.956872e-13 7.105088e-13 6.881710e-13
3.802967e+01 3.517988e-13 2.778768e-13 3.940693e-13 3.834502e-13
3.807505e+01 1.919017e-13 1.355688e-13 2.271651e-13 2.129712e-13
3.812042e+01 9.588384e-14 6.115624e-14 1.183847e-13 1.081106e-13
3.816580e+01 4.125642e-14 2.428125e-14 5.135311e-14 4.813491e-14
3.821117e+01 1.847531e-14 9.354065e-15 2.211617e-14 2.395568e-14
3.825654e+01 6.277847e-15 1.326590e-15 7.773907e-15 9.733043e-15
3.830192e+01 0.000000e+00 0.000000e+00 0.000000e+00 0.000000e+00
3.834729e+01 0.000000e+00 0.000000e+00 0.000000e+00 0.000000e+00
3.839267e+01 0.000000e+00 0.000000e+00 0.000000e+00 0.000000e+00
3.843804e+01 0.000000e+00 0.000000e+00 0.000000e+00 0.000000e+00
3.848341e+01 0.000000e+00 0.000000e+00 0.000000e+00 0.000000e+00
3.852879e+01 0.000000e+00 0.000000e+00 0.000000e+00 0.000000e+00
3.857416e+01 0.000000e+00 0.000000e+00 0.000000e+00 0.000000e+00
3.861954e+01 0.000000e+00 0.000000e+00 0.000000e+00 0.000000e+00
3.866491e+01 0.000000e+00 0.000000e+00 0.000000e+00 0.000000e+00
3.871028e+01 0.000000e+00 0.000000e+00 0.000000e+00 0.000000e+00
3.875566e+01 0.000000e+00 0.000000e+00 0.000000e+00 0.000000e+00
3.880103e+01 0.000000e+00 0.000000e+00 0.000000e+00 0.000000e+00
3.884641e+01 0.000000e+00 0.000000e+00 0.000000e+00 0.000000e+00
3.889178e+01 0.000000e+00 0.000000e+00 0.000000e+00 0.000000e+00
3.893715e+01 0.000000e+00 0.000000e+00 0.000000e+00 0.000000e+00
3.898253e+01 0.000000e+00 0.000000e+00 0.000000e+00 0.000000e+00
3.902790e+01 0.000000e+00 0.000000e+00 0.000000e+00 0.000000e+00
3.907327e+01 0.000000e+00 0.000000e+00 0.000000e+00 0.000000e+00
3.911865e+01 0.000000e+00 0.000000e+00 0.000000e+00 0.000000e+00
3.916402e+01 0.000000e+00 0.000000e+00 0.000000e+00 0.000000e+00
3.920940e+01 0.000000e+00 0.000000e+00 0.000000e+00 0.000000e+00
3.925477e+01 0.000000e+00 0.000000e+00 0.000000e+00 0.000000e+00
3.930014e+01 0.000000e+00 0.000000e+00 0.000000e+00 0.000000e+00
3.934552e+01 0.000000e+00 0.000000e+00 0.000000e+00 0.000000e+00
3.939089e+01 0.000000e+00 0.000000e+00 0.000000e+00 0.000000e+00
3.943627e+01 0.000000e+00 0.000000e+00 0.000000e+00 0.000000e+00
3.948164e+01 0.000000e+00 0.000000e+00 0.000000e+00 0.000000e+00
3.952701e+01 0.000000e+00 0.000000e+00 0.000000e+00 0.000000e+00
3.957239e+01 0.000000e+00 0.000000e+00 0.000000e+00 0.000000e+00
3.961776e+01 0.000000e+00 0.000000e+00 0.000000e+00 0.000000e+00
3.966314e+01 0.000000e+00 0.000000e+00 0.000000e+00 0.000000e+00
3.970851e+01 0.000000e+00 0.000000e+00 0.000000e+00 0.000000e+00
3.975388e+01 0.000000e+00 0.000000e+00 0.000000e+00 0.000000e+00
3.979926e+01 0.000000e+00 0.000000e+00 0.000000e+00 0.000000e+00
3.984463e+01 0.000000e+00 0.000000e+00 0.000000e+00 0.000000e+00
3.989001e+01 0.000000e+00 0.000000e+00 0.000000e+00 0.000000e+00
3.993538e+01 0.000000e+00 0.000000e+00 0.000000e+00 0.000000e+00
3.998075e+01 0.000000e+00 0.000000e+00 0.000000e+00 0.000000e+00
4.002613e+01 0.000000e+00 0.000000e+00 0.000000e+00 0.000000e+00
4.007150e+01 0.000000e+00 0.000000e+00 0.000000e+00 0.000000e+00
4.011687e+01 0.000000e+00 0.000000e+00 0.000000e+00 0.000000e+00
4.016225e+01 0.000000e+00 0.000000e+00 0.000000e+00 0.000000e+00
4.020762e+01 0.000000e+00 0.000000e+00 0.000000e+00 0.000000e+00
4.025300e+01 0.000000e+00 0.000000e+00 0.000000e+00 0.000000e+00
4.029837e+01 0.000000e+00 0.000000e+00 0.000000e+00 0.000000e+00
4.034374e+01 0.000000e+00 0.000000e+00 0.000000e+00 0.000000e+00
4.038912e+01 0.000000e+00 0.000000e+00 0.000000e+00 0.000000e+00
4.043449e+01 0.000000e+00 0.000000e+00 0.000000e+00 0.000000e+00
4.047987e+01 0.000000e+00 0.000000e+00 0.000000e+00 0.000000e+00
4.052524e+01 0.000000e+00 0.000000e+00 0.000000e+00 0.000000e+00
4.057061e+01 0.000000e+00 0.000000e+00 0.000000e+00 0.000000e+00
4.061599e+01 0.000000e+00 0.000000e+00 0.000000e+00 0.000000e+00
4.066136e+01 0.000000e+00 0.000000e+00 0.000000e+00 0.000000e+00
4.070674e+01 0.000000e+00 0.000000e+00 0.000000e+00 0.000000e+00
4.075211e+01 0.000000e+00 0.000000e+00 0.000000e+00 0.000000e+00
4.079748e+01 0.000000e+00 0.000000e+00 0.000000e+00 0.000000e+00
4.084286e+01 0.000000e+00 0.000000e+00 0.000000e+00 0.000000e+00
4.088823e+01 0.000000e+00 0.000000e+00 0.000000e+00 0.000000e+00
4.093361e+01 0.000000e+00 0.000000e+00 0.000000e+00 0.000000e+00
4.097898e+01 0.000000e+00 0.000000e+00 0.000000e+00 0.000000e+00
4.102435e+01 0.000000e+00 0.000000e+00 0.000000e+00 0.000000e+00
4.106973e+01 0.000000e+00 0.000000e+00 0.000000e+00 0.000000e+00
4.111510e+01 0.000000e+00 0.000000e+00 0.000000e+00 0.000000e+00
4.116048e+01 0.000000e+00 0.000000e+00 0.000000e+00 0.000000e+00
4.120585e+01 0.000000e+00 0.000000e+00 0.000000e+00 0.000000e+00
4.125122e+01 0.000000e+00 0.000000e+00 0.000000e+00 0.000000e+00
4.129660e+01 0.000000e+00 0.000000e+00 0.000000e+00 0.000000e+00
4.134197e+01 0.000000e+00 0.000000e+00 0.000000e+00 0.000000e+00
4.138734e+01 0.000000e+00 0.000000e+00 0.000000e+00 0.000000e+00
4.143272e+01 0.000000e+00 0.000000e+00 0.000000e+00 0.000000e+00
4.147809e+01 0.000000e+00 0.000000e+00 0.000000e+00 0.000000e+00
4.152347e+01 0.000000e+00 0.000000e+00 0.000000e+00 0.000000e+00
4.156884e+01 0.000000e+00 0.000000e+00 0.000000e+00 0.000000e+00
4.161421e+01 0.000000e+00 0.000000e+00 0.000000e+00 0.000000e+00
4.165959e+01 0.000000e+00 0.000000e+00 0.000000e+00 0.000000e+00
4.170496e+01 0.000000e+00 0.000000e+00 0.000000e+00 0.000000e+00
4.175034e+01 0.000000e+00 0.000000e+00 0.000000e+00 0.000000e+00
4.179571e+01 0.000000e+00 0.000000e+00 0.000000e+00 0.000000e+00
4.184108e+01 0.000000e+00 0.000000e+00 0.000000e+00 0.000000e+00
4.188646e+01 0.000000e+00 0.000000e+00 0.000000e+00 0.000000e+00
4.193183e+01 0.000000e+00 0.000000e+00 0.000000e+00 0.000000e+00
4.197721e+01 0.000000e+00 0.000000e+00 0.000000e+00 0.000000e+00
4.202258e+01 0.000000e+00 0.000000e+00 0.000000e+00 0.000000e+00
4.206795e+01 0.000000e+00 0.000000e+00 0.000000e+00 0.000000e+00
4.211333e+01 0.000000e+00 0.000000e+00 0.000000e+00 0.000000e+00
4.215870e+01 0.000000e+00 0.000000e+00 0.000000e+00 0.000000e+00
4.220408e+01 0.000000e+00 0.000000e+00 0.000000e+00 0.000000e+00
4.224945e+01 0.000000e+00 0.000000e+00 0.000000e+00 0.000000e+00
4.229482e+01 0.000000e+00 0.000000e+00 0.000000e+00 0.000000e+00
4.234020e+01 0.000000e+00 0.000000e+00 0.000000e+00 0.000000e+00
4.238557e+01 0.000000e+00 0.000000e+00 0.000000e+00 0.000000e+00
4.243094e+01 0.000000e+00 0.000000e+00 0.000000e+00 0.000000e+00
4.247632e+01 0.000000e+00 0.000000e+00 0.000000e+00 0.000000e+00
4.252169e+01 0.000000e+00 0.000000e+00 0.000000e+00 0.000000e+00
4.256707e+01 0.000000e+00 0.000000e+00 0.000000e+00 0.000000e+00
4.261244e+01 0.000000e+00 0.000000e+00 0.000000e+00 0.000000e+00
4.265781e+01 0.000000e+00 0.000000e+00 0.000000e+00 0.000000e+00
4.270319e+01 0.000000e+00 0.000000e+00 0.000000e+00 0.000000e+00
4.274856e+01 0.000000e+00 0.000000e+00 0.000000e+00 0.000000e+00
4.279394e+01 0.000000e+00 0.000000e+00 0.000000e+00 0.000000e+00
4.283931e+01 0.000000e+00 0.000000e+00 0.000000e+00 0.000000e+00
4.288468e+01 0.000000e+00 0.000000e+00 0.000000e+00 0.000000e+00
4.293006e+01 0.000000e+00 0.000000e+00 0.000000e+00 0.000000e+00
4.297543e+01 0.000000e+00 0.000000e+00 0.000000e+00 0.000000e+00
4.302081e+01 0.000000e+00 0.000000e+00 0.000000e+00 0.000000e+00
4.306618e+01 0.000000e+00 0.000000e+00 0.000000e+00 0.000000e+00
4.311155e+01 0.000000e+00 0.000000e+00 0.000000e+00 0.000000e+00
4.315693e+01 0.000000e+00 0.000000e+00 0.000000e+00 0.000000e+00
4.320230e+01 0.000000e+00 0.000000e+00 0.000000e+00 0.000000e+00
4.324768e+01 0.000000e+00 0.000000e+00 0.000000e+00 0.000000e+00
4.329305e+01 0.000000e+00 0.000000e+00 0.000000e+00 0.000000e+00
4.333842e+01 0.000000e+00 0.000000e+00 0.000000e+00 0.000000e+00
4.338380e+01 0.000000e+00 0.000000e+00 0.000000e+00 0.000000e+00
4.342917e+01 0.000000e+00 0.000000e+00 0.000000e+00 0.000000e+00
4.347455e+01 0.000000e+00 0.000000e+00 0.000000e+00 0.000000e+00
4.351992e+01 0.000000e+00 0.000000e+00 0.000000e+00 0.000000e+00
4.356529e+01 0.000000e+00 0.000000e+00 0.000000e+00 0.000000e+00
4.361067e+01 0.000000e+00 0.000000e+00 0.000000e+00 0.000000e+00
4.365604e+01 0.000000e+00 0.000000e+00 0.000000e+00 0.000000e+00
4.370141e+01 0.000000e+00 0.000000e+00 0.000000e+00 0.000000e+00
4.374679e+01 0.000000e+00 0.000000e+00 0.000000e+00 0.000000e+00
4.379216e+01 0.000000e+00 0.000000e+00 0.000000e+00 0.000000e+00
4.383754e+01 0.000000e+00 0.000000e+00 0.000000e+00 0.000000e+00
4.388291e+01 0.000000e+00 0.000000e+00 0.000000e+00 0.000000e+00
4.392828e+01 0.000000e+00 0.000000e+00 0.000000e+00 0.000000e+00
4.397366e+01 0.000000e+00 0.000000e+00 0.000000e+00 0.000000e+00
4.401903e+01 0.000000e+00 0.000000e+00 0.000000e+00 0.000000e+00
4.406441e+01 0.000000e+00 0.000000e+00 0.000000e+00 0.000000e+00
4.410978e+01 0.000000e+00 0.000000e+00 0.000000e+00 0.000000e+00
4.415515e+01 0.000000e+00 0.000000e+00 0.000000e+00 0.000000e+00
4.420053e+01 0.000000e+00 0.000000e+00 0.000000e+00 0.000000e+00
4.424590e+01 0.000000e+00 0.000000e+00 0.000000e+00 0.000000e+00
4.429128e+01 0.000000e+00 0.000000e+00 0.000000e+00 0.000000e+00
