-5.036505e+00 0.000000e+00
-4.991131e+00 0.000000e+00
-4.945757e+00 0.000000e+00
-4.900383e+00 0.000000e+00
-4.855009e+00 0.000000e+00
-4.809636e+00 0.000000e+00
-4.764262e+00 0.000000e+00
-4.718888e+00 0.000000e+00
-4.673514e+00 0.000000e+00
-4.628140e+00 0.000000e+00
-4.582766e+00 0.000000e+00
-4.537392e+00 0.000000e+00
-4.492018e+00 0.000000e+00
-4.446644e+00 0.000000e+00
-4.401270e+00 0.000000e+00
-4.355896e+00 0.000000e+00
-4.310522e+00 0.000000e+00
-4.265148e+00 0.000000e+00
-4.219775e+00 0.000000e+00
-4.174401e+00 0.000000e+00
-4.129027e+00 0.000000e+00
-4.083653e+00 0.000000e+00
-4.038279e+00 0.000000e+00
-3.992905e+00 0.000000e+00
-3.947531e+00 0.000000e+00
-3.902157e+00 0.000000e+00
-3.856783e+00 0.000000e+00
-3.811409e+00 0.000000e+00
-3.766035e+00 0.000000e+00
-3.720661e+00 0.000000e+00
-3.675288e+00 0.000000e+00
-3.629914e+00 1.314055e-08
-3.584540e+00 2.070455e-08
-3.539166e+00 3.243650e-08
-3.493792e+00 5.052644e-08
-3.448418e+00 7.825636e-08
-3.403044e+00 1.205139e-07
-3.357670e+00 1.845315e-07
-3.312296e+00 2.809445e-07
-3.266922e+00 4.252917e-07
-3.221548e+00 6.401319e-07
-3.176174e+00 9.580064e-07
-3.130800e+00 1.425554e-06
-3.085427e+00 2.109188e-06
-3.040053e+00 3.102867e-06
-2.994679e+00 4.538658e-06
-2.949305e+00 6.600975e-06
-2.903931e+00 9.545638e-06
-2.858557e+00 1.372518e-05
-2.813183e+00 1.962220e-05
-2.767809e+00 2.789290e-05
-2.722435e+00 3.942356e-05
-2.677061e+00 5.540314e-05
-2.631687e+00 7.741574e-05
-2.586313e+00 1.075574e-04
-2.540940e+00 1.485826e-04
-2.495566e+00 2.040854e-04
-2.450192e+00 2.787225e-04
-2.404818e+00 3.784849e-04
-2.359444e+00 5.110241e-04
-2.314070e+00 6.860417e-04
-2.268696e+00 9.157480e-04
-2.223322e+00 1.215396e-03
-2.177948e+00 1.603895e-03
-2.132574e+00 2.104507e-03
-2.087200e+00 2.745625e-03
-2.041826e+00 3.561626e-03
-1.996452e+00 4.593797e-03
-1.951079e+00 5.891306e-03
-1.905705e+00 7.512209e-03
-1.860331e+00 9.524454e-03
-1.814957e+00 1.200684e-02
-1.769583e+00 1.504991e-02
-1.724209e+00 1.875665e-02
-1.678835e+00 2.324305e-02
-1.633461e+00 2.863829e-02
-1.588087e+00 3.508468e-02
-1.542713e+00 4.273702e-02
-1.497339e+00 5.176155e-02
-1.451965e+00 6.233424e-02
-1.406592e+00 7.463841e-02
-1.361218e+00 8.886165e-02
-1.315844e+00 1.051920e-01
-1.270470e+00 1.238133e-01
-1.225096e+00 1.449000e-01
-1.179722e+00 1.686109e-01
-1.134348e+00 1.950830e-01
-1.088974e+00 2.244241e-01
-1.043600e+00 2.567058e-01
-9.982262e-01 2.919566e-01
-9.528523e-01 3.301546e-01
-9.074784e-01 3.712211e-01
-8.621045e-01 4.150154e-01
-8.167306e-01 4.613305e-01
-7.713566e-01 5.098900e-01
-7.259827e-01 5.603470e-01
-6.806088e-01 6.122856e-01
-6.352349e-01 6.652230e-01
-5.898610e-01 7.186160e-01
-5.444870e-01 7.718675e-01
-4.991131e-01 8.243374e-01
-4.537392e-01 8.753537e-01
-4.083653e-01 9.242266e-01
-3.629914e-01 9.702635e-01
-3.176174e-01 1.012785e+00
-2.722435e-01 1.051141e+00
-2.268696e-01 1.084729e+00
-1.814957e-01 1.113007e+00
-1.361218e-01 1.135509e+00
-9.074784e-02 1.151860e+00
-4.537392e-02 1.161784e+00
0.000000e+00 1.165111e+00
4.537392e-02 1.161784e+00
9.074784e-02 1.151860e+00
1.361218e-01 1.135509e+00
1.814957e-01 1.113007e+00
2.268696e-01 1.084729e+00
2.722435e-01 1.051141e+00
3.176174e-01 1.012785e+00
3.629914e-01 9.702635e-01
4.083653e-01 9.242266e-01
4.537392e-01 8.753537e-01
4.991131e-01 8.243374e-01
5.444870e-01 7.718675e-01
5.898610e-01 7.186160e-01
6.352349e-01 6.652230e-01
6.806088e-01 6.122856e-01
7.259827e-01 5.603470e-01
7.713566e-01 5.098900e-01
8.167306e-01 4.613305e-01
8.621045e-01 4.150154e-01
9.074784e-01 3.712211e-01
9.528523e-01 3.301546e-01
9.982262e-01 2.919566e-01
1.043600e+00 2.567058e-01
1.088974e+00 2.244241e-01
1.134348e+00 1.950830e-01
1.179722e+00 1.686109e-01
1.225096e+00 1.449000e-01
1.270470e+00 1.238133e-01
1.315844e+00 1.051920e-01
1.361218e+00 8.886165e-02
1.406592e+00 7.463841e-02
1.451965e+00 6.233424e-02
1.497339e+00 5.176155e-02
1.542713e+00 4.273702e-02
1.588087e+00 3.508468e-02
1.633461e+00 2.863829e-02
1.678835e+00 2.324305e-02
1.724209e+00 1.875665e-02
1.769583e+00 1.504991e-02
1.814957e+00 1.200684e-02
1.860331e+00 9.524454e-03
1.905705e+00 7.512209e-03
1.951079e+00 5.891306e-03
1.996452e+00 4.593797e-03
2.041826e+00 3.561626e-03
2.087200e+00 2.745625e-03
2.132574e+00 2.104507e-03
2.177948e+00 1.603895e-03
2.223322e+00 1.215396e-03
2.268696e+00 9.157480e-04
2.314070e+00 6.860417e-04
2.359444e+00 5.110241e-04
2.404818e+00 3.784849e-04
2.450192e+00 2.787225e-04
2.495566e+00 2.040854e-04
2.540940e+00 1.485826e-04
2.586313e+00 1.075574e-04
2.631687e+00 7.741574e-05
2.677061e+00 5.540314e-05
2.722435e+00 3.942356e-05
2.767809e+00 2.789290e-05
2.813183e+00 1.962220e-05
2.858557e+00 1.372518e-05
2.903931e+00 9.545638e-06
2.949305e+00 6.600975e-06
2.994679e+00 4.538658e-06
3.040053e+00 3.102867e-06
3.085427e+00 2.109188e-06
3.130800e+00 1.425554e-06
3.176174e+00 9.580064e-07
3.221548e+00 6.401319e-07
3.266922e+00 4.252917e-07
3.312296e+00 2.809445e-07
3.357670e+00 1.845315e-07
3.403044e+00 1.205139e-07
3.448418e+00 7.825636e-08
3.493792e+00 5.052644e-08
3.539166e+00 3.243650e-08
3.584540e+00 2.070455e-08
3.629914e+00 1.314055e-08
3.675288e+00 0.000000e+00
3.720661e+00 0.000000e+00
3.766035e+00 0.000000e+00
3.811409e+00 0.000000e+00
3.856783e+00 0.000000e+00
3.902157e+00 0.000000e+00
3.947531e+00 0.000000e+00
3.992905e+00 0.000000e+00
4.038279e+00 0.000000e+00
4.083653e+00 0.000000e+00
4.129027e+00 0.000000e+00
4.174401e+00 0.000000e+00
4.219775e+00 0.000000e+00
4.265148e+00 0.000000e+00
4.310522e+00 0.000000e+00
4.355896e+00 0.000000e+00
4.401270e+00 0.000000e+00
4.446644e+00 0.000000e+00
4.492018e+00 0.000000e+00
4.537392e+00 0.000000e+00
4.582766e+00 0.000000e+00
4.628140e+00 0.000000e+00
4.673514e+00 0.000000e+00
4.718888e+00 0.000000e+00
4.764262e+00 0.000000e+00
4.809636e+00 0.000000e+00
4.855009e+00 0.000000e+00
4.900383e+00 0.000000e+00
4.945757e+00 0.000000e+00
4.991131e+00 0.000000e+00
5.036505e+00 0.000000e+00
5.081879e+00 0.000000e+00
5.127253e+00 0.000000e+00
5.172627e+00 0.000000e+00
5.218001e+00 0.000000e+00
5.263375e+00 0.000000e+00
5.308749e+00 0.000000e+00
5.354123e+00 0.000000e+00
5.399496e+00 0.000000e+00
5.444870e+00 0.000000e+00
5.490244e+00 0.000000e+00
5.535618e+00 0.000000e+00
5.580992e+00 0.000000e+00
5.626366e+00 0.000000e+00
5.671740e+00 0.000000e+00
5.717114e+00 0.000000e+00
5.762488e+00 0.000000e+00
5.807862e+00 0.000000e+00
5.853236e+00 0.000000e+00
5.898610e+00 0.000000e+00
5.943984e+00 0.000000e+00
5.989357e+00 0.000000e+00
6.034731e+00 0.000000e+00
6.080105e+00 0.000000e+00
6.125479e+00 0.000000e+00
6.170853e+00 0.000000e+00
6.216227e+00 0.000000e+00
6.261601e+00 0.000000e+00
6.306975e+00 0.000000e+00
6.352349e+00 0.000000e+00
6.397723e+00 0.000000e+00
6.443097e+00 0.000000e+00
6.488471e+00 0.000000e+00
6.533844e+00 0.000000e+00
6.579218e+00 0.000000e+00
6.624592e+00 0.000000e+00
6.669966e+00 0.000000e+00
6.715340e+00 0.000000e+00
6.760714e+00 0.000000e+00
6.806088e+00 0.000000e+00
6.851462e+00 0.000000e+00
6.896836e+00 0.000000e+00
6.942210e+00 0.000000e+00
6.987584e+00 0.000000e+00
7.032958e+00 0.000000e+00
7.078332e+00 0.000000e+00
7.123705e+00 0.000000e+00
7.169079e+00 0.000000e+00
7.214453e+00 0.000000e+00
7.259827e+00 0.000000e+00
7.305201e+00 0.000000e+00
7.350575e+00 0.000000e+00
7.395949e+00 0.000000e+00
7.441323e+00 0.000000e+00
7.486697e+00 0.000000e+00
7.532071e+00 0.000000e+00
7.577445e+00 0.000000e+00
7.622819e+00 0.000000e+00
7.668192e+00 0.000000e+00
7.713566e+00 0.000000e+00
7.758940e+00 0.000000e+00
7.804314e+00 0.000000e+00
7.849688e+00 0.000000e+00
7.895062e+00 0.000000e+00
7.940436e+00 0.000000e+00
7.985810e+00 0.000000e+00
8.031184e+00 0.000000e+00
8.076558e+00 0.000000e+00
8.121932e+00 0.000000e+00
8.167306e+00 0.000000e+00
8.212680e+00 0.000000e+00
8.258053e+00 0.000000e+00
8.303427e+00 0.000000e+00
8.348801e+00 0.000000e+00
8.394175e+00 0.000000e+00
8.439549e+00 0.000000e+00
8.484923e+00 0.000000e+00
8.530297e+00 0.000000e+00
8.575671e+00 0.000000e+00
8.621045e+00 0.000000e+00
8.666419e+00 0.000000e+00
8.711793e+00 0.000000e+00
8.757167e+00 0.000000e+00
8.802540e+00 0.000000e+00
8.847914e+00 0.000000e+00
8.893288e+00 0.000000e+00
8.938662e+00 0.000000e+00
8.984036e+00 0.000000e+00
9.029410e+00 0.000000e+00
9.074784e+00 0.000000e+00
9.120158e+00 0.000000e+00
9.165532e+00 0.000000e+00
9.210906e+00 0.000000e+00
9.256280e+00 0.000000e+00
9.301654e+00 0.000000e+00
9.347028e+00 0.000000e+00
9.392401e+00 0.000000e+00
9.437775e+00 0.000000e+00
9.483149e+00 0.000000e+00
9.528523e+00 0.000000e+00
9.573897e+00 0.000000e+00
9.619271e+00 0.000000e+00
9.664645e+00 0.000000e+00
9.710019e+00 0.000000e+00
9.755393e+00 0.000000e+00
9.800767e+00 0.000000e+00
9.846141e+00 0.000000e+00
9.891515e+00 0.000000e+00
9.936888e+00 0.000000e+00
9.982262e+00 0.000000e+00
1.002764e+01 0.000000e+00
1.007301e+01 0.000000e+00
1.011838e+01 0.000000e+00
1.016376e+01 0.000000e+00
1.020913e+01 0.000000e+00
1.025451e+01 0.000000e+00
1.029988e+01 0.000000e+00
1.034525e+01 0.000000e+00
1.039063e+01 0.000000e+00
1.043600e+01 0.000000e+00
1.048138e+01 0.000000e+00
1.052675e+01 0.000000e+00
1.057212e+01 0.000000e+00
1.061750e+01 0.000000e+00
1.066287e+01 0.000000e+00
1.070825e+01 0.000000e+00
1.075362e+01 0.000000e+00
1.079899e+01 0.000000e+00
1.084437e+01 0.000000e+00
1.088974e+01 0.000000e+00
1.093511e+01 0.000000e+00
1.098049e+01 0.000000e+00
1.102586e+01 0.000000e+00
1.107124e+01 0.000000e+00
1.111661e+01 0.000000e+00
1.116198e+01 0.000000e+00
1.120736e+01 0.000000e+00
1.125273e+01 0.000000e+00
1.129811e+01 0.000000e+00
1.134348e+01 0.000000e+00
1.138885e+01 0.000000e+00
1.143423e+01 0.000000e+00
1.147960e+01 0.000000e+00
1.152498e+01 0.000000e+00
1.157035e+01 0.000000e+00
1.161572e+01 0.000000e+00
1.166110e+01 0.000000e+00
1.170647e+01 0.000000e+00
1.175185e+01 0.000000e+00
1.179722e+01 0.000000e+00
1.184259e+01 0.000000e+00
1.188797e+01 0.000000e+00
1.193334e+01 0.000000e+00
1.197871e+01 0.000000e+00
1.202409e+01 0.000000e+00
1.206946e+01 0.000000e+00
1.211484e+01 0.000000e+00
1.216021e+01 0.000000e+00
1.220558e+01 0.000000e+00
1.225096e+01 0.000000e+00
1.229633e+01 0.000000e+00
1.234171e+01 0.000000e+00
1.238708e+01 0.000000e+00
1.243245e+01 0.000000e+00
1.247783e+01 0.000000e+00
1.252320e+01 0.000000e+00
1.256858e+01 0.000000e+00
1.261395e+01 0.000000e+00
1.265932e+01 0.000000e+00
1.270470e+01 0.000000e+00
1.275007e+01 0.000000e+00
1.279545e+01 0.000000e+00
1.284082e+01 0.000000e+00
1.288619e+01 0.000000e+00
1.293157e+01 0.000000e+00
1.297694e+01 0.000000e+00
1.302232e+01 0.000000e+00
1.306769e+01 0.000000e+00
1.311306e+01 0.000000e+00
1.315844e+01 0.000000e+00
1.320381e+01 0.000000e+00
1.324918e+01 0.000000e+00
1.329456e+01 0.000000e+00
1.333993e+01 0.000000e+00
1.338531e+01 0.000000e+00
1.343068e+01 0.000000e+00
1.347605e+01 0.000000e+00
1.352143e+01 0.000000e+00
1.356680e+01 0.000000e+00
1.361218e+01 0.000000e+00
1.365755e+01 0.000000e+00
1.370292e+01 0.000000e+00
1.374830e+01 0.000000e+00
1.379367e+01 0.000000e+00
1.383905e+01 0.000000e+00
1.388442e+01 0.000000e+00
1.392979e+01 0.000000e+00
1.397517e+01 0.000000e+00
1.402054e+01 0.000000e+00
1.406592e+01 0.000000e+00
1.411129e+01 0.000000e+00
1.415666e+01 0.000000e+00
1.420204e+01 0.000000e+00
1.424741e+01 0.000000e+00
1.429278e+01 0.000000e+00
1.433816e+01 0.000000e+00
1.438353e+01 0.000000e+00
1.442891e+01 0.000000e+00
1.447428e+01 0.000000e+00
1.451965e+01 0.000000e+00
1.456503e+01 0.000000e+00
1.461040e+01 0.000000e+00
1.465578e+01 0.000000e+00
1.470115e+01 0.000000e+00
1.474652e+01 0.000000e+00
1.479190e+01 0.000000e+00
1.483727e+01 0.000000e+00
1.488265e+01 0.000000e+00
1.492802e+01 0.000000e+00
1.497339e+01 0.000000e+00
1.501877e+01 0.000000e+00
1.506414e+01 0.000000e+00
1.510952e+01 0.000000e+00
1.515489e+01 0.000000e+00
1.520026e+01 0.000000e+00
1.524564e+01 0.000000e+00
1.529101e+01 0.000000e+00
1.533638e+01 0.000000e+00
1.538176e+01 0.000000e+00
1.542713e+01 0.000000e+00
1.547251e+01 0.000000e+00
1.551788e+01 0.000000e+00
1.556325e+01 0.000000e+00
1.560863e+01 0.000000e+00
1.565400e+01 0.000000e+00
1.569938e+01 0.000000e+00
1.574475e+01 0.000000e+00
1.579012e+01 0.000000e+00
1.583550e+01 0.000000e+00
1.588087e+01 0.000000e+00
1.592625e+01 0.000000e+00
1.597162e+01 0.000000e+00
1.601699e+01 0.000000e+00
1.606237e+01 0.000000e+00
1.610774e+01 0.000000e+00
1.615312e+01 0.000000e+00
1.619849e+01 0.000000e+00
1.624386e+01 0.000000e+00
1.628924e+01 0.000000e+00
1.633461e+01 0.000000e+00
1.637999e+01 0.000000e+00
1.642536e+01 0.000000e+00
1.647073e+01 0.000000e+00
1.651611e+01 0.000000e+00
1.656148e+01 0.000000e+00
1.660685e+01 0.000000e+00
1.665223e+01 0.000000e+00
1.669760e+01 0.000000e+00
1.674298e+01 0.000000e+00
1.678835e+01 0.000000e+00
1.683372e+01 0.000000e+00
1.687910e+01 0.000000e+00
1.692447e+01 0.000000e+00
1.696985e+01 0.000000e+00
1.701522e+01 0.000000e+00
1.706059e+01 0.000000e+00
1.710597e+01 0.000000e+00
1.715134e+01 0.000000e+00
1.719672e+01 0.000000e+00
1.724209e+01 0.000000e+00
1.728746e+01 0.000000e+00
1.733284e+01 0.000000e+00
1.737821e+01 0.000000e+00
1.742359e+01 0.000000e+00
1.746896e+01 0.000000e+00
1.751433e+01 0.000000e+00
1.755971e+01 0.000000e+00
1.760508e+01 0.000000e+00
1.765045e+01 0.000000e+00
1.769583e+01 0.000000e+00
1.774120e+01 0.000000e+00
1.778658e+01 0.000000e+00
1.783195e+01 0.000000e+00
1.787732e+01 0.000000e+00
1.792270e+01 0.000000e+00
1.796807e+01 0.000000e+00
1.801345e+01 0.000000e+00
1.805882e+01 0.000000e+00
1.810419e+01 0.000000e+00
1.814957e+01 0.000000e+00
1.819494e+01 0.000000e+00
1.824032e+01 0.000000e+00
1.828569e+01 0.000000e+00
1.833106e+01 0.000000e+00
1.837644e+01 0.000000e+00
1.842181e+01 0.000000e+00
1.846719e+01 0.000000e+00
1.851256e+01 0.000000e+00
1.855793e+01 0.000000e+00
1.860331e+01 0.000000e+00
1.864868e+01 0.000000e+00
1.869406e+01 0.000000e+00
1.873943e+01 0.000000e+00
1.878480e+01 0.000000e+00
1.883018e+01 0.000000e+00
1.887555e+01 0.000000e+00
1.892092e+01 0.000000e+00
1.896630e+01 0.000000e+00
1.901167e+01 0.000000e+00
1.905705e+01 0.000000e+00
1.910242e+01 0.000000e+00
1.914779e+01 0.000000e+00
1.919317e+01 0.000000e+00
1.923854e+01 0.000000e+00
1.928392e+01 0.000000e+00
1.932929e+01 0.000000e+00
1.937466e+01 0.000000e+00
1.942004e+01 0.000000e+00
1.946541e+01 0.000000e+00
1.951079e+01 0.000000e+00
1.955616e+01 0.000000e+00
1.960153e+01 0.000000e+00
1.964691e+01 0.000000e+00
1.969228e+01 0.000000e+00
1.973766e+01 0.000000e+00
1.978303e+01 0.000000e+00
1.982840e+01 0.000000e+00
1.987378e+01 0.000000e+00
1.991915e+01 0.000000e+00
1.996452e+01 0.000000e+00
2.000990e+01 0.000000e+00
2.005527e+01 0.000000e+00
2.010065e+01 0.000000e+00
2.014602e+01 0.000000e+00
2.019139e+01 0.000000e+00
2.023677e+01 0.000000e+00
2.028214e+01 0.000000e+00
2.032752e+01 0.000000e+00
2.037289e+01 0.000000e+00
2.041826e+01 0.000000e+00
2.046364e+01 0.000000e+00
2.050901e+01 0.000000e+00
2.055439e+01 0.000000e+00
2.059976e+01 0.000000e+00
2.064513e+01 0.000000e+00
2.069051e+01 0.000000e+00
2.073588e+01 0.000000e+00
2.078126e+01 0.000000e+00
2.082663e+01 0.000000e+00
2.087200e+01 0.000000e+00
2.091738e+01 0.000000e+00
2.096275e+01 0.000000e+00
2.100812e+01 0.000000e+00
2.105350e+01 0.000000e+00
2.109887e+01 0.000000e+00
2.114425e+01 0.000000e+00
2.118962e+01 0.000000e+00
2.123499e+01 0.000000e+00
2.128037e+01 0.000000e+00
2.132574e+01 0.000000e+00
2.137112e+01 0.000000e+00
2.141649e+01 0.000000e+00
2.146186e+01 0.000000e+00
2.150724e+01 0.000000e+00
2.155261e+01 0.000000e+00
2.159799e+01 0.000000e+00
2.164336e+01 0.000000e+00
2.168873e+01 0.000000e+00
2.173411e+01 0.000000e+00
2.177948e+01 0.000000e+00
2.182486e+01 0.000000e+00
2.187023e+01 0.000000e+00
2.191560e+01 0.000000e+00
2.196098e+01 0.000000e+00
2.200635e+01 0.000000e+00
2.205173e+01 0.000000e+00
2.209710e+01 0.000000e+00
2.214247e+01 0.000000e+00
2.218785e+01 0.000000e+00
2.223322e+01 0.000000e+00
2.227859e+01 0.000000e+00
2.232397e+01 0.000000e+00
2.236934e+01 0.000000e+00
2.241472e+01 0.000000e+00
2.246009e+01 0.000000e+00
2.250546e+01 0.000000e+00
2.255084e+01 0.000000e+00
2.259621e+01 0.000000e+00
2.264159e+01 0.000000e+00
2.268696e+01 0.000000e+00
2.273233e+01 0.000000e+00
2.277771e+01 0.000000e+00
2.282308e+01 0.000000e+00
2.286846e+01 0.000000e+00
2.291383e+01 0.000000e+00
2.295920e+01 0.000000e+00
2.300458e+01 0.000000e+00
2.304995e+01 0.000000e+00
2.309533e+01 0.000000e+00
2.314070e+01 0.000000e+00
2.318607e+01 0.000000e+00
2.323145e+01 0.000000e+00
2.327682e+01 0.000000e+00
2.332219e+01 0.000000e+00
2.336757e+01 0.000000e+00
2.341294e+01 0.000000e+00
2.345832e+01 0.000000e+00
2.350369e+01 0.000000e+00
2.354906e+01 0.000000e+00
2.359444e+01 0.000000e+00
2.363981e+01 0.000000e+00
2.368519e+01 0.000000e+00
2.373056e+01 0.000000e+00
2.377593e+01 0.000000e+00
2.382131e+01 0.000000e+00
2.386668e+01 0.000000e+00
2.391206e+01 0.000000e+00
2.395743e+01 0.000000e+00
2.400280e+01 0.000000e+00
2.404818e+01 0.000000e+00
2.409355e+01 0.000000e+00
2.413893e+01 0.000000e+00
2.418430e+01 0.000000e+00
2.422967e+01 0.000000e+00
2.427505e+01 0.000000e+00
2.432042e+01 0.000000e+00
2.436580e+01 0.000000e+00
2.441117e+01 0.000000e+00
2.445654e+01 0.000000e+00
2.450192e+01 0.000000e+00
2.454729e+01 0.000000e+00
2.459266e+01 0.000000e+00
2.463804e+01 0.000000e+00
2.468341e+01 0.000000e+00
2.472879e+01 0.000000e+00
2.477416e+01 0.000000e+00
2.481953e+01 0.000000e+00
2.486491e+01 0.000000e+00
2.491028e+01 0.000000e+00
2.495566e+01 0.000000e+00
2.500103e+01 0.000000e+00
2.504640e+01 0.000000e+00
2.509178e+01 0.000000e+00
2.513715e+01 0.000000e+00
2.518253e+01 0.000000e+00
2.522790e+01 0.000000e+00
2.527327e+01 0.000000e+00
2.531865e+01 0.000000e+00
2.536402e+01 0.000000e+00
2.540940e+01 0.000000e+00
2.545477e+01 0.000000e+00
2.550014e+01 0.000000e+00
2.554552e+01 0.000000e+00
2.559089e+01 0.000000e+00
2.563626e+01 0.000000e+00
2.568164e+01 0.000000e+00
2.572701e+01 0.000000e+00
2.577239e+01 0.000000e+00
2.581776e+01 0.000000e+00
2.586313e+01 0.000000e+00
2.590851e+01 0.000000e+00
2.595388e+01 0.000000e+00
2.599926e+01 0.000000e+00
2.604463e+01 0.000000e+00
2.609000e+01 0.000000e+00
2.613538e+01 0.000000e+00
2.618075e+01 0.000000e+00
2.622613e+01 0.000000e+00
2.627150e+01 0.000000e+00
2.631687e+01 0.000000e+00
2.636225e+01 0.000000e+00
2.640762e+01 0.000000e+00
2.645300e+01 0.000000e+00
2.649837e+01 0.000000e+00
2.654374e+01 0.000000e+00
2.658912e+01 0.000000e+00
2.663449e+01 0.000000e+00
2.667986e+01 0.000000e+00
2.672524e+01 0.000000e+00
2.677061e+01 0.000000e+00
2.681599e+01 0.000000e+00
2.686136e+01 0.000000e+00
2.690673e+01 0.000000e+00
2.695211e+01 0.000000e+00
2.699748e+01 0.000000e+00
2.704286e+01 0.000000e+00
2.708823e+01 0.000000e+00
2.713360e+01 0.000000e+00
2.717898e+01 0.000000e+00
2.722435e+01 0.000000e+00
2.726973e+01 0.000000e+00
2.731510e+01 0.000000e+00
2.736047e+01 0.000000e+00
2.740585e+01 0.000000e+00
2.745122e+01 0.000000e+00
2.749660e+01 0.000000e+00
2.754197e+01 0.000000e+00
2.758734e+01 0.000000e+00
2.763272e+01 0.000000e+00
2.767809e+01 0.000000e+00
2.772347e+01 0.000000e+00
2.776884e+01 0.000000e+00
2.781421e+01 0.000000e+00
2.785959e+01 0.000000e+00
2.790496e+01 0.000000e+00
2.795033e+01 0.000000e+00
2.799571e+01 0.000000e+00
2.804108e+01 0.000000e+00
2.808646e+01 0.000000e+00
2.813183e+01 0.000000e+00
2.817720e+01 0.000000e+00
2.822258e+01 0.000000e+00
2.826795e+01 0.000000e+00
2.831333e+01 0.000000e+00
2.835870e+01 0.000000e+00
2.840407e+01 0.000000e+00
2.844945e+01 0.000000e+00
2.849482e+01 0.000000e+00
2.854020e+01 0.000000e+00
2.858557e+01 0.000000e+00
2.863094e+01 0.000000e+00
2.867632e+01 0.000000e+00
2.872169e+01 0.000000e+00
2.876707e+01 0.000000e+00
2.881244e+01 0.000000e+00
2.885781e+01 0.000000e+00
2.890319e+01 0.000000e+00
2.894856e+01 0.000000e+00
2.899393e+01 0.000000e+00
2.903931e+01 0.000000e+00
2.908468e+01 0.000000e+00
2.913006e+01 0.000000e+00
2.917543e+01 0.000000e+00
2.922080e+01 0.000000e+00
2.926618e+01 0.000000e+00
2.931155e+01 0.000000e+00
2.935693e+01 0.000000e+00
2.940230e+01 0.000000e+00
2.944767e+01 0.000000e+00
2.949305e+01 0.000000e+00
2.953842e+01 0.000000e+00
2.958380e+01 0.000000e+00
2.962917e+01 0.000000e+00
2.967454e+01 0.000000e+00
2.971992e+01 0.000000e+00
2.976529e+01 0.000000e+00
2.981067e+01 0.000000e+00
2.985604e+01 0.000000e+00
2.990141e+01 0.000000e+00
2.994679e+01 0.000000e+00
2.999216e+01 0.000000e+00
3.003754e+01 0.000000e+00
3.008291e+01 0.000000e+00
3.012828e+01 0.000000e+00
3.017366e+01 0.000000e+00
3.021903e+01 0.000000e+00
3.026440e+01 0.000000e+00
3.030978e+01 0.000000e+00
3.035515e+01 0.000000e+00
3.040053e+01 0.000000e+00
3.044590e+01 0.000000e+00
3.049127e+01 0.000000e+00
3.053665e+01 0.000000e+00
3.058202e+01 0.000000e+00
3.062740e+01 0.000000e+00
3.067277e+01 0.000000e+00
3.071814e+01 0.000000e+00
3.076352e+01 0.000000e+00
3.080889e+01 0.000000e+00
3.085427e+01 0.000000e+00
3.089964e+01 0.000000e+00
3.094501e+01 0.000000e+00
3.099039e+01 0.000000e+00
3.103576e+01 0.000000e+00
3.108114e+01 0.000000e+00
3.112651e+01 0.000000e+00
3.117188e+01 0.000000e+00
3.121726e+01 0.000000e+00
3.126263e+01 0.000000e+00
3.130800e+01 0.000000e+00
3.135338e+01 0.000000e+00
3.139875e+01 0.000000e+00
3.144413e+01 0.000000e+00
3.148950e+01 0.000000e+00
3.153487e+01 0.000000e+00
3.158025e+01 0.000000e+00
3.162562e+01 0.000000e+00
3.167100e+01 0.000000e+00
3.171637e+01 0.000000e+00
3.176174e+01 0.000000e+00
3.180712e+01 0.000000e+00
3.185249e+01 0.000000e+00
3.189787e+01 0.000000e+00
3.194324e+01 0.000000e+00
3.198861e+01 0.000000e+00
3.203399e+01 0.000000e+00
3.207936e+01 0.000000e+00
3.212474e+01 0.000000e+00
3.217011e+01 0.000000e+00
3.221548e+01 0.000000e+00
3.226086e+01 0.000000e+00
3.230623e+01 0.000000e+00
3.235160e+01 0.000000e+00
3.239698e+01 0.000000e+00
3.244235e+01 0.000000e+00
3.248773e+01 0.000000e+00
3.253310e+01 0.000000e+00
3.257847e+01 0.000000e+00
3.262385e+01 0.000000e+00
3.266922e+01 0.000000e+00
3.271460e+01 0.000000e+00
3.275997e+01 0.000000e+00
3.280534e+01 0.000000e+00
3.285072e+01 0.000000e+00
3.289609e+01 0.000000e+00
3.294147e+01 0.000000e+00
3.298684e+01 0.000000e+00
3.303221e+01 0.000000e+00
3.307759e+01 0.000000e+00
3.312296e+01 0.000000e+00
3.316834e+01 0.000000e+00
3.321371e+01 0.000000e+00
3.325908e+01 0.000000e+00
3.330446e+01 0.000000e+00
3.334983e+01 0.000000e+00
3.339521e+01 0.000000e+00
3.344058e+01 0.000000e+00
3.348595e+01 0.000000e+00
3.353133e+01 0.000000e+00
3.357670e+01 0.000000e+00
3.362207e+01 0.000000e+00
3.366745e+01 0.000000e+00
3.371282e+01 0.000000e+00
3.375820e+01 0.000000e+00
3.380357e+01 0.000000e+00
3.384894e+01 0.000000e+00
3.389432e+01 0.000000e+00
3.393969e+01 0.000000e+00
3.398507e+01 0.000000e+00
3.403044e+01 0.000000e+00
3.407581e+01 0.000000e+00
3.412119e+01 0.000000e+00
3.416656e+01 0.000000e+00
3.421194e+01 0.000000e+00
3.425731e+01 0.000000e+00
3.430268e+01 0.000000e+00
3.434806e+01 0.000000e+00
3.439343e+01 0.000000e+00
3.443881e+01 0.000000e+00
3.448418e+01 0.000000e+00
3.452955e+01 0.000000e+00
3.457493e+01 0.000000e+00
3.462030e+01 0.000000e+00
3.466567e+01 0.000000e+00
3.471105e+01 0.000000e+00
3.475642e+01 0.000000e+00
3.480180e+01 0.000000e+00
3.484717e+01 0.000000e+00
3.489254e+01 0.000000e+00
3.493792e+01 0.000000e+00
3.498329e+01 0.000000e+00
3.502867e+01 0.000000e+00
3.507404e+01 0.000000e+00
3.511941e+01 0.000000e+00
3.516479e+01 0.000000e+00
3.521016e+01 0.000000e+00
3.525554e+01 0.000000e+00
3.530091e+01 0.000000e+00
3.534628e+01 0.000000e+00
3.539166e+01 0.000000e+00
3.543703e+01 0.000000e+00
3.548241e+01 0.000000e+00
3.552778e+01 0.000000e+00
3.557315e+01 0.000000e+00
3.561853e+01 0.000000e+00
3.566390e+01 0.000000e+00
3.570928e+01 0.000000e+00
3.575465e+01 0.000000e+00
3.580002e+01 0.000000e+00
3.584540e+01 0.000000e+00
3.589077e+01 0.000000e+00
3.593614e+01 0.000000e+00
3.598152e+01 0.000000e+00
3.602689e+01 0.000000e+00
3.607227e+01 0.000000e+00
3.611764e+01 0.000000e+00
3.616301e+01 0.000000e+00
3.620839e+01 0.000000e+00
3.625376e+01 0.000000e+00
3.629914e+01 0.000000e+00
3.634451e+01 0.000000e+00
3.638988e+01 0.000000e+00
3.643526e+01 0.000000e+00
3.648063e+01 0.000000e+00
3.652601e+01 0.000000e+00
3.657138e+01 0.000000e+00
3.661675e+01 0.000000e+00
3.666213e+01 0.000000e+00
3.670750e+01 0.000000e+00
3.675288e+01 0.000000e+00
3.679825e+01 0.000000e+00
3.684362e+01 0.000000e+00
3.688900e+01 0.000000e+00
3.693437e+01 0.000000e+00
3.697974e+01 0.000000e+00
3.702512e+01 0.000000e+00
3.707049e+01 0.000000e+00
3.711587e+01 0.000000e+00
3.716124e+01 0.000000e+00
3.720661e+01 0.000000e+00
3.725199e+01 0.000000e+00
3.729736e+01 0.000000e+00
3.734274e+01 0.000000e+00
3.738811e+01 0.000000e+00
3.743348e+01 0.000000e+00
3.747886e+01 0.000000e+00
3.752423e+01 0.000000e+00
3.756961e+01 0.000000e+00
3.761498e+01 0.000000e+00
3.766035e+01 0.000000e+00
3.770573e+01 0.000000e+00
3.775110e+01 0.000000e+00
3.779648e+01 0.000000e+00
3.784185e+01 0.000000e+00
3.788722e+01 0.000000e+00
3.793260e+01 0.000000e+00
3.797797e+01 0.000000e+00
3.802334e+01 0.000000e+00
3.806872e+01 0.000000e+00
3.811409e+01 0.000000e+00
3.815947e+01 0.000000e+00
3.820484e+01 0.000000e+00
3.825021e+01 0.000000e+00
3.829559e+01 0.000000e+00
3.834096e+01 0.000000e+00
3.838634e+01 0.000000e+00
3.843171e+01 0.000000e+00
3.847708e+01 0.000000e+00
3.852246e+01 0.000000e+00
3.856783e+01 0.000000e+00
3.861321e+01 0.000000e+00
3.865858e+01 0.000000e+00
3.870395e+01 0.000000e+00
3.874933e+01 0.000000e+00
3.879470e+01 0.000000e+00
3.884008e+01 0.000000e+00
3.888545e+01 0.000000e+00
3.893082e+01 0.000000e+00
3.897620e+01 0.000000e+00
3.902157e+01 0.000000e+00
3.906695e+01 0.000000e+00
3.911232e+01 0.000000e+00
3.915769e+01 0.000000e+00
3.920307e+01 0.000000e+00
3.924844e+01 0.000000e+00
3.929381e+01 0.000000e+00
3.933919e+01 0.000000e+00
3.938456e+01 0.000000e+00
3.942994e+01 0.000000e+00
3.947531e+01 0.000000e+00
3.952068e+01 0.000000e+00
3.956606e+01 0.000000e+00
3.961143e+01 0.000000e+00
3.965681e+01 0.000000e+00
3.970218e+01 0.000000e+00
3.974755e+01 0.000000e+00
3.979293e+01 0.000000e+00
3.983830e+01 0.000000e+00
3.988368e+01 0.000000e+00
3.992905e+01 0.000000e+00
3.997442e+01 0.000000e+00
4.001980e+01 0.000000e+00
4.006517e+01 0.000000e+00
4.011055e+01 0.000000e+00
4.015592e+01 0.000000e+00
4.020129e+01 0.000000e+00
4.024667e+01 0.000000e+00
4.029204e+01 0.000000e+00
4.033741e+01 0.000000e+00
4.038279e+01 0.000000e+00
