-1.128018e+00 0.000000e+00 0.000000e+00 0.000000e+00 0.000000e+00
-1.082644e+00 0.000000e+00 0.000000e+00 0.000000e+00 0.000000e+00
-1.037270e+00 0.000000e+00 0.000000e+00 0.000000e+00 0.000000e+00
-9.918966e-01 0.000000e+00 0.000000e+00 0.000000e+00 0.000000e+00
-9.465226e-01 0.000000e+00 0.000000e+00 0.000000e+00 0.000000e+00
-9.011487e-01 0.000000e+00 0.000000e+00 0.000000e+00 0.000000e+00
-8.557748e-01 0.000000e+00 0.000000e+00 0.000000e+00 0.000000e+00
-8.104009e-01 0.000000e+00 0.000000e+00 0.000000e+00 0.000000e+00
-7.650270e-01 0.000000e+00 0.000000e+00 0.000000e+00 0.000000e+00
-7.196530e-01 0.000000e+00 0.000000e+00 0.000000e+00 0.000000e+00
-6.742791e-01 0.000000e+00 0.000000e+00 0.000000e+00 0.000000e+00
-6.289052e-01 0.000000e+00 0.000000e+00 0.000000e+00 0.000000e+00
-5.835313e-01 0.000000e+00 0.000000e+00 0.000000e+00 0.000000e+00
-5.381574e-01 0.000000e+00 0.000000e+00 0.000000e+00 0.000000e+00
-4.927834e-01 0.000000e+00 0.000000e+00 0.000000e+00 0.000000e+00
-4.474095e-01 0.000000e+00 0.000000e+00 0.000000e+00 0.000000e+00
-4.020356e-01 0.000000e+00 0.000000e+00 0.000000e+00 0.000000e+00
-3.566617e-01 0.000000e+00 0.000000e+00 0.000000e+00 0.000000e+00
-3.112878e-01 0.000000e+00 0.000000e+00 0.000000e+00 0.000000e+00
-2.659138e-01 0.000000e+00 0.000000e+00 0.000000e+00 0.000000e+00
-2.205399e-01 0.000000e+00 0.000000e+00 0.000000e+00 0.000000e+00
-1.751660e-01 0.000000e+00 0.000000e+00 0.000000e+00 0.000000e+00
-1.297921e-01 0.000000e+00 0.000000e+00 0.000000e+00 0.000000e+00
-8.441816e-02 0.000000e+00 0.000000e+00 0.000000e+00 0.000000e+00
-3.904424e-02 0.000000e+00 0.000000e+00 0.000000e+00 0.000000e+00
6.329680e-03 0.000000e+00 0.000000e+00 0.000000e+00 0.000000e+00
5.170360e-02 0.000000e+00 0.000000e+00 0.000000e+00 0.000000e+00
9.707752e-02 0.000000e+00 0.000000e+00 0.000000e+00 0.000000e+00
1.424514e-01 0.000000e+00 0.000000e+00 0.000000e+00 0.000000e+00
1.878254e-01 0.000000e+00 0.000000e+00 0.000000e+00 0.000000e+00
2.331993e-01 0.000000e+00 0.000000e+00 0.000000e+00 0.000000e+00
2.785732e-01 6.877036e-15 1.611969e-14 5.857630e-17 4.452838e-15
3.239471e-01 1.083561e-14 2.539854e-14 9.229411e-17 7.015988e-15
3.693210e-01 3.434167e-14 7.753094e-14 3.611262e-16 2.513293e-14
4.146950e-01 1.080918e-13 2.392840e-13 1.383496e-14 7.115646e-14
4.600689e-01 1.693642e-13 3.748366e-13 2.180170e-14 1.114544e-13
5.054428e-01 4.070919e-13 8.818247e-13 6.403057e-14 2.754205e-13
5.508167e-01 6.341684e-13 1.373187e-12 1.002395e-13 4.290785e-13
5.961906e-01 1.012208e-12 2.191750e-12 1.563072e-13 6.885684e-13
6.415646e-01 1.560086e-12 3.376874e-12 2.419361e-13 1.061449e-12
6.869385e-01 2.692134e-12 5.813119e-12 4.351334e-13 1.828151e-12
7.323124e-01 4.359646e-12 9.398127e-12 7.263051e-13 2.954507e-12
7.776863e-01 6.782091e-12 1.461652e-11 1.137671e-12 4.592085e-12
8.230602e-01 1.043215e-11 2.246359e-11 1.770087e-12 7.062784e-12
8.684342e-01 1.602032e-11 3.447986e-11 2.731983e-12 1.084912e-11
9.138081e-01 2.445181e-11 5.264495e-11 4.141630e-12 1.656886e-11
9.591820e-01 3.692728e-11 7.948716e-11 6.250548e-12 2.504412e-11
1.004556e+00 5.518630e-11 1.187731e-10 9.344970e-12 3.744083e-11
1.049930e+00 8.186362e-11 1.761411e-10 1.388838e-11 5.556140e-11
1.095304e+00 1.206140e-10 2.594426e-10 2.052822e-11 8.187103e-11
1.140678e+00 1.767698e-10 3.801278e-10 3.017845e-11 1.200032e-10
1.186052e+00 2.577066e-10 5.540240e-10 4.412556e-11 1.749701e-10
1.231426e+00 3.737711e-10 8.032465e-10 6.417251e-11 2.538941e-10
1.276799e+00 5.392009e-10 1.158455e-09 9.282076e-11 3.663270e-10
1.322173e+00 7.738550e-10 1.662021e-09 1.335399e-10 5.260036e-10
1.367547e+00 1.104922e-09 2.372047e-09 1.910937e-10 7.516253e-10
1.412921e+00 1.569094e-09 3.367633e-09 2.719652e-10 1.067682e-09
1.458295e+00 2.216691e-09 4.756272e-09 3.850503e-10 1.508751e-09
1.503669e+00 3.115595e-09 6.682978e-09 5.427882e-10 2.121019e-09
1.549043e+00 4.356531e-09 9.341473e-09 7.613918e-10 2.966727e-09
1.594417e+00 6.059666e-09 1.298933e-08 1.061234e-09 4.128437e-09
1.639791e+00 8.385107e-09 1.796876e-08 1.471334e-09 5.715223e-09
1.685165e+00 1.154194e-08 2.472679e-08 2.028751e-09 7.870288e-09
1.730539e+00 1.580539e-08 3.385096e-08 2.783196e-09 1.078202e-08
1.775913e+00 2.153163e-08 4.610241e-08 3.797329e-09 1.469513e-08
1.821286e+00 2.918143e-08 6.246404e-08 5.154169e-09 1.992609e-08
1.866660e+00 3.934556e-08 8.419673e-08 6.959041e-09 2.688090e-08
1.912034e+00 5.277791e-08 1.129075e-07 9.347273e-09 3.607898e-08
1.957408e+00 7.043283e-08 1.506310e-07 1.248975e-08 4.817770e-08
2.002782e+00 9.351154e-08 1.999268e-07 1.660147e-08 6.400635e-08
2.048156e+00 1.235183e-07 2.639966e-07 2.195325e-08 8.460505e-08
2.093530e+00 1.623224e-07 3.468163e-07 2.888247e-08 1.112685e-07
2.138904e+00 2.122308e-07 4.532899e-07 3.780517e-08 1.455974e-07
2.184278e+00 2.760733e-07 5.894283e-07 4.923289e-08 1.895586e-07
2.229652e+00 3.572986e-07 7.625469e-07 6.379099e-08 2.455578e-07
2.275026e+00 4.600795e-07 9.814903e-07 8.224023e-08 3.165078e-07
2.320400e+00 5.894337e-07 1.256877e-06 1.055000e-07 4.059245e-07
2.365774e+00 7.513495e-07 1.601361e-06 1.346717e-07 5.180157e-07
2.411147e+00 9.529263e-07 2.029919e-06 1.710713e-07 6.577882e-07
2.456521e+00 1.202520e-06 2.560146e-06 2.162616e-07 8.311515e-07
2.501895e+00 1.509896e-06 3.212553e-06 2.720887e-07 1.045045e-06
2.547269e+00 1.886381e-06 4.010870e-06 3.407178e-07 1.307554e-06
2.592643e+00 2.345017e-06 4.982345e-06 4.246813e-07 1.628026e-06
2.638017e+00 2.900710e-06 6.157994e-06 5.269209e-07 2.017214e-06
2.683391e+00 3.570358e-06 7.572850e-06 6.508468e-07 2.487376e-06
2.728765e+00 4.372975e-06 9.266134e-06 8.003888e-07 3.052401e-06
2.774139e+00 5.329781e-06 1.128137e-05 9.800640e-07 3.727909e-06
2.819513e+00 6.464263e-06 1.366641e-05 1.195044e-06 4.531332e-06
2.864887e+00 7.802200e-06 1.647337e-05 1.451238e-06 5.481987e-06
2.910261e+00 9.371641e-06 1.975842e-05 1.755378e-06 6.601120e-06
2.955634e+00 1.120284e-05 2.358147e-05 2.115121e-06 7.911923e-06
3.001008e+00 1.332813e-05 2.800570e-05 2.539166e-06 9.439518e-06
3.046382e+00 1.578174e-05 3.309691e-05 3.037393e-06 1.121092e-05
3.091756e+00 1.859959e-05 3.892279e-05 3.621008e-06 1.325497e-05
3.137130e+00 2.181895e-05 4.555192e-05 4.302732e-06 1.560219e-05
3.182504e+00 2.547816e-05 5.305276e-05 5.097006e-06 1.828471e-05
3.227878e+00 2.961622e-05 6.149237e-05 6.020229e-06 2.133607e-05
3.273252e+00 3.427242e-05 7.093517e-05 7.091034e-06 2.479105e-05
3.318626e+00 3.948587e-05 8.144154e-05 8.330602e-06 2.868549e-05
3.364000e+00 4.529519e-05 9.306643e-05 9.763014e-06 3.305614e-05
3.409374e+00 5.173804e-05 1.058580e-04 1.141565e-05 3.794047e-05
3.454748e+00 5.885087e-05 1.198564e-04 1.331961e-05 4.337658e-05
3.500122e+00 6.666863e-05 1.350926e-04 1.551021e-05 4.940309e-05
3.545495e+00 7.522466e-05 1.515874e-04 1.802745e-05 5.605914e-05
3.590869e+00 8.455067e-05 1.693510e-04 2.091659e-05 6.338444e-05
3.636243e+00 9.467685e-05 1.883824e-04 2.422867e-05 7.141945e-05
3.681617e+00 1.056322e-04 2.086699e-04 2.802108e-05 8.020564e-05
3.726991e+00 1.174450e-04 2.301912e-04 3.235809e-05 8.978583e-05
3.772365e+00 1.301435e-04 2.529144e-04 3.731138e-05 1.002047e-04
3.817739e+00 1.437566e-04 2.767997e-04 4.296053e-05 1.115095e-04
3.863113e+00 1.583150e-04 3.018009e-04 4.939340e-05 1.237507e-04
3.908487e+00 1.738524e-04 3.278680e-04 5.670652e-05 1.369826e-04
3.953861e+00 1.904066e-04 3.549496e-04 6.500530e-05 1.512648e-04
3.999235e+00 2.080210e-04 3.829958e-04 7.440414e-05 1.666629e-04
4.044609e+00 2.267459e-04 4.119618e-04 8.502647e-05 1.832494e-04
4.089982e+00 2.466401e-04 4.418106e-04 9.700458e-05 2.011051e-04
4.135356e+00 2.677722e-04 4.725169e-04 1.104794e-04 2.203202e-04
4.180730e+00 2.902215e-04 5.040695e-04 1.256000e-04 2.409951e-04
4.226104e+00 3.140800e-04 5.364752e-04 1.425232e-04 2.632416e-04
4.271478e+00 3.394524e-04 5.697606e-04 1.614128e-04 2.871837e-04
4.316852e+00 3.664573e-04 6.039748e-04 1.824387e-04 3.129584e-04
4.362226e+00 3.952279e-04 6.391908e-04 2.057767e-04 3.407161e-04
4.407600e+00 4.259116e-04 6.755068e-04 2.316066e-04 3.706213e-04
4.452974e+00 4.586704e-04 7.130463e-04 2.601124e-04 4.028525e-04
4.498348e+00 4.936805e-04 7.519586e-04 2.914807e-04 4.376022e-04
4.543722e+00 5.311313e-04 7.924172e-04 3.259002e-04 4.750764e-04
4.589096e+00 5.712249e-04 8.346193e-04 3.635610e-04 5.154944e-04
4.634470e+00 6.141747e-04 8.787833e-04 4.046537e-04 5.590873e-04
4.679843e+00 6.602043e-04 9.251468e-04 4.493689e-04 6.060971e-04
4.725217e+00 7.095454e-04 9.739639e-04 4.978968e-04 6.567754e-04
4.770591e+00 7.624368e-04 1.025503e-03 5.504268e-04 7.113809e-04
4.815965e+00 8.191220e-04 1.080041e-03 6.071469e-04 7.701778e-04
4.861339e+00 8.798474e-04 1.137866e-03 6.682434e-04 8.334332e-04
4.906713e+00 9.448603e-04 1.199266e-03 7.339006e-04 9.014139e-04
4.952087e+00 1.014406e-03 1.264535e-03 8.043003e-04 9.743837e-04
4.997461e+00 1.088727e-03 1.333961e-03 8.796209e-04 1.052599e-03
5.042835e+00 1.168058e-03 1.407830e-03 9.600367e-04 1.136307e-03
5.088209e+00 1.252625e-03 1.486422e-03 1.045717e-03 1.225738e-03
5.133583e+00 1.342643e-03 1.570002e-03 1.136823e-03 1.321104e-03
5.178957e+00 1.438310e-03 1.658828e-03 1.233510e-03 1.422593e-03
5.224330e+00 1.539807e-03 1.753138e-03 1.335921e-03 1.530363e-03
5.269704e+00 1.647291e-03 1.853151e-03 1.444184e-03 1.644538e-03
5.315078e+00 1.760894e-03 1.959067e-03 1.558413e-03 1.765201e-03
5.360452e+00 1.880716e-03 2.071056e-03 1.678701e-03 1.892391e-03
5.405826e+00 2.006824e-03 2.189259e-03 1.805118e-03 2.026095e-03
5.451200e+00 2.139244e-03 2.313780e-03 1.937708e-03 2.166243e-03
5.496574e+00 2.277957e-03 2.444685e-03 2.076480e-03 2.312706e-03
5.541948e+00 2.422896e-03 2.581991e-03 2.221409e-03 2.465288e-03
5.587322e+00 2.573940e-03 2.725663e-03 2.372432e-03 2.623726e-03
5.632696e+00 2.730908e-03 2.875606e-03 2.529437e-03 2.787681e-03
5.678070e+00 2.893557e-03 3.031660e-03 2.692267e-03 2.956743e-03
5.723444e+00 3.061576e-03 3.193591e-03 2.860713e-03 3.130424e-03
5.768818e+00 3.234586e-03 3.361085e-03 3.034507e-03 3.308164e-03
5.814191e+00 3.412133e-03 3.533745e-03 3.213327e-03 3.489327e-03
5.859565e+00 3.593691e-03 3.711079e-03 3.396787e-03 3.673208e-03
5.904939e+00 3.778659e-03 3.892503e-03 3.584437e-03 3.859035e-03
5.950313e+00 3.966360e-03 4.077336e-03 3.775766e-03 4.045979e-03
5.995687e+00 4.156049e-03 4.264796e-03 3.970195e-03 4.233157e-03
6.041061e+00 4.346910e-03 4.454004e-03 4.167083e-03 4.419644e-03
6.086435e+00 4.538065e-03 4.643986e-03 4.365724e-03 4.604484e-03
6.131809e+00 4.728578e-03 4.833681e-03 4.565353e-03 4.786699e-03
6.177183e+00 4.917465e-03 5.021946e-03 4.765146e-03 4.965305e-03
6.222557e+00 5.103704e-03 5.207567e-03 4.964224e-03 5.139322e-03
6.267931e+00 5.286244e-03 5.389279e-03 5.161664e-03 5.307790e-03
6.313305e+00 5.464019e-03 5.565772e-03 5.356502e-03 5.469784e-03
6.358678e+00 5.635962e-03 5.735719e-03 5.547740e-03 5.624425e-03
6.404052e+00 5.801016e-03 5.897790e-03 5.734362e-03 5.770897e-03
6.449426e+00 5.958156e-03 6.050678e-03 5.915338e-03 5.908454e-03
6.494800e+00 6.106401e-03 6.193121e-03 6.089644e-03 6.036437e-03
6.540174e+00 6.244827e-03 6.323926e-03 6.256271e-03 6.154283e-03
6.585548e+00 6.372588e-03 6.441991e-03 6.414245e-03 6.261529e-03
6.630922e+00 6.488930e-03 6.546330e-03 6.562638e-03 6.357822e-03
6.676296e+00 6.593202e-03 6.636093e-03 6.700588e-03 6.442925e-03
6.721670e+00 6.684870e-03 6.710584e-03 6.827314e-03 6.516713e-03
6.767044e+00 6.763530e-03 6.769279e-03 6.942134e-03 6.579176e-03
6.812418e+00 6.828910e-03 6.811834e-03 7.044478e-03 6.630419e-03
6.857792e+00 6.880883e-03 6.838097e-03 7.133902e-03 6.670649e-03
6.903166e+00 6.919464e-03 6.848111e-03 7.210102e-03 6.700179e-03
6.948539e+00 6.944812e-03 6.842111e-03 7.272919e-03 6.719407e-03
6.993913e+00 6.957227e-03 6.820518e-03 7.322348e-03 6.728816e-03
7.039287e+00 6.957142e-03 6.783934e-03 7.358540e-03 6.728954e-03
7.084661e+00 6.945113e-03 6.733117e-03 7.381798e-03 6.720424e-03
7.130035e+00 6.921807e-03 6.668973e-03 7.392576e-03 6.703873e-03
7.175409e+00 6.887988e-03 6.592528e-03 7.391465e-03 6.679970e-03
7.220783e+00 6.844496e-03 6.504904e-03 7.379184e-03 6.649401e-03
7.266157e+00 6.792234e-03 6.407293e-03 7.356562e-03 6.612846e-03
7.311531e+00 6.732141e-03 6.300931e-03 7.324518e-03 6.570975e-03
7.356905e+00 6.665180e-03 6.187072e-03 7.284038e-03 6.524429e-03
7.402279e+00 6.592309e-03 6.066957e-03 7.236157e-03 6.473813e-03
7.447653e+00 6.514468e-03 5.941794e-03 7.181925e-03 6.419685e-03
7.493026e+00 6.432561e-03 5.812736e-03 7.122394e-03 6.362553e-03
7.538400e+00 6.347435e-03 5.680858e-03 7.058583e-03 6.302866e-03
7.583774e+00 6.259874e-03 5.547148e-03 6.991463e-03 6.241012e-03
7.629148e+00 6.170582e-03 5.412492e-03 6.921935e-03 6.177320e-03
7.674522e+00 6.080180e-03 5.277668e-03 6.850814e-03 6.112059e-03
7.719896e+00 5.989199e-03 5.143345e-03 6.778811e-03 6.045440e-03
7.765270e+00 5.898080e-03 5.010083e-03 6.706532e-03 5.977625e-03
7.810644e+00 5.807176e-03 4.878335e-03 6.634464e-03 5.908731e-03
7.856018e+00 5.716758e-03 4.748462e-03 6.562978e-03 5.838835e-03
7.901392e+00 5.627020e-03 4.620738e-03 6.492333e-03 5.767989e-03
7.946766e+00 5.538089e-03 4.495365e-03 6.422676e-03 5.696225e-03
7.992140e+00 5.450036e-03 4.372487e-03 6.354059e-03 5.623563e-03
8.037514e+00 5.362891e-03 4.252206e-03 6.286444e-03 5.550022e-03
8.082887e+00 5.276648e-03 4.134594e-03 6.219721e-03 5.475629e-03
8.128261e+00 5.191284e-03 4.019708e-03 6.153722e-03 5.400423e-03
8.173635e+00 5.106769e-03 3.907605e-03 6.088238e-03 5.324464e-03
8.219009e+00 5.023074e-03 3.798351e-03 6.023032e-03 5.247838e-03
8.264383e+00 4.940180e-03 3.692029e-03 5.957854e-03 5.170657e-03
8.309757e+00 4.858089e-03 3.588746e-03 5.892460e-03 5.093062e-03
8.355131e+00 4.776827e-03 3.488642e-03 5.826616e-03 5.015224e-03
8.400505e+00 4.696445e-03 3.391881e-03 5.760114e-03 4.937340e-03
8.445879e+00 4.617023e-03 3.298662e-03 5.692779e-03 4.859629e-03
8.491253e+00 4.538669e-03 3.209206e-03 5.624470e-03 4.782330e-03
8.536627e+00 4.461513e-03 3.123758e-03 5.555090e-03 4.705693e-03
8.582001e+00 4.385709e-03 3.042576e-03 5.484581e-03 4.629971e-03
8.627374e+00 4.311423e-03 2.965924e-03 5.412929e-03 4.555417e-03
8.672748e+00 4.238831e-03 2.894064e-03 5.340155e-03 4.482273e-03
8.718122e+00 4.168109e-03 2.827246e-03 5.266318e-03 4.410762e-03
8.763496e+00 4.099429e-03 2.765699e-03 5.191503e-03 4.341084e-03
8.808870e+00 4.032951e-03 2.709623e-03 5.115824e-03 4.273406e-03
8.854244e+00 3.968815e-03 2.659176e-03 5.039412e-03 4.207858e-03
8.899618e+00 3.907138e-03 2.614474e-03 4.962409e-03 4.144532e-03
8.944992e+00 3.848007e-03 2.575579e-03 4.884970e-03 4.083472e-03
8.990366e+00 3.791475e-03 2.542497e-03 4.807250e-03 4.024679e-03
9.035740e+00 3.737561e-03 2.515174e-03 4.729402e-03 3.968108e-03
9.081114e+00 3.686246e-03 2.493493e-03 4.651577e-03 3.913669e-03
9.126488e+00 3.637475e-03 2.477275e-03 4.573917e-03 3.861233e-03
9.171862e+00 3.591155e-03 2.466280e-03 4.496553e-03 3.810632e-03
9.217235e+00 3.547160e-03 2.460209e-03 4.419605e-03 3.761665e-03
9.262609e+00 3.505332e-03 2.458706e-03 4.343183e-03 3.714107e-03
9.307983e+00 3.465485e-03 2.461365e-03 4.267379e-03 3.667711e-03
9.353357e+00 3.427410e-03 2.467736e-03 4.192277e-03 3.622218e-03
9.398731e+00 3.390878e-03 2.477327e-03 4.117943e-03 3.577364e-03
9.444105e+00 3.355644e-03 2.489614e-03 4.044433e-03 3.532886e-03
9.489479e+00 3.321456e-03 2.504051e-03 3.971790e-03 3.488528e-03
9.534853e+00 3.288055e-03 2.520070e-03 3.900044e-03 3.444051e-03
9.580227e+00 3.255181e-03 2.537095e-03 3.829214e-03 3.399233e-03
9.625601e+00 3.222579e-03 2.554550e-03 3.759309e-03 3.353879e-03
9.670975e+00 3.190003e-03 2.571863e-03 3.690324e-03 3.307823e-03
9.716349e+00 3.157217e-03 2.588474e-03 3.622249e-03 3.260928e-03
9.761722e+00 3.124001e-03 2.603848e-03 3.555060e-03 3.213094e-03
9.807096e+00 3.090151e-03 2.617476e-03 3.488727e-03 3.164252e-03
9.852470e+00 3.055488e-03 2.628884e-03 3.423212e-03 3.114368e-03
9.897844e+00 3.019850e-03 2.637640e-03 3.358472e-03 3.063439e-03
9.943218e+00 2.983103e-03 2.643361e-03 3.294455e-03 3.011494e-03
9.988592e+00 2.945137e-03 2.645715e-03 3.231109e-03 2.958588e-03
1.003397e+01 2.905868e-03 2.644429e-03 3.168379e-03 2.904798e-03
1.007934e+01 2.865239e-03 2.639288e-03 3.106209e-03 2.850221e-03
1.012471e+01 2.823219e-03 2.630143e-03 3.044545e-03 2.794970e-03
1.017009e+01 2.779804e-03 2.616909e-03 2.983337e-03 2.739166e-03
1.021546e+01 2.735016e-03 2.599569e-03 2.922542e-03 2.682938e-03
1.026084e+01 2.688901e-03 2.578168e-03 2.862122e-03 2.626413e-03
1.030621e+01 2.641529e-03 2.552817e-03 2.802051e-03 2.569720e-03
1.035158e+01 2.592993e-03 2.523687e-03 2.742313e-03 2.512978e-03
1.039696e+01 2.543404e-03 2.491007e-03 2.682904e-03 2.456302e-03
1.044233e+01 2.492895e-03 2.455057e-03 2.623834e-03 2.399793e-03
1.048771e+01 2.441612e-03 2.416165e-03 2.565127e-03 2.343546e-03
1.053308e+01 2.389718e-03 2.374696e-03 2.506819e-03 2.287639e-03
1.057845e+01 2.337385e-03 2.331050e-03 2.448961e-03 2.232144e-03
1.062383e+01 2.284796e-03 2.285649e-03 2.391618e-03 2.177121e-03
1.066920e+01 2.232141e-03 2.238933e-03 2.334865e-03 2.122625e-03
1.071457e+01 2.179615e-03 2.191349e-03 2.278790e-03 2.068705e-03
1.075995e+01 2.127414e-03 2.143345e-03 2.223488e-03 2.015408e-03
1.080532e+01 2.075736e-03 2.095360e-03 2.169063e-03 1.962784e-03
1.085070e+01 2.024776e-03 2.047818e-03 2.115623e-03 1.910888e-03
1.089607e+01 1.974729e-03 2.001121e-03 2.063284e-03 1.859783e-03
1.094144e+01 1.925783e-03 1.955645e-03 2.012159e-03 1.809546e-03
1.098682e+01 1.878120e-03 1.911731e-03 1.962365e-03 1.760265e-03
1.103219e+01 1.831918e-03 1.869683e-03 1.914020e-03 1.712049e-03
1.107757e+01 1.787344e-03 1.829770e-03 1.867237e-03 1.665025e-03
1.112294e+01 1.744561e-03 1.792214e-03 1.822131e-03 1.619339e-03
1.116831e+01 1.703724e-03 1.757199e-03 1.778812e-03 1.575160e-03
1.121369e+01 1.664977e-03 1.724866e-03 1.737389e-03 1.532675e-03
1.125906e+01 1.628459e-03 1.695317e-03 1.697969e-03 1.492092e-03
1.130444e+01 1.594302e-03 1.668612e-03 1.660658e-03 1.453636e-03
1.134981e+01 1.562629e-03 1.644779e-03 1.625561e-03 1.417547e-03
1.139518e+01 1.533555e-03 1.623811e-03 1.592782e-03 1.384074e-03
1.144056e+01 1.507191e-03 1.605673e-03 1.562426e-03 1.353475e-03
1.148593e+01 1.483639e-03 1.590304e-03 1.534601e-03 1.326011e-03
1.153131e+01 1.462991e-03 1.577623e-03 1.509412e-03 1.301939e-03
1.157668e+01 1.445336e-03 1.567529e-03 1.486968e-03 1.281510e-03
1.162205e+01 1.430749e-03 1.559911e-03 1.467377e-03 1.264959e-03
1.166743e+01 1.419298e-03 1.554643e-03 1.450746e-03 1.252505e-03
1.171280e+01 1.411038e-03 1.551597e-03 1.437179e-03 1.244339e-03
1.175817e+01 1.406012e-03 1.550636e-03 1.426776e-03 1.240624e-03
1.180355e+01 1.404245e-03 1.551623e-03 1.419625e-03 1.241487e-03
1.184892e+01 1.405748e-03 1.554421e-03 1.415807e-03 1.247015e-03
1.189430e+01 1.410508e-03 1.558891e-03 1.415385e-03 1.257250e-03
1.193967e+01 1.418494e-03 1.564897e-03 1.418401e-03 1.272184e-03
1.198504e+01 1.429648e-03 1.572306e-03 1.424876e-03 1.291761e-03
1.203042e+01 1.443884e-03 1.580982e-03 1.434799e-03 1.315870e-03
1.207579e+01 1.461089e-03 1.590794e-03 1.448127e-03 1.344345e-03
1.212117e+01 1.481119e-03 1.601609e-03 1.464780e-03 1.376966e-03
1.216654e+01 1.503797e-03 1.613294e-03 1.484638e-03 1.413459e-03
1.221191e+01 1.528914e-03 1.625711e-03 1.507536e-03 1.453497e-03
1.225729e+01 1.556230e-03 1.638721e-03 1.533265e-03 1.496705e-03
1.230266e+01 1.585471e-03 1.652181e-03 1.561568e-03 1.542662e-03
1.234804e+01 1.616332e-03 1.665940e-03 1.592146e-03 1.590908e-03
1.239341e+01 1.648481e-03 1.679843e-03 1.624653e-03 1.640947e-03
1.243878e+01 1.681562e-03 1.693726e-03 1.658702e-03 1.692257e-03
1.248416e+01 1.715195e-03 1.707420e-03 1.693869e-03 1.744295e-03
1.252953e+01 1.748986e-03 1.720750e-03 1.729701e-03 1.796507e-03
1.257491e+01 1.782529e-03 1.733533e-03 1.765717e-03 1.848337e-03
1.262028e+01 1.815411e-03 1.745583e-03 1.801419e-03 1.899232e-03
1.266565e+01 1.847224e-03 1.756713e-03 1.836304e-03 1.948656e-03
1.271103e+01 1.877565e-03 1.766734e-03 1.869864e-03 1.996095e-03
1.275640e+01 1.906045e-03 1.775461e-03 1.901605e-03 2.041069e-03
1.280178e+01 1.932299e-03 1.782714e-03 1.931049e-03 2.083135e-03
1.284715e+01 1.955990e-03 1.788323e-03 1.957749e-03 2.121899e-03
1.289252e+01 1.976815e-03 1.792129e-03 1.981294e-03 2.157021e-03
1.293790e+01 1.994509e-03 1.793992e-03 2.001319e-03 2.188217e-03
1.298327e+01 2.008857e-03 1.793789e-03 2.017512e-03 2.215270e-03
1.302864e+01 2.019690e-03 1.791424e-03 2.029621e-03 2.238026e-03
1.307402e+01 2.026894e-03 1.786826e-03 2.037456e-03 2.256400e-03
1.311939e+01 2.030408e-03 1.779952e-03 2.040896e-03 2.270376e-03
1.316477e+01 2.030228e-03 1.770792e-03 2.039888e-03 2.280005e-03
1.321014e+01 2.026408e-03 1.759370e-03 2.034451e-03 2.285401e-03
1.325551e+01 2.019053e-03 1.745745e-03 2.024671e-03 2.286742e-03
1.330089e+01 2.008324e-03 1.730007e-03 2.010700e-03 2.284264e-03
1.334626e+01 1.994429e-03 1.712282e-03 1.992754e-03 2.278251e-03
1.339164e+01 1.977624e-03 1.692731e-03 1.971105e-03 2.269036e-03
1.343701e+01 1.958202e-03 1.671541e-03 1.946077e-03 2.256986e-03
1.348238e+01 1.936490e-03 1.648930e-03 1.918040e-03 2.242501e-03
1.352776e+01 1.912846e-03 1.625138e-03 1.887398e-03 2.226001e-03
1.357313e+01 1.887645e-03 1.600428e-03 1.854589e-03 2.207917e-03
1.361851e+01 1.861277e-03 1.575074e-03 1.820070e-03 2.188687e-03
1.366388e+01 1.834140e-03 1.549365e-03 1.784311e-03 2.168744e-03
1.370925e+01 1.806629e-03 1.523593e-03 1.747788e-03 2.148506e-03
1.375463e+01 1.779133e-03 1.498050e-03 1.710977e-03 2.128371e-03
1.380000e+01 1.752025e-03 1.473022e-03 1.674343e-03 2.108710e-03
1.384538e+01 1.725660e-03 1.448787e-03 1.638335e-03 2.089857e-03
1.389075e+01 1.700365e-03 1.425605e-03 1.603383e-03 2.072106e-03
1.393612e+01 1.676436e-03 1.403716e-03 1.569889e-03 2.055705e-03
1.398150e+01 1.654136e-03 1.383335e-03 1.538222e-03 2.040851e-03
1.402687e+01 1.633687e-03 1.364651e-03 1.508719e-03 2.027691e-03
1.407224e+01 1.615271e-03 1.347819e-03 1.481679e-03 2.016316e-03
1.411762e+01 1.599028e-03 1.332965e-03 1.457357e-03 2.006762e-03
1.416299e+01 1.585053e-03 1.320175e-03 1.435971e-03 1.999012e-03
1.420837e+01 1.573398e-03 1.309502e-03 1.417693e-03 1.992997e-03
1.425374e+01 1.564073e-03 1.300966e-03 1.402653e-03 1.988599e-03
1.429911e+01 1.557046e-03 1.294547e-03 1.390937e-03 1.985655e-03
1.434449e+01 1.552249e-03 1.290196e-03 1.382589e-03 1.983962e-03
1.438986e+01 1.549575e-03 1.287832e-03 1.377610e-03 1.983283e-03
1.443524e+01 1.548887e-03 1.287345e-03 1.375964e-03 1.983353e-03
1.448061e+01 1.550020e-03 1.288602e-03 1.377573e-03 1.983885e-03
1.452598e+01 1.552784e-03 1.291446e-03 1.382326e-03 1.984579e-03
1.457136e+01 1.556972e-03 1.295707e-03 1.390077e-03 1.985131e-03
1.461673e+01 1.562361e-03 1.301201e-03 1.400650e-03 1.985233e-03
1.466211e+01 1.568722e-03 1.307736e-03 1.413841e-03 1.984590e-03
1.470748e+01 1.575819e-03 1.315116e-03 1.429422e-03 1.982918e-03
1.475285e+01 1.583416e-03 1.323146e-03 1.447145e-03 1.979957e-03
1.479823e+01 1.591285e-03 1.331639e-03 1.466743e-03 1.975473e-03
1.484360e+01 1.599204e-03 1.340411e-03 1.487939e-03 1.969263e-03
1.488898e+01 1.606966e-03 1.349295e-03 1.510443e-03 1.961161e-03
1.493435e+01 1.614379e-03 1.358137e-03 1.533964e-03 1.951038e-03
1.497972e+01 1.621270e-03 1.366798e-03 1.558205e-03 1.938806e-03
1.502510e+01 1.627485e-03 1.375162e-03 1.582875e-03 1.924419e-03
1.507047e+01 1.632896e-03 1.383128e-03 1.607688e-03 1.907872e-03
1.511585e+01 1.637395e-03 1.390619e-03 1.632367e-03 1.889199e-03
1.516122e+01 1.640900e-03 1.397575e-03 1.656648e-03 1.868476e-03
1.520659e+01 1.643349e-03 1.403956e-03 1.680283e-03 1.845808e-03
1.525197e+01 1.644706e-03 1.409741e-03 1.703041e-03 1.821337e-03
1.529734e+01 1.644955e-03 1.414924e-03 1.724712e-03 1.795229e-03
1.534271e+01 1.644098e-03 1.419514e-03 1.745106e-03 1.767675e-03
1.538809e+01 1.642156e-03 1.423531e-03 1.764057e-03 1.738881e-03
1.543346e+01 1.639164e-03 1.427005e-03 1.781422e-03 1.709067e-03
1.547884e+01 1.635171e-03 1.429973e-03 1.797080e-03 1.678460e-03
1.552421e+01 1.630233e-03 1.432477e-03 1.810934e-03 1.647290e-03
1.556958e+01 1.624417e-03 1.434561e-03 1.822908e-03 1.615782e-03
1.561496e+01 1.617792e-03 1.436268e-03 1.832950e-03 1.584157e-03
1.566033e+01 1.610430e-03 1.437641e-03 1.841025e-03 1.552623e-03
1.570571e+01 1.602403e-03 1.438719e-03 1.847116e-03 1.521375e-03
1.575108e+01 1.593784e-03 1.439536e-03 1.851225e-03 1.490593e-03
1.579645e+01 1.584640e-03 1.440120e-03 1.853366e-03 1.460435e-03
1.584183e+01 1.575035e-03 1.440496e-03 1.853568e-03 1.431042e-03
1.588720e+01 1.565027e-03 1.440680e-03 1.851869e-03 1.402533e-03
1.593258e+01 1.554669e-03 1.440683e-03 1.848318e-03 1.375006e-03
1.597795e+01 1.544009e-03 1.440514e-03 1.842971e-03 1.348540e-03
1.602332e+01 1.533087e-03 1.440174e-03 1.835891e-03 1.323195e-03
1.606870e+01 1.521939e-03 1.439664e-03 1.827143e-03 1.299010e-03
1.611407e+01 1.510597e-03 1.438979e-03 1.816801e-03 1.276010e-03
1.615945e+01 1.499087e-03 1.438119e-03 1.804939e-03 1.254203e-03
1.620482e+01 1.487433e-03 1.437080e-03 1.791633e-03 1.233586e-03
1.625019e+01 1.475656e-03 1.435862e-03 1.776965e-03 1.214142e-03
1.629557e+01 1.463776e-03 1.434467e-03 1.761016e-03 1.195846e-03
1.634094e+01 1.451811e-03 1.432900e-03 1.743869e-03 1.178663e-03
1.638631e+01 1.439779e-03 1.431174e-03 1.725610e-03 1.162553e-03
1.643169e+01 1.427700e-03 1.429303e-03 1.706326e-03 1.147470e-03
1.647706e+01 1.415592e-03 1.427309e-03 1.686106e-03 1.133362e-03
1.652244e+01 1.403478e-03 1.425219e-03 1.665041e-03 1.120175e-03
1.656781e+01 1.391380e-03 1.423065e-03 1.643224e-03 1.107851e-03
1.661318e+01 1.379321e-03 1.420883e-03 1.620750e-03 1.096330e-03
1.665856e+01 1.367328e-03 1.418717e-03 1.597716e-03 1.085551e-03
1.670393e+01 1.355427e-03 1.416610e-03 1.574221e-03 1.075450e-03
1.674931e+01 1.343646e-03 1.414613e-03 1.550364e-03 1.065962e-03
1.679468e+01 1.332016e-03 1.412776e-03 1.526248e-03 1.057023e-03
1.684005e+01 1.320565e-03 1.411152e-03 1.501974e-03 1.048569e-03
1.688543e+01 1.309324e-03 1.409792e-03 1.477648e-03 1.040533e-03
1.693080e+01 1.298325e-03 1.408749e-03 1.453372e-03 1.032854e-03
1.697618e+01 1.287599e-03 1.408074e-03 1.429252e-03 1.025470e-03
1.702155e+01 1.277176e-03 1.407813e-03 1.405390e-03 1.018325e-03
1.706692e+01 1.267088e-03 1.408011e-03 1.381891e-03 1.011364e-03
1.711230e+01 1.257368e-03 1.408708e-03 1.358855e-03 1.004540e-03
1.715767e+01 1.248045e-03 1.409939e-03 1.336384e-03 9.978121e-04
1.720305e+01 1.239153e-03 1.411733e-03 1.314576e-03 9.911481e-04
1.724842e+01 1.230722e-03 1.414114e-03 1.293526e-03 9.845241e-04
1.729379e+01 1.222784e-03 1.417098e-03 1.273327e-03 9.779267e-04
1.733917e+01 1.215372e-03 1.420693e-03 1.254069e-03 9.713536e-04
1.738454e+01 1.208516e-03 1.424900e-03 1.235835e-03 9.648141e-04
1.742991e+01 1.202249e-03 1.429713e-03 1.218705e-03 9.583293e-04
1.747529e+01 1.196601e-03 1.435116e-03 1.202755e-03 9.519322e-04
1.752066e+01 1.191601e-03 1.441084e-03 1.188053e-03 9.456671e-04
1.756604e+01 1.187277e-03 1.447585e-03 1.174658e-03 9.395889e-04
1.761141e+01 1.183655e-03 1.454577e-03 1.162625e-03 9.337617e-04
1.765678e+01 1.180755e-03 1.462010e-03 1.151998e-03 9.282572e-04
1.770216e+01 1.178597e-03 1.469825e-03 1.142813e-03 9.231530e-04
1.774753e+01 1.177193e-03 1.477956e-03 1.135094e-03 9.185304e-04
1.779291e+01 1.176551e-03 1.486328e-03 1.128855e-03 9.144715e-04
1.783828e+01 1.176673e-03 1.494861e-03 1.124100e-03 9.110574e-04
1.788365e+01 1.177550e-03 1.503468e-03 1.120818e-03 9.083649e-04
1.792903e+01 1.179169e-03 1.512056e-03 1.118988e-03 9.064643e-04
1.797440e+01 1.181508e-03 1.520530e-03 1.118576e-03 9.054169e-04
1.801978e+01 1.184533e-03 1.528792e-03 1.119535e-03 9.052727e-04
1.806515e+01 1.188205e-03 1.536741e-03 1.121805e-03 9.060685e-04
1.811052e+01 1.192473e-03 1.544277e-03 1.125316e-03 9.078263e-04
1.815590e+01 1.197279e-03 1.551301e-03 1.129984e-03 9.105520e-04
1.820127e+01 1.202556e-03 1.557717e-03 1.135717e-03 9.142348e-04
1.824665e+01 1.208231e-03 1.563433e-03 1.142414e-03 9.188469e-04
1.829202e+01 1.214223e-03 1.568363e-03 1.149962e-03 9.243438e-04
1.833739e+01 1.220445e-03 1.572426e-03 1.158245e-03 9.306649e-04
1.838277e+01 1.226809e-03 1.575550e-03 1.167141e-03 9.377345e-04
1.842814e+01 1.233220e-03 1.577673e-03 1.176523e-03 9.454636e-04
1.847352e+01 1.239585e-03 1.578739e-03 1.186264e-03 9.537515e-04
1.851889e+01 1.245809e-03 1.578705e-03 1.196235e-03 9.624879e-04
1.856426e+01 1.251801e-03 1.577537e-03 1.206309e-03 9.715555e-04
1.860964e+01 1.257470e-03 1.575213e-03 1.216364e-03 9.808323e-04
1.865501e+01 1.262731e-03 1.571721e-03 1.226280e-03 9.901938e-04
1.870038e+01 1.267506e-03 1.567059e-03 1.235944e-03 9.995161e-04
1.874576e+01 1.271722e-03 1.561236e-03 1.245253e-03 1.008678e-03
1.879113e+01 1.275315e-03 1.554272e-03 1.254111e-03 1.017562e-03
1.883651e+01 1.278228e-03 1.546194e-03 1.262431e-03 1.026061e-03
1.888188e+01 1.280417e-03 1.537040e-03 1.270139e-03 1.034072e-03
1.892725e+01 1.281845e-03 1.526855e-03 1.277173e-03 1.041508e-03
1.897263e+01 1.282488e-03 1.515693e-03 1.283482e-03 1.048290e-03
1.901800e+01 1.282332e-03 1.503613e-03 1.289031e-03 1.054353e-03
1.906338e+01 1.281375e-03 1.490683e-03 1.293796e-03 1.059647e-03
1.910875e+01 1.279625e-03 1.476973e-03 1.297767e-03 1.064137e-03
1.915412e+01 1.277103e-03 1.462561e-03 1.300949e-03 1.067800e-03
1.919950e+01 1.273839e-03 1.447527e-03 1.303358e-03 1.070632e-03
1.924487e+01 1.269875e-03 1.431958e-03 1.305026e-03 1.072640e-03
1.929025e+01 1.265261e-03 1.415940e-03 1.305995e-03 1.073848e-03
1.933562e+01 1.260058e-03 1.399564e-03 1.306320e-03 1.074291e-03
1.938099e+01 1.254335e-03 1.382923e-03 1.306064e-03 1.074018e-03
1.942637e+01 1.248167e-03 1.366109e-03 1.305301e-03 1.073091e-03
1.947174e+01 1.241637e-03 1.349217e-03 1.304113e-03 1.071580e-03
1.951712e+01 1.234829e-03 1.332339e-03 1.302585e-03 1.069564e-03
1.956249e+01 1.227836e-03 1.315568e-03 1.300808e-03 1.067132e-03
1.960786e+01 1.220747e-03 1.298994e-03 1.298874e-03 1.064374e-03
1.965324e+01 1.213656e-03 1.282706e-03 1.296874e-03 1.061387e-03
1.969861e+01 1.206652e-03 1.266787e-03 1.294898e-03 1.058270e-03
1.974398e+01 1.199823e-03 1.251316e-03 1.293031e-03 1.055121e-03
1.978936e+01 1.193252e-03 1.236370e-03 1.291349e-03 1.052036e-03
1.983473e+01 1.187016e-03 1.222016e-03 1.289923e-03 1.049110e-03
1.988011e+01 1.181186e-03 1.208318e-03 1.288811e-03 1.046429e-03
1.992548e+01 1.175823e-03 1.195333e-03 1.288061e-03 1.044075e-03
1.997085e+01 1.170980e-03 1.183109e-03 1.287707e-03 1.042122e-03
2.001623e+01 1.166699e-03 1.171690e-03 1.287772e-03 1.040636e-03
2.006160e+01 1.163015e-03 1.161111e-03 1.288263e-03 1.039670e-03
2.010698e+01 1.159949e-03 1.151399e-03 1.289176e-03 1.039271e-03
2.015235e+01 1.157514e-03 1.142579e-03 1.290490e-03 1.039472e-03
2.019772e+01 1.155714e-03 1.134666e-03 1.292178e-03 1.040298e-03
2.024310e+01 1.154543e-03 1.127670e-03 1.294197e-03 1.041762e-03
2.028847e+01 1.153989e-03 1.121600e-03 1.296498e-03 1.043870e-03
2.033385e+01 1.154033e-03 1.116458e-03 1.299023e-03 1.046616e-03
2.037922e+01 1.154648e-03 1.112243e-03 1.301712e-03 1.049989e-03
2.042459e+01 1.155807e-03 1.108954e-03 1.304498e-03 1.053969e-03
2.046997e+01 1.157478e-03 1.106587e-03 1.307316e-03 1.058531e-03
2.051534e+01 1.159628e-03 1.105137e-03 1.310101e-03 1.063645e-03
2.056072e+01 1.162225e-03 1.104600e-03 1.312793e-03 1.069281e-03
2.060609e+01 1.165237e-03 1.104972e-03 1.315337e-03 1.075402e-03
2.065146e+01 1.168636e-03 1.106249e-03 1.317685e-03 1.081973e-03
2.069684e+01 1.172395e-03 1.108428e-03 1.319797e-03 1.088960e-03
2.074221e+01 1.176493e-03 1.111507e-03 1.321645e-03 1.096327e-03
2.078759e+01 1.180912e-03 1.115484e-03 1.323210e-03 1.104043e-03
2.083296e+01 1.185639e-03 1.120356e-03 1.324484e-03 1.112076e-03
2.087833e+01 1.190664e-03 1.126123e-03 1.325471e-03 1.120399e-03
2.092371e+01 1.195986e-03 1.132780e-03 1.326189e-03 1.128988e-03
2.096908e+01 1.201602e-03 1.140322e-03 1.326662e-03 1.137822e-03
2.101445e+01 1.207518e-03 1.148744e-03 1.326929e-03 1.146880e-03
2.105983e+01 1.213740e-03 1.158034e-03 1.327036e-03 1.156149e-03
2.110520e+01 1.220278e-03 1.168178e-03 1.327039e-03 1.165616e-03
2.115058e+01 1.227143e-03 1.179159e-03 1.327000e-03 1.175269e-03
2.119595e+01 1.234346e-03 1.190952e-03 1.326987e-03 1.185100e-03
2.124132e+01 1.241901e-03 1.203529e-03 1.327073e-03 1.195102e-03
2.128670e+01 1.249818e-03 1.216854e-03 1.327333e-03 1.205267e-03
2.133207e+01 1.258106e-03 1.230885e-03 1.327844e-03 1.215589e-03
2.137745e+01 1.266773e-03 1.245577e-03 1.328681e-03 1.226062e-03
2.142282e+01 1.275822e-03 1.260873e-03 1.329917e-03 1.236677e-03
2.146819e+01 1.285254e-03 1.276714e-03 1.331622e-03 1.247425e-03
2.151357e+01 1.295062e-03 1.293035e-03 1.333858e-03 1.258293e-03
2.155894e+01 1.305237e-03 1.309763e-03 1.336682e-03 1.269268e-03
2.160432e+01 1.315764e-03 1.326822e-03 1.340141e-03 1.280330e-03
2.164969e+01 1.326622e-03 1.344133e-03 1.344272e-03 1.291459e-03
2.169506e+01 1.337781e-03 1.361613e-03 1.349102e-03 1.302630e-03
2.174044e+01 1.349210e-03 1.379175e-03 1.354643e-03 1.313813e-03
2.178581e+01 1.360869e-03 1.396734e-03 1.360897e-03 1.324976e-03
2.183119e+01 1.372711e-03 1.414202e-03 1.367851e-03 1.336080e-03
2.187656e+01 1.384685e-03 1.431493e-03 1.375479e-03 1.347084e-03
2.192193e+01 1.396737e-03 1.448524e-03 1.383742e-03 1.357945e-03
2.196731e+01 1.408805e-03 1.465214e-03 1.392587e-03 1.368615e-03
2.201268e+01 1.420826e-03 1.481485e-03 1.401951e-03 1.379044e-03
2.205805e+01 1.432735e-03 1.497265e-03 1.411756e-03 1.389182e-03
2.210343e+01 1.444462e-03 1.512489e-03 1.421919e-03 1.398979e-03
2.214880e+01 1.455943e-03 1.527097e-03 1.432345e-03 1.408385e-03
2.219418e+01 1.467109e-03 1.541037e-03 1.442937e-03 1.417353e-03
2.223955e+01 1.477898e-03 1.554264e-03 1.453591e-03 1.425838e-03
2.228492e+01 1.488249e-03 1.566742e-03 1.464203e-03 1.433801e-03
2.233030e+01 1.498107e-03 1.578443e-03 1.474670e-03 1.441210e-03
2.237567e+01 1.507425e-03 1.589347e-03 1.484890e-03 1.448037e-03
2.242105e+01 1.516160e-03 1.599444e-03 1.494771e-03 1.454266e-03
2.246642e+01 1.524281e-03 1.608730e-03 1.504224e-03 1.459887e-03
2.251179e+01 1.531762e-03 1.617210e-03 1.513174e-03 1.464901e-03
2.255717e+01 1.538589e-03 1.624895e-03 1.521555e-03 1.469317e-03
2.260254e+01 1.544757e-03 1.631801e-03 1.529314e-03 1.473157e-03
2.264792e+01 1.550272e-03 1.637951e-03 1.536414e-03 1.476451e-03
2.269329e+01 1.555147e-03 1.643371e-03 1.542833e-03 1.479237e-03
2.273866e+01 1.559404e-03 1.648090e-03 1.548561e-03 1.481562e-03
2.278404e+01 1.563076e-03 1.652139e-03 1.553608e-03 1.483480e-03
2.282941e+01 1.566198e-03 1.655550e-03 1.557994e-03 1.485050e-03
2.287479e+01 1.568815e-03 1.658352e-03 1.561757e-03 1.486335e-03
2.292016e+01 1.570973e-03 1.660575e-03 1.564944e-03 1.487399e-03
2.296553e+01 1.572723e-03 1.662246e-03 1.567615e-03 1.488307e-03
2.301091e+01 1.574115e-03 1.663386e-03 1.569838e-03 1.489121e-03
2.305628e+01 1.575202e-03 1.664015e-03 1.571690e-03 1.489900e-03
2.310165e+01 1.576032e-03 1.664147e-03 1.573252e-03 1.490696e-03
2.314703e+01 1.576651e-03 1.663793e-03 1.574607e-03 1.491554e-03
2.319240e+01 1.577103e-03 1.662958e-03 1.575840e-03 1.492513e-03
2.323778e+01 1.577426e-03 1.661644e-03 1.577035e-03 1.493600e-03
2.328315e+01 1.577652e-03 1.659851e-03 1.578273e-03 1.494834e-03
2.332852e+01 1.577810e-03 1.657576e-03 1.579629e-03 1.496224e-03
2.337390e+01 1.577920e-03 1.654815e-03 1.581175e-03 1.497771e-03
2.341927e+01 1.578001e-03 1.651566e-03 1.582973e-03 1.499465e-03
2.346465e+01 1.578066e-03 1.647829e-03 1.585078e-03 1.501292e-03
2.351002e+01 1.578125e-03 1.643608e-03 1.587538e-03 1.503229e-03
2.355539e+01 1.578185e-03 1.638910e-03 1.590391e-03 1.505253e-03
2.360077e+01 1.578253e-03 1.633752e-03 1.593670e-03 1.507336e-03
2.364614e+01 1.578335e-03 1.628158e-03 1.597396e-03 1.509452e-03
2.369152e+01 1.578441e-03 1.622162e-03 1.601586e-03 1.511575e-03
2.373689e+01 1.578581e-03 1.615805e-03 1.606250e-03 1.513687e-03
2.378226e+01 1.578770e-03 1.609144e-03 1.611393e-03 1.515773e-03
2.382764e+01 1.579028e-03 1.602240e-03 1.617016e-03 1.517828e-03
2.387301e+01 1.579379e-03 1.595168e-03 1.623115e-03 1.519853e-03
2.391839e+01 1.579853e-03 1.588010e-03 1.629685e-03 1.521863e-03
2.396376e+01 1.580486e-03 1.580858e-03 1.636721e-03 1.523881e-03
2.400913e+01 1.581320e-03 1.573806e-03 1.644213e-03 1.525941e-03
2.405451e+01 1.582399e-03 1.566955e-03 1.652154e-03 1.528089e-03
2.409988e+01 1.583773e-03 1.560407e-03 1.660535e-03 1.530378e-03
2.414526e+01 1.585494e-03 1.554263e-03 1.669347e-03 1.532872e-03
2.419063e+01 1.587613e-03 1.548619e-03 1.678580e-03 1.535640e-03
2.423600e+01 1.590184e-03 1.543567e-03 1.688225e-03 1.538759e-03
2.428138e+01 1.593256e-03 1.539189e-03 1.698271e-03 1.542308e-03
2.432675e+01 1.596876e-03 1.535559e-03 1.708704e-03 1.546366e-03
2.437212e+01 1.601086e-03 1.532735e-03 1.719508e-03 1.551016e-03
2.441750e+01 1.605921e-03 1.530765e-03 1.730665e-03 1.556335e-03
2.446287e+01 1.611409e-03 1.529677e-03 1.742153e-03 1.562397e-03
2.450825e+01 1.617569e-03 1.529489e-03 1.753947e-03 1.569270e-03
2.455362e+01 1.624410e-03 1.530199e-03 1.766015e-03 1.577017e-03
2.459899e+01 1.631935e-03 1.531792e-03 1.778323e-03 1.585691e-03
2.464437e+01 1.640136e-03 1.534239e-03 1.790833e-03 1.595336e-03
2.468974e+01 1.648996e-03 1.537498e-03 1.803501e-03 1.605988e-03
2.473512e+01 1.658491e-03 1.541516e-03 1.816283e-03 1.617675e-03
2.478049e+01 1.668592e-03 1.546231e-03 1.829130e-03 1.630414e-03
2.482586e+01 1.679261e-03 1.551575e-03 1.841992e-03 1.644216e-03
2.487124e+01 1.690458e-03 1.557474e-03 1.854819e-03 1.659082e-03
2.491661e+01 1.702142e-03 1.563857e-03 1.867561e-03 1.675010e-03
2.496199e+01 1.714269e-03 1.570647e-03 1.880170e-03 1.691991e-03
2.500736e+01 1.726796e-03 1.577776e-03 1.892602e-03 1.710011e-03
2.505273e+01 1.739682e-03 1.585176e-03 1.904815e-03 1.729054e-03
2.509811e+01 1.752888e-03 1.592789e-03 1.916774e-03 1.749102e-03
2.514348e+01 1.766380e-03 1.600560e-03 1.928448e-03 1.770133e-03
2.518886e+01 1.780128e-03 1.608447e-03 1.939811e-03 1.792126e-03
2.523423e+01 1.794106e-03 1.616413e-03 1.950847e-03 1.815059e-03
2.527960e+01 1.808293e-03 1.624431e-03 1.961543e-03 1.838906e-03
2.532498e+01 1.822672e-03 1.632483e-03 1.971892e-03 1.863642e-03
2.537035e+01 1.837229e-03 1.640557e-03 1.981893e-03 1.889238e-03
2.541572e+01 1.851953e-03 1.648649e-03 1.991550e-03 1.915660e-03
2.546110e+01 1.866834e-03 1.656760e-03 2.000870e-03 1.942873e-03
2.550647e+01 1.881864e-03 1.664894e-03 2.009863e-03 1.970833e-03
2.555185e+01 1.897030e-03 1.673060e-03 2.018543e-03 1.999487e-03
2.559722e+01 1.912321e-03 1.681266e-03 2.026920e-03 2.028776e-03
2.564259e+01 1.927720e-03 1.689521e-03 2.035009e-03 2.058628e-03
2.568797e+01 1.943205e-03 1.697832e-03 2.042822e-03 2.088961e-03
2.573334e+01 1.958751e-03 1.706204e-03 2.050370e-03 2.119680e-03
2.577872e+01 1.974326e-03 1.714638e-03 2.057662e-03 2.150677e-03
2.582409e+01 1.989889e-03 1.723130e-03 2.064706e-03 2.181831e-03
2.586946e+01 2.005396e-03 1.731672e-03 2.071509e-03 2.213008e-03
2.591484e+01 2.020796e-03 1.740250e-03 2.078074e-03 2.244063e-03
2.596021e+01 2.036030e-03 1.748844e-03 2.084407e-03 2.274840e-03
2.600559e+01 2.051038e-03 1.757431e-03 2.090510e-03 2.305174e-03
2.605096e+01 2.065755e-03 1.765979e-03 2.096390e-03 2.334895e-03
2.609633e+01 2.080111e-03 1.774455e-03 2.102051e-03 2.363828e-03
2.614171e+01 2.094039e-03 1.782818e-03 2.107503e-03 2.391797e-03
2.618708e+01 2.107470e-03 1.791025e-03 2.112756e-03 2.418629e-03
2.623246e+01 2.120337e-03 1.799031e-03 2.117825e-03 2.444155e-03
2.627783e+01 2.132577e-03 1.806788e-03 2.122727e-03 2.468217e-03
2.632320e+01 2.144132e-03 1.814244e-03 2.127485e-03 2.490665e-03
2.636858e+01 2.154948e-03 1.821351e-03 2.132125e-03 2.511368e-03
2.641395e+01 2.164980e-03 1.828056e-03 2.136674e-03 2.530210e-03
2.645933e+01 2.174189e-03 1.834311e-03 2.141163e-03 2.547094e-03
2.650470e+01 2.182546e-03 1.840066e-03 2.145625e-03 2.561948e-03
2.655007e+01 2.190029e-03 1.845277e-03 2.150092e-03 2.574719e-03
2.659545e+01 2.196624e-03 1.849898e-03 2.154594e-03 2.585381e-03
2.664082e+01 2.202327e-03 1.853890e-03 2.159161e-03 2.593931e-03
2.668619e+01 2.207142e-03 1.857217e-03 2.163817e-03 2.600391e-03
2.673157e+01 2.211079e-03 1.859849e-03 2.168582e-03 2.604806e-03
2.677694e+01 2.214156e-03 1.861757e-03 2.173467e-03 2.607243e-03
2.682232e+01 2.216398e-03 1.862923e-03 2.178479e-03 2.607791e-03
2.686769e+01 2.217834e-03 1.863330e-03 2.183615e-03 2.606557e-03
2.691306e+01 2.218500e-03 1.862970e-03 2.188865e-03 2.603665e-03
2.695844e+01 2.218434e-03 1.861842e-03 2.194209e-03 2.599251e-03
2.700381e+01 2.217679e-03 1.859951e-03 2.199623e-03 2.593464e-03
2.704919e+01 2.216280e-03 1.857308e-03 2.205073e-03 2.586461e-03
2.709456e+01 2.214285e-03 1.853932e-03 2.210521e-03 2.578403e-03
2.713993e+01 2.211743e-03 1.849849e-03 2.215927e-03 2.569453e-03
2.718531e+01 2.208705e-03 1.845091e-03 2.221247e-03 2.559775e-03
2.723068e+01 2.205223e-03 1.839699e-03 2.226440e-03 2.549529e-03
2.727606e+01 2.201350e-03 1.833717e-03 2.231466e-03 2.538868e-03
2.732143e+01 2.197142e-03 1.827196e-03 2.236290e-03 2.527939e-03
2.736680e+01 2.192651e-03 1.820192e-03 2.240885e-03 2.516877e-03
2.741218e+01 2.187935e-03 1.812763e-03 2.245233e-03 2.505808e-03
2.745755e+01 2.183048e-03 1.804975e-03 2.249325e-03 2.494844e-03
2.750293e+01 2.178046e-03 1.796891e-03 2.253165e-03 2.484082e-03
2.754830e+01 2.172986e-03 1.788578e-03 2.256771e-03 2.473609e-03
2.759367e+01 2.167924e-03 1.780105e-03 2.260172e-03 2.463495e-03
2.763905e+01 2.162916e-03 1.771537e-03 2.263413e-03 2.453798e-03
2.768442e+01 2.158017e-03 1.762940e-03 2.266550e-03 2.444561e-03
2.772979e+01 2.153283e-03 1.754378e-03 2.269653e-03 2.435818e-03
2.777517e+01 2.148766e-03 1.745910e-03 2.272802e-03 2.427587e-03
2.782054e+01 2.144521e-03 1.737594e-03 2.276089e-03 2.419879e-03
2.786592e+01 2.140596e-03 1.729480e-03 2.279611e-03 2.412697e-03
2.791129e+01 2.137042e-03 1.721617e-03 2.283475e-03 2.406033e-03
2.795666e+01 2.133903e-03 1.714047e-03 2.287788e-03 2.399875e-03
2.800204e+01 2.131224e-03 1.706806e-03 2.292663e-03 2.394204e-03
2.804741e+01 2.129045e-03 1.699927e-03 2.298210e-03 2.388997e-03
2.809279e+01 2.127399e-03 1.693435e-03 2.304535e-03 2.384228e-03
2.813816e+01 2.126319e-03 1.687350e-03 2.311742e-03 2.379866e-03
2.818353e+01 2.125830e-03 1.681685e-03 2.319926e-03 2.375879e-03
2.822891e+01 2.125950e-03 1.676451e-03 2.329171e-03 2.372229e-03
2.827428e+01 2.126692e-03 1.671650e-03 2.339549e-03 2.368876e-03
2.831966e+01 2.128059e-03 1.667278e-03 2.351121e-03 2.365778e-03
2.836503e+01 2.130048e-03 1.663328e-03 2.363928e-03 2.362887e-03
2.841040e+01 2.132643e-03 1.659785e-03 2.377994e-03 2.360150e-03
2.845578e+01 2.135822e-03 1.656631e-03 2.393327e-03 2.357510e-03
2.850115e+01 2.139550e-03 1.653839e-03 2.409908e-03 2.354902e-03
2.854653e+01 2.143779e-03 1.651378e-03 2.427702e-03 2.352257e-03
2.859190e+01 2.148453e-03 1.649214e-03 2.446646e-03 2.349500e-03
2.863727e+01 2.153503e-03 1.647303e-03 2.466658e-03 2.346548e-03
2.868265e+01 2.158848e-03 1.645599e-03 2.487630e-03 2.343314e-03
2.872802e+01 2.164397e-03 1.644052e-03 2.509432e-03 2.339706e-03
2.877339e+01 2.170049e-03 1.642605e-03 2.531913e-03 2.335630e-03
2.881877e+01 2.175695e-03 1.641199e-03 2.554898e-03 2.330987e-03
2.886414e+01 2.181217e-03 1.639773e-03 2.578198e-03 2.325681e-03
2.890952e+01 2.186495e-03 1.638263e-03 2.601604e-03 2.319617e-03
2.895489e+01 2.191402e-03 1.636605e-03 2.624896e-03 2.312705e-03
2.900026e+01 2.195812e-03 1.634734e-03 2.647842e-03 2.304861e-03
2.904564e+01 2.199601e-03 1.632588e-03 2.670205e-03 2.296011e-03
2.909101e+01 2.202648e-03 1.630107e-03 2.691745e-03 2.286093e-03
2.913639e+01 2.204839e-03 1.627235e-03 2.712223e-03 2.275058e-03
2.918176e+01 2.206068e-03 1.623924e-03 2.731407e-03 2.262873e-03
2.922713e+01 2.206242e-03 1.620130e-03 2.749074e-03 2.249522e-03
2.927251e+01 2.205280e-03 1.615818e-03 2.765015e-03 2.235007e-03
2.931788e+01 2.203117e-03 1.610962e-03 2.779038e-03 2.219349e-03
2.936326e+01 2.199703e-03 1.605547e-03 2.790973e-03 2.202589e-03
2.940863e+01 2.195008e-03 1.599567e-03 2.800673e-03 2.184784e-03
2.945400e+01 2.189018e-03 1.593027e-03 2.808016e-03 2.166011e-03
2.949938e+01 2.181738e-03 1.585945e-03 2.812908e-03 2.146361e-03
2.954475e+01 2.173190e-03 1.578347e-03 2.815283e-03 2.125940e-03
2.959013e+01 2.163416e-03 1.570272e-03 2.815106e-03 2.104868e-03
2.963550e+01 2.152470e-03 1.561768e-03 2.812368e-03 2.083273e-03
2.968087e+01 2.140424e-03 1.552892e-03 2.807090e-03 2.061291e-03
2.972625e+01 2.127362e-03 1.543710e-03 2.799317e-03 2.039060e-03
2.977162e+01 2.113380e-03 1.534294e-03 2.789123e-03 2.016723e-03
2.981700e+01 2.098581e-03 1.524723e-03 2.776601e-03 1.994419e-03
2.986237e+01 2.083077e-03 1.515077e-03 2.761866e-03 1.972286e-03
2.990774e+01 2.066983e-03 1.505443e-03 2.745053e-03 1.950454e-03
2.995312e+01 2.050420e-03 1.495906e-03 2.726309e-03 1.929045e-03
2.999849e+01 2.033506e-03 1.486552e-03 2.705796e-03 1.908170e-03
3.004386e+01 2.016361e-03 1.477466e-03 2.683685e-03 1.887931e-03
3.008924e+01 1.999099e-03 1.468728e-03 2.660155e-03 1.868415e-03
3.013461e+01 1.981834e-03 1.460417e-03 2.635391e-03 1.849695e-03
3.017999e+01 1.964671e-03 1.452604e-03 2.609578e-03 1.831831e-03
3.022536e+01 1.947710e-03 1.445356e-03 2.582906e-03 1.814867e-03
3.027073e+01 1.931043e-03 1.438734e-03 2.555560e-03 1.798834e-03
3.031611e+01 1.914754e-03 1.432789e-03 2.527725e-03 1.783748e-03
3.036148e+01 1.898920e-03 1.427567e-03 2.499580e-03 1.769612e-03
3.040686e+01 1.883607e-03 1.423106e-03 2.471299e-03 1.756416e-03
3.045223e+01 1.868874e-03 1.419435e-03 2.443049e-03 1.744139e-03
3.049760e+01 1.854771e-03 1.416575e-03 2.414990e-03 1.732749e-03
3.054298e+01 1.841339e-03 1.414542e-03 2.387269e-03 1.722205e-03
3.058835e+01 1.828609e-03 1.413341e-03 2.360028e-03 1.712458e-03
3.063373e+01 1.816606e-03 1.412971e-03 2.333395e-03 1.703452e-03
3.067910e+01 1.805346e-03 1.413426e-03 2.307485e-03 1.695128e-03
3.072447e+01 1.794838e-03 1.414691e-03 2.282404e-03 1.687420e-03
3.076985e+01 1.785084e-03 1.416745e-03 2.258242e-03 1.680264e-03
3.081522e+01 1.776077e-03 1.419564e-03 2.235077e-03 1.673591e-03
3.086060e+01 1.767808e-03 1.423115e-03 2.212972e-03 1.667336e-03
3.090597e+01 1.760258e-03 1.427363e-03 2.191975e-03 1.661435e-03
3.095134e+01 1.753405e-03 1.432268e-03 2.172122e-03 1.655825e-03
3.099672e+01 1.747222e-03 1.437783e-03 2.153433e-03 1.650450e-03
3.104209e+01 1.741677e-03 1.443862e-03 2.135913e-03 1.645257e-03
3.108746e+01 1.736736e-03 1.450452e-03 2.119555e-03 1.640201e-03
3.113284e+01 1.732360e-03 1.457500e-03 2.104337e-03 1.635242e-03
3.117821e+01 1.728507e-03 1.464947e-03 2.090226e-03 1.630347e-03
3.122359e+01 1.725135e-03 1.472735e-03 2.077177e-03 1.625494e-03
3.126896e+01 1.722200e-03 1.480802e-03 2.065133e-03 1.620663e-03
3.131433e+01 1.719655e-03 1.489087e-03 2.054030e-03 1.615848e-03
3.135971e+01 1.717455e-03 1.497525e-03 2.043795e-03 1.611047e-03
3.140508e+01 1.715555e-03 1.506053e-03 2.034348e-03 1.606265e-03
3.145046e+01 1.713909e-03 1.514606e-03 2.025605e-03 1.601516e-03
3.149583e+01 1.712473e-03 1.523120e-03 2.017478e-03 1.596820e-03
3.154120e+01 1.711204e-03 1.531533e-03 2.009877e-03 1.592201e-03
3.158658e+01 1.710061e-03 1.539781e-03 2.002715e-03 1.587689e-03
3.163195e+01 1.709008e-03 1.547803e-03 1.995904e-03 1.583316e-03
3.167733e+01 1.708007e-03 1.555541e-03 1.989360e-03 1.579120e-03
3.172270e+01 1.707027e-03 1.562939e-03 1.983004e-03 1.575137e-03
3.176807e+01 1.706037e-03 1.569941e-03 1.976765e-03 1.571406e-03
3.181345e+01 1.705013e-03 1.576500e-03 1.970577e-03 1.567963e-03
3.185882e+01 1.703933e-03 1.582567e-03 1.964384e-03 1.564847e-03
3.190420e+01 1.702777e-03 1.588100e-03 1.958141e-03 1.562090e-03
3.194957e+01 1.701532e-03 1.593062e-03 1.951811e-03 1.559723e-03
3.199494e+01 1.700188e-03 1.597421e-03 1.945369e-03 1.557774e-03
3.204032e+01 1.698738e-03 1.601148e-03 1.938798e-03 1.556267e-03
3.208569e+01 1.697179e-03 1.604221e-03 1.932096e-03 1.555219e-03
3.213107e+01 1.695512e-03 1.606626e-03 1.925265e-03 1.554645e-03
3.217644e+01 1.693741e-03 1.608351e-03 1.918319e-03 1.554553e-03
3.222181e+01 1.691873e-03 1.609392e-03 1.911279e-03 1.554947e-03
3.226719e+01 1.689916e-03 1.609752e-03 1.904171e-03 1.555825e-03
3.231256e+01 1.687882e-03 1.609436e-03 1.897027e-03 1.557182e-03
3.235793e+01 1.685782e-03 1.608459e-03 1.889881e-03 1.559007e-03
3.240331e+01 1.683629e-03 1.606838e-03 1.882765e-03 1.561285e-03
3.244868e+01 1.681434e-03 1.604594e-03 1.875711e-03 1.563995e-03
3.249406e+01 1.679207e-03 1.601755e-03 1.868749e-03 1.567115e-03
3.253943e+01 1.676956e-03 1.598350e-03 1.861900e-03 1.570618e-03
3.258480e+01 1.674686e-03 1.594408e-03 1.855180e-03 1.574472e-03
3.263018e+01 1.672399e-03 1.589963e-03 1.848592e-03 1.578641e-03
3.267555e+01 1.670088e-03 1.585047e-03 1.842131e-03 1.583087e-03
3.272093e+01 1.667745e-03 1.579691e-03 1.835779e-03 1.587766e-03
3.276630e+01 1.665352e-03 1.573924e-03 1.829504e-03 1.592629e-03
3.281167e+01 1.662886e-03 1.567771e-03 1.823263e-03 1.597623e-03
3.285705e+01 1.660313e-03 1.561252e-03 1.816996e-03 1.602690e-03
3.290242e+01 1.657592e-03 1.554383e-03 1.810631e-03 1.607763e-03
3.294780e+01 1.654675e-03 1.547171e-03 1.804084e-03 1.612771e-03
3.299317e+01 1.651501e-03 1.539614e-03 1.797258e-03 1.617632e-03
3.303854e+01 1.648003e-03 1.531704e-03 1.790045e-03 1.622259e-03
3.308392e+01 1.644102e-03 1.523421e-03 1.782329e-03 1.626555e-03
3.312929e+01 1.639711e-03 1.514736e-03 1.773986e-03 1.630412e-03
3.317467e+01 1.634736e-03 1.505607e-03 1.764887e-03 1.633715e-03
3.322004e+01 1.629072e-03 1.495984e-03 1.754897e-03 1.636336e-03
3.326541e+01 1.622610e-03 1.485806e-03 1.743883e-03 1.638140e-03
3.331079e+01 1.615230e-03 1.474999e-03 1.731710e-03 1.638982e-03
3.335616e+01 1.606813e-03 1.463484e-03 1.718246e-03 1.638708e-03
3.340153e+01 1.597230e-03 1.451169e-03 1.703365e-03 1.637157e-03
3.344691e+01 1.586355e-03 1.437957e-03 1.686946e-03 1.634162e-03
3.349228e+01 1.574058e-03 1.423748e-03 1.668876e-03 1.629552e-03
3.353766e+01 1.560214e-03 1.408433e-03 1.649053e-03 1.623156e-03
3.358303e+01 1.544698e-03 1.391906e-03 1.627386e-03 1.614801e-03
3.362840e+01 1.527394e-03 1.374060e-03 1.603798e-03 1.604323e-03
3.367378e+01 1.508193e-03 1.354794e-03 1.578225e-03 1.591561e-03
3.371915e+01 1.487000e-03 1.334010e-03 1.550622e-03 1.576369e-03
3.376453e+01 1.463730e-03 1.311621e-03 1.520956e-03 1.558613e-03
3.380990e+01 1.438318e-03 1.287555e-03 1.489218e-03 1.538180e-03
3.385527e+01 1.410715e-03 1.261750e-03 1.455414e-03 1.514980e-03
3.390065e+01 1.380895e-03 1.234165e-03 1.419572e-03 1.488946e-03
3.394602e+01 1.348855e-03 1.204780e-03 1.381741e-03 1.460045e-03
3.399140e+01 1.314618e-03 1.173593e-03 1.341989e-03 1.428273e-03
3.403677e+01 1.278233e-03 1.140630e-03 1.300409e-03 1.393661e-03
3.408214e+01 1.239777e-03 1.105941e-03 1.257113e-03 1.356277e-03
3.412752e+01 1.199354e-03 1.069600e-03 1.212235e-03 1.316227e-03
3.417289e+01 1.157097e-03 1.031710e-03 1.165929e-03 1.273651e-03
3.421827e+01 1.113165e-03 9.923980e-04 1.118368e-03 1.228727e-03
3.426364e+01 1.067743e-03 9.518140e-04 1.069745e-03 1.181669e-03
3.430901e+01 1.021040e-03 9.101320e-04 1.020267e-03 1.132719e-03
3.435439e+01 9.732841e-04 8.675452e-04 9.701555e-04 1.082151e-03
3.439976e+01 9.247227e-04 8.242644e-04 9.196420e-04 1.030262e-03
3.444513e+01 8.756155e-04 7.805136e-04 8.689672e-04 9.773658e-04
3.449051e+01 8.262323e-04 7.365269e-04 8.183758e-04 9.237941e-04
3.453588e+01 7.768476e-04 6.925442e-04 7.681139e-04 8.698848e-04
3.458126e+01 7.277367e-04 6.488068e-04 7.184252e-04 8.159783e-04
3.462663e+01 6.791707e-04 6.055535e-04 6.695472e-04 7.624115e-04
3.467200e+01 6.314120e-04 5.630161e-04 6.217080e-04 7.095119e-04
3.471738e+01 5.847099e-04 5.214157e-04 5.751223e-04 6.575918e-04
3.476275e+01 5.392971e-04 4.809589e-04 5.299889e-04 6.069436e-04
3.480813e+01 4.953858e-04 4.418345e-04 4.864875e-04 5.578354e-04
3.485350e+01 4.531646e-04 4.042108e-04 4.447763e-04 5.105067e-04
3.489887e+01 4.127968e-04 3.682337e-04 4.049906e-04 4.651661e-04
3.494425e+01 3.744181e-04 3.340247e-04 3.672409e-04 4.219887e-04
3.498962e+01 3.381358e-04 3.016799e-04 3.316123e-04 3.811150e-04
3.503500e+01 3.040285e-04 2.712703e-04 2.981646e-04 3.426506e-04
3.508037e+01 2.721464e-04 2.428412e-04 2.669319e-04 3.066662e-04
3.512574e+01 2.425124e-04 2.164136e-04 2.379242e-04 2.731994e-04
3.517112e+01 2.151230e-04 1.919851e-04 2.111283e-04 2.422556e-04
3.521649e+01 1.899510e-04 1.695319e-04 1.865096e-04 2.138115e-04
3.526187e+01 1.669472e-04 1.490108e-04 1.640140e-04 1.878167e-04
3.530724e+01 1.460433e-04 1.303612e-04 1.435705e-04 1.641981e-04
3.535261e+01 1.271546e-04 1.135081e-04 1.250934e-04 1.428624e-04
3.539799e+01 1.101831e-04 9.836422e-05 1.084850e-04 1.236999e-04
3.544336e+01 9.501992e-05 8.483293e-05 9.363846e-05 1.065884e-04
3.548874e+01 8.154879e-05 7.281062e-05 8.043982e-05 9.139593e-05
3.553411e+01 6.964821e-05 6.218915e-05 6.877089e-05 7.798458e-05
3.557948e+01 5.919422e-05 5.285810e-05 5.851134e-05 6.621322e-05
3.562486e+01 5.006263e-05 4.470682e-05 4.954084e-05 5.594024e-05
3.567023e+01 4.213101e-05 3.762617e-05 4.174086e-05 4.702599e-05
3.571560e+01 3.528036e-05 3.151009e-05 3.499624e-05 3.933476e-05
3.576098e+01 2.939662e-05 2.625685e-05 2.919657e-05 3.273642e-05
3.580635e+01 2.437166e-05 2.177006e-05 2.423714e-05 2.710779e-05
3.585173e+01 2.010424e-05 1.795939e-05 2.001979e-05 2.233353e-05
3.589710e+01 1.650046e-05 1.474111e-05 1.645342e-05 1.830686e-05
3.594247e+01 1.347419e-05 1.203835e-05 1.345432e-05 1.492989e-05
3.598785e+01 1.094711e-05 9.781254e-06 1.094631e-05 1.211377e-05
3.603322e+01 8.848703e-06 7.906889e-06 8.860641e-06 9.778579e-06
3.607860e+01 7.116003e-06 6.359067e-06 7.135859e-06 7.853082e-06
3.612397e+01 5.693280e-06 5.088049e-06 5.717464e-06 6.274326e-06
3.616934e+01 4.531612e-06 4.050168e-06 4.557529e-06 4.987138e-06
3.621472e+01 3.588399e-06 3.207397e-06 3.614244e-06 3.943556e-06
3.626009e+01 2.826839e-06 2.526881e-06 2.851418e-06 3.102219e-06
3.630547e+01 2.215382e-06 1.980450e-06 2.237967e-06 2.427729e-06
3.635084e+01 1.727182e-06 1.544133e-06 1.747390e-06 1.890023e-06
3.639621e+01 1.339568e-06 1.197685e-06 1.357262e-06 1.463757e-06
3.644159e+01 1.033533e-06 9.241289e-07 1.048746e-06 1.127723e-06
3.648696e+01 7.932534e-07 7.093334e-07 8.061288e-07 8.642978e-07
3.653234e+01 6.056528e-07 5.416163e-07 6.163979e-07 6.589443e-07
3.657771e+01 4.599979e-07 4.113889e-07 4.688523e-07 4.997525e-07
3.662308e+01 3.475395e-07 3.108342e-07 3.547517e-07 3.770327e-07
3.666846e+01 2.611951e-07 2.336234e-07 2.670067e-07 2.829552e-07
3.671383e+01 1.952698e-07 1.746675e-07 1.999057e-07 2.112361e-07
3.675920e+01 1.452149e-07 1.299011e-07 1.488779e-07 1.568657e-07
3.680458e+01 1.074211e-07 9.609799e-08 1.102891e-07 1.158761e-07
3.684995e+01 7.904369e-08 7.071531e-08 8.126983e-08 8.514593e-08
3.689533e+01 5.785474e-08 5.176125e-08 5.956811e-08 6.223485e-08
3.694070e+01 4.212160e-08 3.768683e-08 4.342973e-08 4.524825e-08
3.698607e+01 3.050428e-08 2.729363e-08 3.149526e-08 3.272396e-08
3.703145e+01 2.197384e-08 1.966176e-08 2.271875e-08 2.354102e-08
3.707682e+01 1.574463e-08 1.408834e-08 1.630039e-08 1.684516e-08
3.712220e+01 1.122114e-08 1.004091e-08 1.163280e-08 1.198971e-08
3.716757e+01 7.954438e-09 7.117952e-09 8.257037e-09 8.488324e-09
3.721294e+01 5.608678e-09 5.018970e-09 5.829662e-09 5.977401e-09
3.725832e+01 3.933450e-09 3.519907e-09 4.093606e-09 4.186839e-09
3.730369e+01 2.743809e-09 2.455297e-09 2.859194e-09 2.916936e-09
3.734907e+01 1.903670e-09 1.703476e-09 1.986213e-09 2.021322e-09
3.739444e+01 1.313709e-09 1.175554e-09 1.372369e-09 1.393203e-09
3.743981e+01 9.015685e-10 8.066760e-10 9.429487e-10 9.550809e-10
3.748519e+01 6.152726e-10 5.505398e-10 6.442327e-10 6.510454e-10
3.753056e+01 4.175634e-10 3.736379e-10 4.378230e-10 4.412295e-10
3.757594e+01 2.817715e-10 2.521233e-10 2.958390e-10 2.973520e-10
3.762131e+01 1.889162e-10 1.690087e-10 1.985850e-10 1.991548e-10
3.766668e+01 1.259293e-10 1.126481e-10 1.325222e-10 1.326176e-10
3.771206e+01 8.327541e-11 7.451497e-11 8.776494e-11 8.754632e-11
3.775743e+01 5.471577e-11 4.897329e-11 5.777303e-11 5.740097e-11
3.780281e+01 3.561664e-11 3.186222e-11 3.774205e-11 3.724566e-11
3.784818e+01 2.294623e-11 2.047605e-11 2.446253e-11 2.390011e-11
3.789355e+01 1.452248e-11 1.292650e-11 1.552336e-11 1.511759e-11
3.793893e+01 8.867612e-12 7.905682e-12 9.615434e-12 9.081719e-12
3.798430e+01 5.260152e-12 4.754502e-12 5.695146e-12 5.330808e-12
3.802967e+01 3.001279e-12 2.757774e-12 3.305233e-12 2.940831e-12
3.807505e+01 1.697109e-12 1.546562e-12 1.906348e-12 1.638418e-12
3.812042e+01 8.610746e-13 7.252670e-13 9.626155e-13 8.953414e-13
3.816580e+01 4.007426e-13 3.596334e-13 4.432176e-13 3.993768e-13
3.821117e+01 1.743671e-13 1.501705e-13 1.910687e-13 1.818622e-13
3.825654e+01 9.157248e-14 7.980301e-14 9.082707e-14 1.040874e-13
3.830192e+01 0.000000e+00 0.000000e+00 0.000000e+00 0.000000e+00
3.834729e+01 0.000000e+00 0.000000e+00 0.000000e+00 0.000000e+00
3.839267e+01 0.000000e+00 0.000000e+00 0.000000e+00 0.000000e+00
3.843804e+01 0.000000e+00 0.000000e+00 0.000000e+00 0.000000e+00
3.848341e+01 0.000000e+00 0.000000e+00 0.000000e+00 0.000000e+00
3.852879e+01 0.000000e+00 0.000000e+00 0.000000e+00 0.000000e+00
3.857416e+01 0.000000e+00 0.000000e+00 0.000000e+00 0.000000e+00
3.861954e+01 0.000000e+00 0.000000e+00 0.000000e+00 0.000000e+00
3.866491e+01 0.000000e+00 0.000000e+00 0.000000e+00 0.000000e+00
3.871028e+01 0.000000e+00 0.000000e+00 0.000000e+00 0.000000e+00
3.875566e+01 0.000000e+00 0.000000e+00 0.000000e+00 0.000000e+00
3.880103e+01 0.000000e+00 0.000000e+00 0.000000e+00 0.000000e+00
3.884641e+01 0.000000e+00 0.000000e+00 0.000000e+00 0.000000e+00
3.889178e+01 0.000000e+00 0.000000e+00 0.000000e+00 0.000000e+00
3.893715e+01 0.000000e+00 0.000000e+00 0.000000e+00 0.000000e+00
3.898253e+01 0.000000e+00 0.000000e+00 0.000000e+00 0.000000e+00
3.902790e+01 0.000000e+00 0.000000e+00 0.000000e+00 0.000000e+00
3.907327e+01 0.000000e+00 0.000000e+00 0.000000e+00 0.000000e+00
3.911865e+01 0.000000e+00 0.000000e+00 0.000000e+00 0.000000e+00
3.916402e+01 0.000000e+00 0.000000e+00 0.000000e+00 0.000000e+00
3.920940e+01 0.000000e+00 0.000000e+00 0.000000e+00 0.000000e+00
3.925477e+01 0.000000e+00 0.000000e+00 0.000000e+00 0.000000e+00
3.930014e+01 0.000000e+00 0.000000e+00 0.000000e+00 0.000000e+00
3.934552e+01 0.000000e+00 0.000000e+00 0.000000e+00 0.000000e+00
3.939089e+01 0.000000e+00 0.000000e+00 0.000000e+00 0.000000e+00
3.943627e+01 0.000000e+00 0.000000e+00 0.000000e+00 0.000000e+00
3.948164e+01 0.000000e+00 0.000000e+00 0.000000e+00 0.000000e+00
3.952701e+01 0.000000e+00 0.000000e+00 0.000000e+00 0.000000e+00
3.957239e+01 0.000000e+00 0.000000e+00 0.000000e+00 0.000000e+00
3.961776e+01 0.000000e+00 0.000000e+00 0.000000e+00 0.000000e+00
3.966314e+01 0.000000e+00 0.000000e+00 0.000000e+00 0.000000e+00
3.970851e+01 0.000000e+00 0.000000e+00 0.000000e+00 0.000000e+00
3.975388e+01 0.000000e+00 0.000000e+00 0.000000e+00 0.000000e+00
3.979926e+01 0.000000e+00 0.000000e+00 0.000000e+00 0.000000e+00
3.984463e+01 0.000000e+00 0.000000e+00 0.000000e+00 0.000000e+00
3.989001e+01 0.000000e+00 0.000000e+00 0.000000e+00 0.000000e+00
3.993538e+01 0.000000e+00 0.000000e+00 0.000000e+00 0.000000e+00
3.998075e+01 0.000000e+00 0.000000e+00 0.000000e+00 0.000000e+00
4.002613e+01 0.000000e+00 0.000000e+00 0.000000e+00 0.000000e+00
4.007150e+01 0.000000e+00 0.000000e+00 0.000000e+00 0.000000e+00
4.011687e+01 0.000000e+00 0.000000e+00 0.000000e+00 0.000000e+00
4.016225e+01 0.000000e+00 0.000000e+00 0.000000e+00 0.000000e+00
4.020762e+01 0.000000e+00 0.000000e+00 0.000000e+00 0.000000e+00
4.025300e+01 0.000000e+00 0.000000e+00 0.000000e+00 0.000000e+00
4.029837e+01 0.000000e+00 0.000000e+00 0.000000e+00 0.000000e+00
4.034374e+01 0.000000e+00 0.000000e+00 0.000000e+00 0.000000e+00
4.038912e+01 0.000000e+00 0.000000e+00 0.000000e+00 0.000000e+00
4.043449e+01 0.000000e+00 0.000000e+00 0.000000e+00 0.000000e+00
4.047987e+01 0.000000e+00 0.000000e+00 0.000000e+00 0.000000e+00
4.052524e+01 0.000000e+00 0.000000e+00 0.000000e+00 0.000000e+00
4.057061e+01 0.000000e+00 0.000000e+00 0.000000e+00 0.000000e+00
4.061599e+01 0.000000e+00 0.000000e+00 0.000000e+00 0.000000e+00
4.066136e+01 0.000000e+00 0.000000e+00 0.000000e+00 0.000000e+00
4.070674e+01 0.000000e+00 0.000000e+00 0.000000e+00 0.000000e+00
4.075211e+01 0.000000e+00 0.000000e+00 0.000000e+00 0.000000e+00
4.079748e+01 0.000000e+00 0.000000e+00 0.000000e+00 0.000000e+00
4.084286e+01 0.000000e+00 0.000000e+00 0.000000e+00 0.000000e+00
4.088823e+01 0.000000e+00 0.000000e+00 0.000000e+00 0.000000e+00
4.093361e+01 0.000000e+00 0.000000e+00 0.000000e+00 0.000000e+00
4.097898e+01 0.000000e+00 0.000000e+00 0.000000e+00 0.000000e+00
4.102435e+01 0.000000e+00 0.000000e+00 0.000000e+00 0.000000e+00
4.106973e+01 0.000000e+00 0.000000e+00 0.000000e+00 0.000000e+00
4.111510e+01 0.000000e+00 0.000000e+00 0.000000e+00 0.000000e+00
4.116048e+01 0.000000e+00 0.000000e+00 0.000000e+00 0.000000e+00
4.120585e+01 0.000000e+00 0.000000e+00 0.000000e+00 0.000000e+00
4.125122e+01 0.000000e+00 0.000000e+00 0.000000e+00 0.000000e+00
4.129660e+01 0.000000e+00 0.000000e+00 0.000000e+00 0.000000e+00
4.134197e+01 0.000000e+00 0.000000e+00 0.000000e+00 0.000000e+00
4.138734e+01 0.000000e+00 0.000000e+00 0.000000e+00 0.000000e+00
4.143272e+01 0.000000e+00 0.000000e+00 0.000000e+00 0.000000e+00
4.147809e+01 0.000000e+00 0.000000e+00 0.000000e+00 0.000000e+00
4.152347e+01 0.000000e+00 0.000000e+00 0.000000e+00 0.000000e+00
4.156884e+01 0.000000e+00 0.000000e+00 0.000000e+00 0.000000e+00
4.161421e+01 0.000000e+00 0.000000e+00 0.000000e+00 0.000000e+00
4.165959e+01 0.000000e+00 0.000000e+00 0.000000e+00 0.000000e+00
4.170496e+01 0.000000e+00 0.000000e+00 0.000000e+00 0.000000e+00
4.175034e+01 0.000000e+00 0.000000e+00 0.000000e+00 0.000000e+00
4.179571e+01 0.000000e+00 0.000000e+00 0.000000e+00 0.000000e+00
4.184108e+01 0.000000e+00 0.000000e+00 0.000000e+00 0.000000e+00
4.188646e+01 0.000000e+00 0.000000e+00 0.000000e+00 0.000000e+00
4.193183e+01 0.000000e+00 0.000000e+00 0.000000e+00 0.000000e+00
4.197721e+01 0.000000e+00 0.000000e+00 0.000000e+00 0.000000e+00
4.202258e+01 0.000000e+00 0.000000e+00 0.000000e+00 0.000000e+00
4.206795e+01 0.000000e+00 0.000000e+00 0.000000e+00 0.000000e+00
4.211333e+01 0.000000e+00 0.000000e+00 0.000000e+00 0.000000e+00
4.215870e+01 0.000000e+00 0.000000e+00 0.000000e+00 0.000000e+00
4.220408e+01 0.000000e+00 0.000000e+00 0.000000e+00 0.000000e+00
4.224945e+01 0.000000e+00 0.000000e+00 0.000000e+00 0.000000e+00
4.229482e+01 0.000000e+00 0.000000e+00 0.000000e+00 0.000000e+00
4.234020e+01 0.000000e+00 0.000000e+00 0.000000e+00 0.000000e+00
4.238557e+01 0.000000e+00 0.000000e+00 0.000000e+00 0.000000e+00
4.243094e+01 0.000000e+00 0.000000e+00 0.000000e+00 0.000000e+00
4.247632e+01 0.000000e+00 0.000000e+00 0.000000e+00 0.000000e+00
4.252169e+01 0.000000e+00 0.000000e+00 0.000000e+00 0.000000e+00
4.256707e+01 0.000000e+00 0.000000e+00 0.000000e+00 0.000000e+00
4.261244e+01 0.000000e+00 0.000000e+00 0.000000e+00 0.000000e+00
4.265781e+01 0.000000e+00 0.000000e+00 0.000000e+00 0.000000e+00
4.270319e+01 0.000000e+00 0.000000e+00 0.000000e+00 0.000000e+00
4.274856e+01 0.000000e+00 0.000000e+00 0.000000e+00 0.000000e+00
4.279394e+01 0.000000e+00 0.000000e+00 0.000000e+00 0.000000e+00
4.283931e+01 0.000000e+00 0.000000e+00 0.000000e+00 0.000000e+00
4.288468e+01 0.000000e+00 0.000000e+00 0.000000e+00 0.000000e+00
4.293006e+01 0.000000e+00 0.000000e+00 0.000000e+00 0.000000e+00
4.297543e+01 0.000000e+00 0.000000e+00 0.000000e+00 0.000000e+00
4.302081e+01 0.000000e+00 0.000000e+00 0.000000e+00 0.000000e+00
4.306618e+01 0.000000e+00 0.000000e+00 0.000000e+00 0.000000e+00
4.311155e+01 0.000000e+00 0.000000e+00 0.000000e+00 0.000000e+00
4.315693e+01 0.000000e+00 0.000000e+00 0.000000e+00 0.000000e+00
4.320230e+01 0.000000e+00 0.000000e+00 0.000000e+00 0.000000e+00
4.324768e+01 0.000000e+00 0.000000e+00 0.000000e+00 0.000000e+00
4.329305e+01 0.000000e+00 0.000000e+00 0.000000e+00 0.000000e+00
4.333842e+01 0.000000e+00 0.000000e+00 0.000000e+00 0.000000e+00
4.338380e+01 0.000000e+00 0.000000e+00 0.000000e+00 0.000000e+00
4.342917e+01 0.000000e+00 0.000000e+00 0.000000e+00 0.000000e+00
4.347455e+01 0.000000e+00 0.000000e+00 0.000000e+00 0.000000e+00
4.351992e+01 0.000000e+00 0.000000e+00 0.000000e+00 0.000000e+00
4.356529e+01 0.000000e+00 0.000000e+00 0.000000e+00 0.000000e+00
4.361067e+01 0.000000e+00 0.000000e+00 0.000000e+00 0.000000e+00
4.365604e+01 0.000000e+00 0.000000e+00 0.000000e+00 0.000000e+00
4.370141e+01 0.000000e+00 0.000000e+00 0.000000e+00 0.000000e+00
4.374679e+01 0.000000e+00 0.000000e+00 0.000000e+00 0.000000e+00
4.379216e+01 0.000000e+00 0.000000e+00 0.000000e+00 0.000000e+00
4.383754e+01 0.000000e+00 0.000000e+00 0.000000e+00 0.000000e+00
4.388291e+01 0.000000e+00 0.000000e+00 0.000000e+00 0.000000e+00
4.392828e+01 0.000000e+00 0.000000e+00 0.000000e+00 0.000000e+00
4.397366e+01 0.000000e+00 0.000000e+00 0.000000e+00 0.000000e+00
4.401903e+01 0.000000e+00 0.000000e+00 0.000000e+00 0.000000e+00
4.406441e+01 0.000000e+00 0.000000e+00 0.000000e+00 0.000000e+00
4.410978e+01 0.000000e+00 0.000000e+00 0.000000e+00 0.000000e+00
4.415515e+01 0.000000e+00 0.000000e+00 0.000000e+00 0.000000e+00
4.420053e+01 0.000000e+00 0.000000e+00 0.000000e+00 0.000000e+00
4.424590e+01 0.000000e+00 0.000000e+00 0.000000e+00 0.000000e+00
4.429128e+01 0.000000e+00 0.000000e+00 0.000000e+00 0.000000e+00
