-1.128018e+00 0.000000e+00 0.000000e+00 0.000000e+00 0.000000e+00
-1.082644e+00 0.000000e+00 0.000000e+00 0.000000e+00 0.000000e+00
-1.037270e+00 0.000000e+00 0.000000e+00 0.000000e+00 0.000000e+00
-9.918966e-01 0.000000e+00 0.000000e+00 0.000000e+00 0.000000e+00
-9.465226e-01 0.000000e+00 0.000000e+00 0.000000e+00 0.000000e+00
-9.011487e-01 0.000000e+00 0.000000e+00 0.000000e+00 0.000000e+00
-8.557748e-01 0.000000e+00 0.000000e+00 0.000000e+00 0.000000e+00
-8.104009e-01 0.000000e+00 0.000000e+00 0.000000e+00 0.000000e+00
-7.650270e-01 0.000000e+00 0.000000e+00 0.000000e+00 0.000000e+00
-7.196530e-01 0.000000e+00 0.000000e+00 0.000000e+00 0.000000e+00
-6.742791e-01 0.000000e+00 0.000000e+00 0.000000e+00 0.000000e+00
-6.289052e-01 0.000000e+00 0.000000e+00 0.000000e+00 0.000000e+00
-5.835313e-01 0.000000e+00 0.000000e+00 0.000000e+00 0.000000e+00
-5.381574e-01 0.000000e+00 0.000000e+00 0.000000e+00 0.000000e+00
-4.927834e-01 0.000000e+00 0.000000e+00 0.000000e+00 0.000000e+00
-4.474095e-01 0.000000e+00 0.000000e+00 0.000000e+00 0.000000e+00
-4.020356e-01 0.000000e+00 0.000000e+00 0.000000e+00 0.000000e+00
-3.566617e-01 0.000000e+00 0.000000e+00 0.000000e+00 0.000000e+00
-3.112878e-01 0.000000e+00 0.000000e+00 0.000000e+00 0.000000e+00
-2.659138e-01 0.000000e+00 0.000000e+00 0.000000e+00 0.000000e+00
-2.205399e-01 0.000000e+00 0.000000e+00 0.000000e+00 0.000000e+00
-1.751660e-01 0.000000e+00 0.000000e+00 0.000000e+00 0.000000e+00
-1.297921e-01 0.000000e+00 0.000000e+00 0.000000e+00 0.000000e+00
-8.441816e-02 0.000000e+00 0.000000e+00 0.000000e+00 0.000000e+00
-3.904424e-02 0.000000e+00 0.000000e+00 0.000000e+00 0.000000e+00
6.329680e-03 0.000000e+00 0.000000e+00 0.000000e+00 0.000000e+00
5.170360e-02 0.000000e+00 0.000000e+00 0.000000e+00 0.000000e+00
9.707752e-02 0.000000e+00 0.000000e+00 0.000000e+00 0.000000e+00
1.424514e-01 0.000000e+00 0.000000e+00 0.000000e+00 0.000000e+00
1.878254e-01 0.000000e+00 0.000000e+00 0.000000e+00 0.000000e+00
2.331993e-01 0.000000e+00 0.000000e+00 0.000000e+00 0.000000e+00
2.785732e-01 0.000000e+00 0.000000e+00 0.000000e+00 0.000000e+00
3.239471e-01 0.000000e+00 0.000000e+00 0.000000e+00 0.000000e+00
3.693210e-01 0.000000e+00 0.000000e+00 0.000000e+00 0.000000e+00
4.146950e-01 0.000000e+00 0.000000e+00 0.000000e+00 0.000000e+00
4.600689e-01 0.000000e+00 0.000000e+00 0.000000e+00 0.000000e+00
5.054428e-01 5.318557e-16 1.268234e-15 5.976976e-17 2.675631e-16
5.508167e-01 8.374583e-16 1.996957e-15 9.411327e-17 4.213041e-16
5.961906e-01 3.601077e-15 5.350271e-15 2.544908e-16 5.198469e-15
6.415646e-01 5.652064e-15 8.373680e-15 3.983297e-16 8.184184e-15
6.869385e-01 2.175111e-14 3.522963e-14 1.503348e-14 1.499023e-14
7.323124e-01 3.399075e-14 5.501873e-14 2.359151e-14 2.336200e-14
7.776863e-01 8.663449e-14 1.260845e-13 6.299401e-14 7.082498e-14
8.230602e-01 1.347454e-13 1.957973e-13 9.825344e-14 1.101856e-13
8.684342e-01 2.083989e-13 3.023536e-13 1.523815e-13 1.704617e-13
9.138081e-01 3.278130e-13 4.670157e-13 2.351155e-13 2.813078e-13
9.591820e-01 5.230019e-13 7.469793e-13 3.890774e-13 4.329492e-13
1.004556e+00 7.970074e-13 1.136357e-12 5.946897e-13 6.599755e-13
1.049930e+00 1.312290e-12 1.821310e-12 9.825047e-13 1.133055e-12
1.095304e+00 2.009477e-12 2.786320e-12 1.523598e-12 1.718514e-12
1.140678e+00 3.024352e-12 4.182937e-12 2.300126e-12 2.589994e-12
1.186052e+00 4.586379e-12 6.327757e-12 3.524015e-12 3.907365e-12
1.231426e+00 6.833579e-12 9.404579e-12 5.268283e-12 5.827875e-12
1.276799e+00 1.012743e-11 1.390274e-11 7.833667e-12 8.645885e-12
1.322173e+00 1.500854e-11 2.051601e-11 1.164749e-11 1.286213e-11
1.367547e+00 2.202866e-11 3.001668e-11 1.714059e-11 1.892870e-11
1.412921e+00 3.217471e-11 4.371414e-11 2.511787e-11 2.769211e-11
1.458295e+00 4.681921e-11 6.335136e-11 3.663171e-11 4.047456e-11
1.503669e+00 6.770568e-11 9.137338e-11 5.318983e-11 5.855382e-11
1.549043e+00 9.737477e-11 1.310372e-10 7.679976e-11 8.428733e-11
1.594417e+00 1.392657e-10 1.869086e-10 1.102028e-10 1.206858e-10
1.639791e+00 1.980459e-10 2.650404e-10 1.572159e-10 1.718816e-10
1.685165e+00 2.802561e-10 3.739260e-10 2.231589e-10 2.436834e-10
1.730539e+00 3.944917e-10 5.248300e-10 3.151369e-10 3.435081e-10
1.775913e+00 5.526341e-10 7.330401e-10 4.429100e-10 4.819522e-10
1.821286e+00 7.699862e-10 1.018325e-09 6.190677e-10 6.725663e-10
1.866660e+00 1.067204e-09 1.407229e-09 8.607217e-10 9.336600e-10
1.912034e+00 1.471632e-09 1.934720e-09 1.190596e-09 1.289581e-09
1.957408e+00 2.019038e-09 2.646440e-09 1.638562e-09 1.772111e-09
2.002782e+00 2.756170e-09 3.601628e-09 2.243664e-09 2.423218e-09
2.048156e+00 3.743314e-09 4.876772e-09 3.056697e-09 3.296473e-09
2.093530e+00 5.058619e-09 6.570253e-09 4.143511e-09 4.462092e-09
2.138904e+00 6.801918e-09 8.807419e-09 5.588617e-09 6.009718e-09
2.184278e+00 9.100500e-09 1.174740e-08 7.500121e-09 8.053978e-09
2.229652e+00 1.211512e-08 1.559045e-08 1.001509e-08 1.073983e-08
2.275026e+00 1.604900e-08 2.058855e-08 1.330743e-08 1.425102e-08
2.320400e+00 2.115567e-08 2.705485e-08 1.759489e-08 1.881726e-08
2.365774e+00 2.775098e-08 3.537801e-08 2.314987e-08 2.472507e-08
2.411147e+00 3.622513e-08 4.603587e-08 3.030988e-08 3.232963e-08
2.456521e+00 4.705816e-08 5.961398e-08 3.949191e-08 4.206860e-08
2.501895e+00 6.083651e-08 7.682435e-08 5.120699e-08 5.447818e-08
2.547269e+00 7.827271e-08 9.852859e-08 6.607858e-08 7.021096e-08
2.592643e+00 1.002269e-07 1.257623e-07 8.486199e-08 9.005641e-08
2.638017e+00 1.277316e-07 1.597628e-07 1.084673e-07 1.149646e-07
2.683391e+00 1.620192e-07 2.020008e-07 1.379846e-07 1.460721e-07
2.728765e+00 2.045511e-07 2.542119e-07 1.747114e-07 1.847299e-07
2.774139e+00 2.570498e-07 3.184328e-07 2.201826e-07 2.325339e-07
2.819513e+00 3.215345e-07 3.970398e-07 2.762039e-07 2.913598e-07
2.864887e+00 4.003574e-07 4.927886e-07 3.448866e-07 3.633969e-07
2.910261e+00 4.962419e-07 6.088545e-07 4.286837e-07 4.511875e-07
2.955634e+00 6.123215e-07 7.488743e-07 5.304278e-07 5.576624e-07
3.001008e+00 7.521820e-07 9.169897e-07 6.533718e-07 6.861847e-07
3.046382e+00 9.199003e-07 1.117887e-06 8.012266e-07 8.405872e-07
3.091756e+00 1.120084e-06 1.356838e-06 9.782003e-07 1.025212e-06
3.137130e+00 1.357907e-06 1.639735e-06 1.189036e-06 1.244949e-06
3.182504e+00 1.639147e-06 1.973125e-06 1.439045e-06 1.505271e-06
3.227878e+00 1.970218e-06 2.364241e-06 1.734144e-06 1.812269e-06
3.273252e+00 2.358188e-06 2.821018e-06 2.080873e-06 2.172674e-06
3.318626e+00 2.810811e-06 3.352118e-06 2.486427e-06 2.593886e-06
3.364000e+00 3.336528e-06 3.966930e-06 2.958666e-06 3.083988e-06
3.409374e+00 3.944483e-06 4.675574e-06 3.506122e-06 3.651754e-06
3.454748e+00 4.644516e-06 5.488895e-06 4.138001e-06 4.306650e-06
3.500122e+00 5.447147e-06 6.418437e-06 4.864175e-06 5.058829e-06
3.545495e+00 6.363563e-06 7.476422e-06 5.695156e-06 5.919109e-06
3.590869e+00 7.405578e-06 8.675711e-06 6.642073e-06 6.898950e-06
3.636243e+00 8.585599e-06 1.002975e-05 7.716631e-06 8.010413e-06
3.681617e+00 9.916573e-06 1.155254e-05 8.931057e-06 9.266119e-06
3.726991e+00 1.141193e-05 1.325854e-05 1.029805e-05 1.067919e-05
3.772365e+00 1.308550e-05 1.516263e-05 1.183069e-05 1.226318e-05
3.817739e+00 1.495148e-05 1.728002e-05 1.354241e-05 1.403202e-05
3.863113e+00 1.702432e-05 1.962618e-05 1.544685e-05 1.599992e-05
3.908487e+00 1.931864e-05 2.221678e-05 1.755782e-05 1.818132e-05
3.953861e+00 2.184918e-05 2.506759e-05 1.988919e-05 2.059076e-05
3.999235e+00 2.463069e-05 2.819445e-05 2.245480e-05 2.324283e-05
4.044609e+00 2.767787e-05 3.161315e-05 2.526836e-05 2.615210e-05
4.089982e+00 3.100526e-05 3.533943e-05 2.834337e-05 2.933298e-05
4.135356e+00 3.462721e-05 3.938887e-05 3.169304e-05 3.279973e-05
4.180730e+00 3.855781e-05 4.377693e-05 3.533020e-05 3.656631e-05
4.226104e+00 4.281083e-05 4.851884e-05 3.926726e-05 4.064638e-05
4.271478e+00 4.739966e-05 5.362967e-05 4.351608e-05 4.505324e-05
4.316852e+00 5.233734e-05 5.912425e-05 4.808801e-05 4.979978e-05
4.362226e+00 5.763649e-05 6.501723e-05 5.299378e-05 5.489846e-05
4.407600e+00 6.330932e-05 7.132310e-05 5.824352e-05 6.036135e-05
4.452974e+00 6.936766e-05 7.805620e-05 6.384672e-05 6.620006e-05
4.498348e+00 7.582293e-05 8.523077e-05 6.981221e-05 7.242582e-05
4.543722e+00 8.268625e-05 9.286100e-05 7.614823e-05 7.904952e-05
4.589096e+00 8.996838e-05 1.009611e-04 8.286238e-05 8.608171e-05
4.634470e+00 9.767985e-05 1.095452e-04 8.996166e-05 9.353271e-05
4.679843e+00 1.058310e-04 1.186276e-04 9.745254e-05 1.014127e-04
4.725217e+00 1.144318e-04 1.282228e-04 1.053410e-04 1.097317e-04
4.770591e+00 1.234925e-04 1.383453e-04 1.136323e-04 1.184999e-04
4.815965e+00 1.330230e-04 1.490097e-04 1.223317e-04 1.277276e-04
4.861339e+00 1.430331e-04 1.602307e-04 1.314437e-04 1.374251e-04
4.906713e+00 1.535330e-04 1.720231e-04 1.409724e-04 1.476035e-04
4.952087e+00 1.645326e-04 1.844018e-04 1.509219e-04 1.582740e-04
4.997461e+00 1.760420e-04 1.973814e-04 1.612957e-04 1.694488e-04
5.042835e+00 1.880715e-04 2.109764e-04 1.720974e-04 1.811406e-04
5.088209e+00 2.006314e-04 2.252009e-04 1.833300e-04 1.933633e-04
5.133583e+00 2.137323e-04 2.400685e-04 1.949967e-04 2.061317e-04
5.178957e+00 2.273848e-04 2.555920e-04 2.071006e-04 2.194620e-04
5.224330e+00 2.415999e-04 2.717834e-04 2.196448e-04 2.333716e-04
5.269704e+00 2.563888e-04 2.886539e-04 2.326327e-04 2.478797e-04
5.315078e+00 2.717628e-04 3.062131e-04 2.460681e-04 2.630071e-04
5.360452e+00 2.877339e-04 3.244697e-04 2.599553e-04 2.787766e-04
5.405826e+00 3.043145e-04 3.434309e-04 2.742995e-04 2.952131e-04
5.451200e+00 3.215178e-04 3.631026e-04 2.891071e-04 3.123437e-04
5.496574e+00 3.393579e-04 3.834894e-04 3.043860e-04 3.301982e-04
5.541948e+00 3.578501e-04 4.045950e-04 3.201465e-04 3.488089e-04
5.587322e+00 3.770114e-04 4.264224e-04 3.364011e-04 3.682108e-04
5.632696e+00 3.968607e-04 4.489742e-04 3.531656e-04 3.884422e-04
5.678070e+00 4.174191e-04 4.722532e-04 3.704598e-04 4.095443e-04
5.723444e+00 4.387109e-04 4.962632e-04 3.883078e-04 4.315617e-04
5.768818e+00 4.607638e-04 5.210098e-04 4.067392e-04 4.545424e-04
5.814191e+00 4.836093e-04 5.465010e-04 4.257892e-04 4.785376e-04
5.859565e+00 5.072834e-04 5.727484e-04 4.454999e-04 5.036019e-04
5.904939e+00 5.318274e-04 5.997684e-04 4.659204e-04 5.297933e-04
5.950313e+00 5.572876e-04 6.275828e-04 4.871076e-04 5.571725e-04
5.995687e+00 5.837165e-04 6.562201e-04 5.091264e-04 5.858031e-04
6.041061e+00 6.111724e-04 6.857166e-04 5.320497e-04 6.157508e-04
6.086435e+00 6.397194e-04 7.161167e-04 5.559585e-04 6.470831e-04
6.131809e+00 6.694278e-04 7.474739e-04 5.809413e-04 6.798683e-04
6.177183e+00 7.003731e-04 7.798512e-04 6.070936e-04 7.141746e-04
6.222557e+00 7.326356e-04 8.133210e-04 6.345165e-04 7.500694e-04
6.267931e+00 7.662994e-04 8.479652e-04 6.633153e-04 7.876177e-04
6.313305e+00 8.014510e-04 8.838741e-04 6.935980e-04 8.268810e-04
6.358678e+00 8.381783e-04 9.211461e-04 7.254726e-04 8.679161e-04
6.404052e+00 8.765681e-04 9.598862e-04 7.590453e-04 9.107730e-04
6.449426e+00 9.167050e-04 1.000204e-03 7.944167e-04 9.554939e-04
6.494800e+00 9.586683e-04 1.042213e-03 8.316798e-04 1.002111e-03
6.540174e+00 1.002530e-03 1.086028e-03 8.709165e-04 1.050647e-03
6.585548e+00 1.048355e-03 1.131760e-03 9.121941e-04 1.101111e-03
6.630922e+00 1.096193e-03 1.179518e-03 9.555627e-04 1.153497e-03
6.676296e+00 1.146082e-03 1.229406e-03 1.001052e-03 1.207788e-03
6.721670e+00 1.198045e-03 1.281519e-03 1.048670e-03 1.263948e-03
6.767044e+00 1.252088e-03 1.335940e-03 1.098397e-03 1.321927e-03
6.812418e+00 1.308197e-03 1.392743e-03 1.150189e-03 1.381658e-03
6.857792e+00 1.366340e-03 1.451986e-03 1.203975e-03 1.443060e-03
6.903166e+00 1.426467e-03 1.513714e-03 1.259654e-03 1.506034e-03
6.948539e+00 1.488508e-03 1.577960e-03 1.317098e-03 1.570468e-03
6.993913e+00 1.552375e-03 1.644738e-03 1.376153e-03 1.636236e-03
7.039287e+00 1.617964e-03 1.714051e-03 1.436641e-03 1.703200e-03
7.084661e+00 1.685154e-03 1.785889e-03 1.498361e-03 1.771211e-03
7.130035e+00 1.753812e-03 1.860231e-03 1.561093e-03 1.840114e-03
7.175409e+00 1.823796e-03 1.937044e-03 1.624603e-03 1.909741e-03
7.220783e+00 1.894952e-03 2.016287e-03 1.688645e-03 1.979925e-03
7.266157e+00 1.967123e-03 2.097913e-03 1.752968e-03 2.050489e-03
7.311531e+00 2.040147e-03 2.181867e-03 1.817317e-03 2.121257e-03
7.356905e+00 2.113858e-03 2.268087e-03 1.881438e-03 2.192049e-03
7.402279e+00 2.188093e-03 2.356508e-03 1.945087e-03 2.262684e-03
7.447653e+00 2.262688e-03 2.447056e-03 2.008025e-03 2.332983e-03
7.493026e+00 2.337480e-03 2.539647e-03 2.070031e-03 2.402761e-03
7.538400e+00 2.412308e-03 2.634189e-03 2.130898e-03 2.471837e-03
7.583774e+00 2.487012e-03 2.730572e-03 2.190438e-03 2.540027e-03
7.629148e+00 2.561432e-03 2.828670e-03 2.248483e-03 2.607143e-03
7.674522e+00 2.635405e-03 2.928330e-03 2.304887e-03 2.672997e-03
7.719896e+00 2.708766e-03 3.029372e-03 2.359525e-03 2.737399e-03
7.765270e+00 2.781345e-03 3.131583e-03 2.412297e-03 2.800154e-03
7.810644e+00 2.852965e-03 3.234707e-03 2.463121e-03 2.861066e-03
7.856018e+00 2.923441e-03 3.338446e-03 2.511939e-03 2.919936e-03
7.901392e+00 2.992578e-03 3.442455e-03 2.558714e-03 2.976565e-03
7.946766e+00 3.060172e-03 3.546334e-03 2.603427e-03 3.030754e-03
7.992140e+00 3.126009e-03 3.649635e-03 2.646081e-03 3.082311e-03
8.037514e+00 3.189867e-03 3.751857e-03 2.686695e-03 3.131048e-03
8.082887e+00 3.251516e-03 3.852449e-03 2.725309e-03 3.176790e-03
8.128261e+00 3.310726e-03 3.950818e-03 2.761981e-03 3.219380e-03
8.173635e+00 3.367265e-03 4.046331e-03 2.796786e-03 3.258677e-03
8.219009e+00 3.420908e-03 4.138331e-03 2.829821e-03 3.294573e-03
8.264383e+00 3.471442e-03 4.226141e-03 2.861198e-03 3.326988e-03
8.309757e+00 3.518672e-03 4.309083e-03 2.891053e-03 3.355881e-03
8.355131e+00 3.562428e-03 4.386489e-03 2.919541e-03 3.381255e-03
8.400505e+00 3.602572e-03 4.457721e-03 2.946837e-03 3.403158e-03
8.445879e+00 3.639004e-03 4.522181e-03 2.973138e-03 3.421694e-03
8.491253e+00 3.671671e-03 4.579334e-03 2.998661e-03 3.437017e-03
8.536627e+00 3.700567e-03 4.628719e-03 3.023643e-03 3.449340e-03
8.582001e+00 3.725747e-03 4.669969e-03 3.048339e-03 3.458932e-03
8.627374e+00 3.747319e-03 4.702819e-03 3.073021e-03 3.466118e-03
8.672748e+00 3.765456e-03 4.727119e-03 3.097974e-03 3.471276e-03
8.718122e+00 3.780391e-03 4.742844e-03 3.123495e-03 3.474834e-03
8.763496e+00 3.792416e-03 4.750099e-03 3.149885e-03 3.477264e-03
8.808870e+00 3.801882e-03 4.749119e-03 3.177451e-03 3.479076e-03
8.854244e+00 3.809191e-03 4.740271e-03 3.206493e-03 3.480809e-03
8.899618e+00 3.814792e-03 4.724047e-03 3.237306e-03 3.483022e-03
8.944992e+00 3.819173e-03 4.701060e-03 3.270170e-03 3.486288e-03
8.990366e+00 3.822851e-03 4.672029e-03 3.305347e-03 3.491178e-03
9.035740e+00 3.826366e-03 4.637768e-03 3.343075e-03 3.498254e-03
9.081114e+00 3.830265e-03 4.599172e-03 3.383562e-03 3.508060e-03
9.126488e+00 3.835095e-03 4.557195e-03 3.426984e-03 3.521106e-03
9.171862e+00 3.841391e-03 4.512833e-03 3.473478e-03 3.537863e-03
9.217235e+00 3.849667e-03 4.467106e-03 3.523139e-03 3.558754e-03
9.262609e+00 3.860400e-03 4.421035e-03 3.576022e-03 3.584142e-03
9.307983e+00 3.874027e-03 4.375623e-03 3.632133e-03 3.614324e-03
9.353357e+00 3.890932e-03 4.331835e-03 3.691433e-03 3.649528e-03
9.398731e+00 3.911440e-03 4.290580e-03 3.753838e-03 3.689904e-03
9.444105e+00 3.935810e-03 4.252692e-03 3.819216e-03 3.735522e-03
9.489479e+00 3.964228e-03 4.218920e-03 3.887393e-03 3.786372e-03
9.534853e+00 3.996807e-03 4.189907e-03 3.958151e-03 3.842362e-03
9.580227e+00 4.033580e-03 4.166188e-03 4.031234e-03 3.903319e-03
9.625601e+00 4.074504e-03 4.148172e-03 4.106350e-03 3.968989e-03
9.670975e+00 4.119456e-03 4.136146e-03 4.183177e-03 4.039045e-03
9.716349e+00 4.168237e-03 4.130261e-03 4.261363e-03 4.113088e-03
9.761722e+00 4.220577e-03 4.130540e-03 4.340534e-03 4.190656e-03
9.807096e+00 4.276134e-03 4.136876e-03 4.420299e-03 4.271227e-03
9.852470e+00 4.334504e-03 4.149033e-03 4.500252e-03 4.354228e-03
9.897844e+00 4.395228e-03 4.166658e-03 4.579981e-03 4.439044e-03
9.943218e+00 4.457794e-03 4.189284e-03 4.659070e-03 4.525026e-03
9.988592e+00 4.521651e-03 4.216345e-03 4.737108e-03 4.611499e-03
1.003397e+01 4.586214e-03 4.247183e-03 4.813686e-03 4.697771e-03
1.007934e+01 4.650874e-03 4.281068e-03 4.888413e-03 4.783142e-03
1.012471e+01 4.715010e-03 4.317205e-03 4.960910e-03 4.866914e-03
1.017009e+01 4.777992e-03 4.354759e-03 5.030822e-03 4.948396e-03
1.021546e+01 4.839199e-03 4.392863e-03 5.097818e-03 5.026915e-03
1.026084e+01 4.898020e-03 4.430643e-03 5.161595e-03 5.101822e-03
1.030621e+01 4.953867e-03 4.467226e-03 5.221880e-03 5.172496e-03
1.035158e+01 5.006185e-03 4.501767e-03 5.278436e-03 5.238352e-03
1.039696e+01 5.054455e-03 4.533457e-03 5.331061e-03 5.298848e-03
1.044233e+01 5.098203e-03 4.561541e-03 5.379586e-03 5.353482e-03
1.048771e+01 5.137006e-03 4.585334e-03 5.423882e-03 5.401802e-03
1.053308e+01 5.170495e-03 4.604228e-03 5.463854e-03 5.443402e-03
1.057845e+01 5.198359e-03 4.617706e-03 5.499441e-03 5.477930e-03
1.062383e+01 5.220349e-03 4.625349e-03 5.530615e-03 5.505084e-03
1.066920e+01 5.236277e-03 4.626840e-03 5.557377e-03 5.524612e-03
1.071457e+01 5.246013e-03 4.621971e-03 5.579752e-03 5.536317e-03
1.075995e+01 5.249492e-03 4.610638e-03 5.597789e-03 5.540051e-03
1.080532e+01 5.246703e-03 4.592844e-03 5.611550e-03 5.535716e-03
1.085070e+01 5.237691e-03 4.568695e-03 5.621113e-03 5.523266e-03
1.089607e+01 5.222551e-03 4.538389e-03 5.626560e-03 5.502704e-03
1.094144e+01 5.201424e-03 4.502215e-03 5.627976e-03 5.474081e-03
1.098682e+01 5.174492e-03 4.460535e-03 5.625441e-03 5.437499e-03
1.103219e+01 5.141973e-03 4.413781e-03 5.619031e-03 5.393106e-03
1.107757e+01 5.104115e-03 4.362438e-03 5.608809e-03 5.341099e-03
1.112294e+01 5.061193e-03 4.307032e-03 5.594822e-03 5.281726e-03
1.116831e+01 5.013501e-03 4.248121e-03 5.577103e-03 5.215280e-03
1.121369e+01 4.961349e-03 4.186276e-03 5.555666e-03 5.142105e-03
1.125906e+01 4.905057e-03 4.122073e-03 5.530507e-03 5.062593e-03
1.130444e+01 4.844955e-03 4.056081e-03 5.501604e-03 4.977181e-03
1.134981e+01 4.781376e-03 3.988852e-03 5.468921e-03 4.886355e-03
1.139518e+01 4.714654e-03 3.920911e-03 5.432407e-03 4.790644e-03
1.144056e+01 4.645123e-03 3.852749e-03 5.392001e-03 4.690620e-03
1.148593e+01 4.573116e-03 3.784815e-03 5.347641e-03 4.586892e-03
1.153131e+01 4.498961e-03 3.717514e-03 5.299262e-03 4.480106e-03
1.157668e+01 4.422984e-03 3.651206e-03 5.246808e-03 4.370938e-03
1.162205e+01 4.345507e-03 3.586200e-03 5.190234e-03 4.260087e-03
1.166743e+01 4.266849e-03 3.522756e-03 5.129517e-03 4.148274e-03
1.171280e+01 4.187325e-03 3.461089e-03 5.064656e-03 4.036230e-03
1.175817e+01 4.107250e-03 3.401370e-03 4.995689e-03 3.924691e-03
1.180355e+01 4.026937e-03 3.343732e-03 4.922688e-03 3.814391e-03
1.184892e+01 3.946699e-03 3.288271e-03 4.845772e-03 3.706055e-03
1.189430e+01 3.866852e-03 3.235054e-03 4.765111e-03 3.600390e-03
1.193967e+01 3.787711e-03 3.184128e-03 4.680929e-03 3.498076e-03
1.198504e+01 3.709597e-03 3.135519e-03 4.593509e-03 3.399762e-03
1.203042e+01 3.632831e-03 3.089244e-03 4.503192e-03 3.306057e-03
1.207579e+01 3.557739e-03 3.045313e-03 4.410382e-03 3.217523e-03
1.212117e+01 3.484649e-03 3.003736e-03 4.315541e-03 3.134670e-03
1.216654e+01 3.413889e-03 2.964526e-03 4.219193e-03 3.057950e-03
1.221191e+01 3.345788e-03 2.927703e-03 4.121912e-03 2.987749e-03
1.225729e+01 3.280670e-03 2.893297e-03 4.024322e-03 2.924389e-03
1.230266e+01 3.218851e-03 2.861347e-03 3.927089e-03 2.868118e-03
1.234804e+01 3.160640e-03 2.831901e-03 3.830909e-03 2.819110e-03
1.239341e+01 3.106326e-03 2.805017e-03 3.736502e-03 2.777460e-03
1.243878e+01 3.056180e-03 2.780758e-03 3.644595e-03 2.743187e-03
1.248416e+01 3.010443e-03 2.759189e-03 3.555913e-03 2.716226e-03
1.252953e+01 2.969324e-03 2.740373e-03 3.471163e-03 2.696436e-03
1.257491e+01 2.932992e-03 2.724363e-03 3.391020e-03 2.683592e-03
1.262028e+01 2.901567e-03 2.711199e-03 3.316109e-03 2.677394e-03
1.266565e+01 2.875120e-03 2.700898e-03 3.246997e-03 2.677465e-03
1.271103e+01 2.853660e-03 2.693450e-03 3.184172e-03 2.683358e-03
1.275640e+01 2.837134e-03 2.688812e-03 3.128034e-03 2.694556e-03
1.280178e+01 2.825422e-03 2.686902e-03 3.078881e-03 2.710483e-03
1.284715e+01 2.818335e-03 2.687593e-03 3.036901e-03 2.730510e-03
1.289252e+01 2.815612e-03 2.690710e-03 3.002165e-03 2.753960e-03
1.293790e+01 2.816924e-03 2.696031e-03 2.974619e-03 2.780122e-03
1.298327e+01 2.821875e-03 2.703282e-03 2.954086e-03 2.808258e-03
1.302864e+01 2.830008e-03 2.712144e-03 2.940264e-03 2.837616e-03
1.307402e+01 2.840808e-03 2.722250e-03 2.932732e-03 2.867443e-03
1.311939e+01 2.853716e-03 2.733197e-03 2.930955e-03 2.896995e-03
1.316477e+01 2.868132e-03 2.744546e-03 2.934298e-03 2.925551e-03
1.321014e+01 2.883432e-03 2.755836e-03 2.942033e-03 2.952427e-03
1.325551e+01 2.898980e-03 2.766591e-03 2.953361e-03 2.976987e-03
1.330089e+01 2.914136e-03 2.776333e-03 2.967422e-03 2.998652e-03
1.334626e+01 2.928276e-03 2.784589e-03 2.983322e-03 3.016918e-03
1.339164e+01 2.940804e-03 2.790909e-03 3.000145e-03 3.031357e-03
1.343701e+01 2.951161e-03 2.794873e-03 3.016978e-03 3.041633e-03
1.348238e+01 2.958845e-03 2.796103e-03 3.032931e-03 3.047502e-03
1.352776e+01 2.963416e-03 2.794277e-03 3.047154e-03 3.048818e-03
1.357313e+01 2.964510e-03 2.789131e-03 3.058859e-03 3.045539e-03
1.361851e+01 2.961844e-03 2.780474e-03 3.067334e-03 3.037723e-03
1.366388e+01 2.955225e-03 2.768189e-03 3.071960e-03 3.025527e-03
1.370925e+01 2.944554e-03 2.752237e-03 3.072219e-03 3.009206e-03
1.375463e+01 2.929824e-03 2.732659e-03 3.067710e-03 2.989102e-03
1.380000e+01 2.911122e-03 2.709577e-03 3.058148e-03 2.965641e-03
1.384538e+01 2.888627e-03 2.683187e-03 3.043373e-03 2.939322e-03
1.389075e+01 2.862602e-03 2.653756e-03 3.023347e-03 2.910703e-03
1.393612e+01 2.833387e-03 2.621615e-03 2.998152e-03 2.880395e-03
1.398150e+01 2.801393e-03 2.587149e-03 2.967984e-03 2.849044e-03
1.402687e+01 2.767086e-03 2.550790e-03 2.933147e-03 2.817320e-03
1.407224e+01 2.730980e-03 2.513001e-03 2.894039e-03 2.785902e-03
1.411762e+01 2.693623e-03 2.474266e-03 2.851139e-03 2.755464e-03
1.416299e+01 2.655580e-03 2.435079e-03 2.804998e-03 2.726663e-03
1.420837e+01 2.617425e-03 2.395932e-03 2.756220e-03 2.700123e-03
1.425374e+01 2.579724e-03 2.357300e-03 2.705447e-03 2.676424e-03
1.429911e+01 2.543022e-03 2.319633e-03 2.653342e-03 2.656093e-03
1.434449e+01 2.507836e-03 2.283343e-03 2.600576e-03 2.639587e-03
1.438986e+01 2.474635e-03 2.248800e-03 2.547813e-03 2.627293e-03
1.443524e+01 2.443841e-03 2.216320e-03 2.495693e-03 2.619511e-03
1.448061e+01 2.415813e-03 2.186161e-03 2.444821e-03 2.616456e-03
1.452598e+01 2.390843e-03 2.158521e-03 2.395757e-03 2.618251e-03
1.457136e+01 2.369154e-03 2.133533e-03 2.349006e-03 2.624923e-03
1.461673e+01 2.350894e-03 2.111268e-03 2.305010e-03 2.636404e-03
1.466211e+01 2.336136e-03 2.091735e-03 2.264140e-03 2.652534e-03
1.470748e+01 2.324881e-03 2.074883e-03 2.226700e-03 2.673059e-03
1.475285e+01 2.317056e-03 2.060608e-03 2.192917e-03 2.697642e-03
1.479823e+01 2.312523e-03 2.048759e-03 2.162945e-03 2.725866e-03
1.484360e+01 2.311083e-03 2.039141e-03 2.136867e-03 2.757240e-03
1.488898e+01 2.312480e-03 2.031528e-03 2.114698e-03 2.791215e-03
1.493435e+01 2.316414e-03 2.025666e-03 2.096389e-03 2.827186e-03
1.497972e+01 2.322544e-03 2.021287e-03 2.081833e-03 2.864512e-03
1.502510e+01 2.330502e-03 2.018111e-03 2.070874e-03 2.902521e-03
1.507047e+01 2.339900e-03 2.015859e-03 2.063311e-03 2.940530e-03
1.511585e+01 2.350339e-03 2.014259e-03 2.058907e-03 2.977852e-03
1.516122e+01 2.361421e-03 2.013050e-03 2.057400e-03 3.013812e-03
1.520659e+01 2.372753e-03 2.011995e-03 2.058505e-03 3.047759e-03
1.525197e+01 2.383961e-03 2.010876e-03 2.061928e-03 3.079080e-03
1.529734e+01 2.394695e-03 2.009506e-03 2.067369e-03 3.107209e-03
1.534271e+01 2.404632e-03 2.007730e-03 2.074531e-03 3.131636e-03
1.538809e+01 2.413488e-03 2.005422e-03 2.083123e-03 3.151920e-03
1.543346e+01 2.421018e-03 2.002490e-03 2.092872e-03 3.167692e-03
1.547884e+01 2.427019e-03 1.998876e-03 2.103520e-03 3.178662e-03
1.552421e+01 2.431334e-03 1.994549e-03 2.114830e-03 3.184623e-03
1.556958e+01 2.433849e-03 1.989508e-03 2.126590e-03 3.185449e-03
1.561496e+01 2.434497e-03 1.983774e-03 2.138616e-03 3.181100e-03
1.566033e+01 2.433252e-03 1.977393e-03 2.150746e-03 3.171617e-03
1.570571e+01 2.430131e-03 1.970426e-03 2.162848e-03 3.157118e-03
1.575108e+01 2.425184e-03 1.962945e-03 2.174815e-03 3.137791e-03
1.579645e+01 2.418497e-03 1.955035e-03 2.186563e-03 3.113893e-03
1.584183e+01 2.410182e-03 1.946782e-03 2.198030e-03 3.085734e-03
1.588720e+01 2.400377e-03 1.938277e-03 2.209177e-03 3.053677e-03
1.593258e+01 2.389234e-03 1.929605e-03 2.219978e-03 3.018120e-03
1.597795e+01 2.376922e-03 1.920850e-03 2.230424e-03 2.979493e-03
1.602332e+01 2.363616e-03 1.912086e-03 2.240515e-03 2.938246e-03
1.606870e+01 2.349494e-03 1.903382e-03 2.250261e-03 2.894840e-03
1.611407e+01 2.334736e-03 1.894796e-03 2.259675e-03 2.849735e-03
1.615945e+01 2.319512e-03 1.886375e-03 2.268774e-03 2.803388e-03
1.620482e+01 2.303989e-03 1.878157e-03 2.277571e-03 2.756239e-03
1.625019e+01 2.288320e-03 1.870173e-03 2.286080e-03 2.708707e-03
1.629557e+01 2.272645e-03 1.862443e-03 2.294307e-03 2.661185e-03
1.634094e+01 2.257089e-03 1.854980e-03 2.302254e-03 2.614034e-03
1.638631e+01 2.241761e-03 1.847792e-03 2.309911e-03 2.567579e-03
1.643169e+01 2.226752e-03 1.840884e-03 2.317262e-03 2.522108e-03
1.647706e+01 2.212135e-03 1.834256e-03 2.324281e-03 2.477867e-03
1.652244e+01 2.197966e-03 1.827906e-03 2.330928e-03 2.435063e-03
1.656781e+01 2.184283e-03 1.821833e-03 2.337157e-03 2.393859e-03
1.661318e+01 2.171108e-03 1.816036e-03 2.342908e-03 2.354379e-03
1.665856e+01 2.158445e-03 1.810516e-03 2.348114e-03 2.316705e-03
1.670393e+01 2.146284e-03 1.805275e-03 2.352696e-03 2.280882e-03
1.674931e+01 2.134602e-03 1.800319e-03 2.356570e-03 2.246916e-03
1.679468e+01 2.123359e-03 1.795653e-03 2.359643e-03 2.214781e-03
1.684005e+01 2.112507e-03 1.791288e-03 2.361816e-03 2.184418e-03
1.688543e+01 2.101987e-03 1.787234e-03 2.362989e-03 2.155738e-03
1.693080e+01 2.091729e-03 1.783504e-03 2.363056e-03 2.128628e-03
1.697618e+01 2.081660e-03 1.780112e-03 2.361916e-03 2.102951e-03
1.702155e+01 2.071698e-03 1.777072e-03 2.359466e-03 2.078554e-03
1.706692e+01 2.061759e-03 1.774398e-03 2.355611e-03 2.055268e-03
1.711230e+01 2.051760e-03 1.772104e-03 2.350261e-03 2.032913e-03
1.715767e+01 2.041615e-03 1.770202e-03 2.343338e-03 2.011305e-03
1.720305e+01 2.031245e-03 1.768704e-03 2.334775e-03 1.990257e-03
1.724842e+01 2.020575e-03 1.767621e-03 2.324519e-03 1.969586e-03
1.729379e+01 2.009538e-03 1.766961e-03 2.312537e-03 1.949117e-03
1.733917e+01 1.998077e-03 1.766731e-03 2.298814e-03 1.928686e-03
1.738454e+01 1.986147e-03 1.766940e-03 2.283356e-03 1.908147e-03
1.742991e+01 1.973719e-03 1.767592e-03 2.266192e-03 1.887372e-03
1.747529e+01 1.960776e-03 1.768693e-03 2.247376e-03 1.866259e-03
1.752066e+01 1.947322e-03 1.770248e-03 2.226987e-03 1.844731e-03
1.756604e+01 1.933377e-03 1.772264e-03 2.205126e-03 1.822741e-03
1.761141e+01 1.918980e-03 1.774746e-03 2.181922e-03 1.800271e-03
1.765678e+01 1.904187e-03 1.777701e-03 2.157523e-03 1.777336e-03
1.770216e+01 1.889073e-03 1.781136e-03 2.132103e-03 1.753979e-03
1.774753e+01 1.873729e-03 1.785060e-03 2.105852e-03 1.730275e-03
1.779291e+01 1.858261e-03 1.789481e-03 2.078977e-03 1.706324e-03
1.783828e+01 1.842787e-03 1.794410e-03 2.051698e-03 1.682254e-03
1.788365e+01 1.827437e-03 1.799854e-03 2.024245e-03 1.658211e-03
1.792903e+01 1.812345e-03 1.805824e-03 1.996854e-03 1.634358e-03
1.797440e+01 1.797652e-03 1.812325e-03 1.969760e-03 1.610872e-03
1.801978e+01 1.783498e-03 1.819363e-03 1.943197e-03 1.587934e-03
1.806515e+01 1.770020e-03 1.826940e-03 1.917392e-03 1.565728e-03
1.811052e+01 1.757350e-03 1.835057e-03 1.892559e-03 1.544434e-03
1.815590e+01 1.745609e-03 1.843706e-03 1.868900e-03 1.524222e-03
1.820127e+01 1.734906e-03 1.852876e-03 1.846595e-03 1.505246e-03
1.824665e+01 1.725334e-03 1.862552e-03 1.825804e-03 1.487644e-03
1.829202e+01 1.716967e-03 1.872709e-03 1.806663e-03 1.471530e-03
1.833739e+01 1.709863e-03 1.883315e-03 1.789281e-03 1.456992e-03
1.838277e+01 1.704052e-03 1.894331e-03 1.773739e-03 1.444088e-03
1.842814e+01 1.699548e-03 1.905708e-03 1.760087e-03 1.432849e-03
1.847352e+01 1.696337e-03 1.917390e-03 1.748349e-03 1.423272e-03
1.851889e+01 1.694383e-03 1.929309e-03 1.738515e-03 1.415325e-03
1.856426e+01 1.693628e-03 1.941391e-03 1.730549e-03 1.408945e-03
1.860964e+01 1.693992e-03 1.953549e-03 1.724384e-03 1.404043e-03
1.865501e+01 1.695374e-03 1.965690e-03 1.719929e-03 1.400501e-03
1.870038e+01 1.697653e-03 1.977711e-03 1.717066e-03 1.398180e-03
1.874576e+01 1.700692e-03 1.989501e-03 1.715655e-03 1.396921e-03
1.879113e+01 1.704341e-03 2.000941e-03 1.715535e-03 1.396548e-03
1.883651e+01 1.708436e-03 2.011905e-03 1.716528e-03 1.396874e-03
1.888188e+01 1.712804e-03 2.022265e-03 1.718443e-03 1.397704e-03
1.892725e+01 1.717267e-03 2.031884e-03 1.721076e-03 1.398841e-03
1.897263e+01 1.721644e-03 2.040628e-03 1.724218e-03 1.400086e-03
1.901800e+01 1.725753e-03 2.048358e-03 1.727656e-03 1.401247e-03
1.906338e+01 1.729418e-03 2.054940e-03 1.731175e-03 1.402139e-03
1.910875e+01 1.732466e-03 2.060240e-03 1.734568e-03 1.402589e-03
1.915412e+01 1.734737e-03 2.064135e-03 1.737634e-03 1.402441e-03
1.919950e+01 1.736081e-03 2.066505e-03 1.740182e-03 1.401555e-03
1.924487e+01 1.736365e-03 2.067245e-03 1.742039e-03 1.399812e-03
1.929025e+01 1.735475e-03 2.066261e-03 1.743049e-03 1.397114e-03
1.933562e+01 1.733313e-03 2.063473e-03 1.743077e-03 1.393389e-03
1.938099e+01 1.729806e-03 2.058821e-03 1.742012e-03 1.388584e-03
1.942637e+01 1.724903e-03 2.052262e-03 1.739770e-03 1.382676e-03
1.947174e+01 1.718576e-03 2.043774e-03 1.736290e-03 1.375662e-03
1.951712e+01 1.710822e-03 2.033357e-03 1.731544e-03 1.367564e-03
1.956249e+01 1.701661e-03 2.021030e-03 1.725527e-03 1.358425e-03
1.960786e+01 1.691136e-03 2.006836e-03 1.718264e-03 1.348309e-03
1.965324e+01 1.679314e-03 1.990839e-03 1.709804e-03 1.337298e-03
1.969861e+01 1.666278e-03 1.973124e-03 1.700221e-03 1.325489e-03
1.974398e+01 1.652132e-03 1.953792e-03 1.689609e-03 1.312995e-03
1.978936e+01 1.636993e-03 1.932963e-03 1.678081e-03 1.299936e-03
1.983473e+01 1.620993e-03 1.910774e-03 1.665763e-03 1.286441e-03
1.988011e+01 1.604269e-03 1.887370e-03 1.652793e-03 1.272645e-03
1.992548e+01 1.586968e-03 1.862909e-03 1.639314e-03 1.258681e-03
1.997085e+01 1.569237e-03 1.837555e-03 1.625473e-03 1.244684e-03
2.001623e+01 1.551225e-03 1.811476e-03 1.611416e-03 1.230783e-03
2.006160e+01 1.533075e-03 1.784841e-03 1.597281e-03 1.217104e-03
2.010698e+01 1.514927e-03 1.757820e-03 1.583199e-03 1.203762e-03
2.015235e+01 1.496911e-03 1.730579e-03 1.569289e-03 1.190863e-03
2.019772e+01 1.479146e-03 1.703277e-03 1.555657e-03 1.178504e-03
2.024310e+01 1.461742e-03 1.676069e-03 1.542390e-03 1.166767e-03
2.028847e+01 1.444795e-03 1.649099e-03 1.529561e-03 1.155725e-03
2.033385e+01 1.428388e-03 1.622504e-03 1.517223e-03 1.145437e-03
2.037922e+01 1.412590e-03 1.596411e-03 1.505411e-03 1.135949e-03
2.042459e+01 1.397459e-03 1.570935e-03 1.494145e-03 1.127297e-03
2.046997e+01 1.383039e-03 1.546184e-03 1.483427e-03 1.119505e-03
2.051534e+01 1.369362e-03 1.522255e-03 1.473244e-03 1.112587e-03
2.056072e+01 1.356452e-03 1.499234e-03 1.463573e-03 1.106549e-03
2.060609e+01 1.344322e-03 1.477199e-03 1.454379e-03 1.101387e-03
2.065146e+01 1.332978e-03 1.456222e-03 1.445620e-03 1.097093e-03
2.069684e+01 1.322421e-03 1.436365e-03 1.437249e-03 1.093651e-03
2.074221e+01 1.312646e-03 1.417682e-03 1.429215e-03 1.091042e-03
2.078759e+01 1.303644e-03 1.400222e-03 1.421470e-03 1.089241e-03
2.083296e+01 1.295405e-03 1.384028e-03 1.413963e-03 1.088223e-03
2.087833e+01 1.287917e-03 1.369137e-03 1.406652e-03 1.087961e-03
2.092371e+01 1.281167e-03 1.355580e-03 1.399498e-03 1.088423e-03
2.096908e+01 1.275143e-03 1.343382e-03 1.392469e-03 1.089580e-03
2.101445e+01 1.269834e-03 1.332562e-03 1.385541e-03 1.091400e-03
2.105983e+01 1.265229e-03 1.323137e-03 1.378700e-03 1.093852e-03
2.110520e+01 1.261319e-03 1.315113e-03 1.371940e-03 1.096904e-03
2.115058e+01 1.258094e-03 1.308493e-03 1.365264e-03 1.100524e-03
2.119595e+01 1.255547e-03 1.303275e-03 1.358684e-03 1.104681e-03
2.124132e+01 1.253670e-03 1.299448e-03 1.352221e-03 1.109342e-03
2.128670e+01 1.252458e-03 1.296996e-03 1.345904e-03 1.114476e-03
2.133207e+01 1.251904e-03 1.295895e-03 1.339766e-03 1.120050e-03
2.137745e+01 1.251999e-03 1.296117e-03 1.333848e-03 1.126031e-03
2.142282e+01 1.252736e-03 1.297625e-03 1.328194e-03 1.132388e-03
2.146819e+01 1.254105e-03 1.300376e-03 1.322853e-03 1.139087e-03
2.151357e+01 1.256096e-03 1.304322e-03 1.317872e-03 1.146093e-03
2.155894e+01 1.258694e-03 1.309408e-03 1.313301e-03 1.153373e-03
2.160432e+01 1.261884e-03 1.315574e-03 1.309188e-03 1.160891e-03
2.164969e+01 1.265648e-03 1.322756e-03 1.305578e-03 1.168611e-03
2.169506e+01 1.269964e-03 1.330883e-03 1.302513e-03 1.176496e-03
2.174044e+01 1.274806e-03 1.339882e-03 1.300029e-03 1.184506e-03
2.178581e+01 1.280146e-03 1.349678e-03 1.298157e-03 1.192603e-03
2.183119e+01 1.285951e-03 1.360190e-03 1.296917e-03 1.200745e-03
2.187656e+01 1.292185e-03 1.371340e-03 1.296326e-03 1.208890e-03
2.192193e+01 1.298809e-03 1.383045e-03 1.296387e-03 1.216995e-03
2.196731e+01 1.305777e-03 1.395222e-03 1.297097e-03 1.225013e-03
2.201268e+01 1.313043e-03 1.407790e-03 1.298442e-03 1.232899e-03
2.205805e+01 1.320556e-03 1.420667e-03 1.300396e-03 1.240606e-03
2.210343e+01 1.328262e-03 1.433774e-03 1.302926e-03 1.248086e-03
2.214880e+01 1.336104e-03 1.447032e-03 1.305988e-03 1.255292e-03
2.219418e+01 1.344024e-03 1.460366e-03 1.309529e-03 1.262176e-03
2.223955e+01 1.351961e-03 1.473701e-03 1.313489e-03 1.268694e-03
2.228492e+01 1.359856e-03 1.486967e-03 1.317799e-03 1.274801e-03
2.233030e+01 1.367647e-03 1.500098e-03 1.322385e-03 1.280458e-03
2.237567e+01 1.375275e-03 1.513029e-03 1.327169e-03 1.285627e-03
2.242105e+01 1.382683e-03 1.525702e-03 1.332070e-03 1.290276e-03
2.246642e+01 1.389815e-03 1.538059e-03 1.337006e-03 1.294380e-03
2.251179e+01 1.396622e-03 1.550050e-03 1.341896e-03 1.297919e-03
2.255717e+01 1.403057e-03 1.561627e-03 1.346660e-03 1.300882e-03
2.260254e+01 1.409078e-03 1.572747e-03 1.351224e-03 1.303265e-03
2.264792e+01 1.414653e-03 1.583370e-03 1.355518e-03 1.305072e-03
2.269329e+01 1.419754e-03 1.593462e-03 1.359482e-03 1.306317e-03
2.273866e+01 1.424359e-03 1.602992e-03 1.363061e-03 1.307024e-03
2.278404e+01 1.428456e-03 1.611933e-03 1.366213e-03 1.307222e-03
2.282941e+01 1.432040e-03 1.620262e-03 1.368905e-03 1.306952e-03
2.287479e+01 1.435112e-03 1.627960e-03 1.371115e-03 1.306261e-03
2.292016e+01 1.437680e-03 1.635010e-03 1.372831e-03 1.305201e-03
2.296553e+01 1.439760e-03 1.641398e-03 1.374054e-03 1.303829e-03
2.301091e+01 1.441371e-03 1.647112e-03 1.374795e-03 1.302207e-03
2.305628e+01 1.442538e-03 1.652142e-03 1.375073e-03 1.300397e-03
2.310165e+01 1.443287e-03 1.656480e-03 1.374918e-03 1.298462e-03
2.314703e+01 1.443649e-03 1.660119e-03 1.374366e-03 1.296462e-03
2.319240e+01 1.443654e-03 1.663049e-03 1.373461e-03 1.294453e-03
2.323778e+01 1.443333e-03 1.665265e-03 1.372248e-03 1.292486e-03
2.328315e+01 1.442714e-03 1.666757e-03 1.370780e-03 1.290604e-03
2.332852e+01 1.441823e-03 1.667520e-03 1.369107e-03 1.288843e-03
2.337390e+01 1.440684e-03 1.667543e-03 1.367282e-03 1.287228e-03
2.341927e+01 1.439317e-03 1.666819e-03 1.365356e-03 1.285775e-03
2.346465e+01 1.437736e-03 1.665339e-03 1.363378e-03 1.284490e-03
2.351002e+01 1.435952e-03 1.663098e-03 1.361393e-03 1.283366e-03
2.355539e+01 1.433974e-03 1.660089e-03 1.359443e-03 1.282389e-03
2.360077e+01 1.431803e-03 1.656309e-03 1.357565e-03 1.281536e-03
2.364614e+01 1.429442e-03 1.651761e-03 1.355790e-03 1.280775e-03
2.369152e+01 1.426890e-03 1.646451e-03 1.354148e-03 1.280070e-03
2.373689e+01 1.424144e-03 1.640391e-03 1.352662e-03 1.279379e-03
2.378226e+01 1.421204e-03 1.633601e-03 1.351353e-03 1.278659e-03
2.382764e+01 1.418071e-03 1.626110e-03 1.350237e-03 1.277866e-03
2.387301e+01 1.414749e-03 1.617957e-03 1.349330e-03 1.276959e-03
2.391839e+01 1.411245e-03 1.609190e-03 1.348645e-03 1.275902e-03
2.396376e+01 1.407575e-03 1.599870e-03 1.348194e-03 1.274661e-03
2.400913e+01 1.403758e-03 1.590069e-03 1.347991e-03 1.273213e-03
2.405451e+01 1.399820e-03 1.579868e-03 1.348049e-03 1.271544e-03
2.409988e+01 1.395797e-03 1.569361e-03 1.348381e-03 1.269648e-03
2.414526e+01 1.391728e-03 1.558651e-03 1.349003e-03 1.267531e-03
2.419063e+01 1.387663e-03 1.547849e-03 1.349931e-03 1.265207e-03
2.423600e+01 1.383654e-03 1.537073e-03 1.351184e-03 1.262704e-03
2.428138e+01 1.379760e-03 1.526445e-03 1.352777e-03 1.260058e-03
2.432675e+01 1.376044e-03 1.516089e-03 1.354730e-03 1.257313e-03
2.437212e+01 1.372570e-03 1.506130e-03 1.357059e-03 1.254523e-03
2.441750e+01 1.369404e-03 1.496688e-03 1.359778e-03 1.251746e-03
2.446287e+01 1.366609e-03 1.487880e-03 1.362900e-03 1.249046e-03
2.450825e+01 1.364245e-03 1.479812e-03 1.366434e-03 1.246488e-03
2.455362e+01 1.362368e-03 1.472582e-03 1.370382e-03 1.244140e-03
2.459899e+01 1.361028e-03 1.466272e-03 1.374744e-03 1.242068e-03
2.464437e+01 1.360266e-03 1.460952e-03 1.379511e-03 1.240334e-03
2.468974e+01 1.360115e-03 1.456675e-03 1.384669e-03 1.239000e-03
2.473512e+01 1.360598e-03 1.453477e-03 1.390198e-03 1.238118e-03
2.478049e+01 1.361728e-03 1.451377e-03 1.396069e-03 1.237737e-03
2.482586e+01 1.363508e-03 1.450376e-03 1.402250e-03 1.237898e-03
2.487124e+01 1.365932e-03 1.450460e-03 1.408701e-03 1.238635e-03
2.491661e+01 1.368983e-03 1.451596e-03 1.415378e-03 1.239975e-03
2.496199e+01 1.372638e-03 1.453739e-03 1.422235e-03 1.241939e-03
2.500736e+01 1.376865e-03 1.456831e-03 1.429223e-03 1.244541e-03
2.505273e+01 1.381627e-03 1.460803e-03 1.436291e-03 1.247789e-03
2.509811e+01 1.386886e-03 1.465577e-03 1.443391e-03 1.251689e-03
2.514348e+01 1.392596e-03 1.471072e-03 1.450475e-03 1.256242e-03
2.518886e+01 1.398717e-03 1.477199e-03 1.457503e-03 1.261448e-03
2.523423e+01 1.405204e-03 1.483871e-03 1.464434e-03 1.267306e-03
2.527960e+01 1.412018e-03 1.491001e-03 1.471238e-03 1.273816e-03
2.532498e+01 1.419124e-03 1.498504e-03 1.477890e-03 1.280979e-03
2.537035e+01 1.426489e-03 1.506299e-03 1.484371e-03 1.288798e-03
2.541572e+01 1.434088e-03 1.514312e-03 1.490673e-03 1.297280e-03
2.546110e+01 1.441901e-03 1.522477e-03 1.496794e-03 1.306433e-03
2.550647e+01 1.449913e-03 1.530732e-03 1.502737e-03 1.316269e-03
2.555185e+01 1.458115e-03 1.539027e-03 1.508515e-03 1.326804e-03
2.559722e+01 1.466506e-03 1.547319e-03 1.514144e-03 1.338055e-03
2.564259e+01 1.475086e-03 1.555572e-03 1.519646e-03 1.350038e-03
2.568797e+01 1.483860e-03 1.563761e-03 1.525046e-03 1.362774e-03
2.573334e+01 1.492838e-03 1.571865e-03 1.530369e-03 1.376278e-03
2.577872e+01 1.502027e-03 1.579872e-03 1.535643e-03 1.390566e-03
2.582409e+01 1.511438e-03 1.587777e-03 1.540892e-03 1.405646e-03
2.586946e+01 1.521081e-03 1.595578e-03 1.546141e-03 1.421524e-03
2.591484e+01 1.530962e-03 1.603280e-03 1.551408e-03 1.438197e-03
2.596021e+01 1.541086e-03 1.610891e-03 1.556711e-03 1.455656e-03
2.600559e+01 1.551453e-03 1.618421e-03 1.562059e-03 1.473879e-03
2.605096e+01 1.562061e-03 1.625884e-03 1.567461e-03 1.492838e-03
2.609633e+01 1.572902e-03 1.633297e-03 1.572917e-03 1.512492e-03
2.614171e+01 1.583963e-03 1.640675e-03 1.578424e-03 1.532792e-03
2.618708e+01 1.595229e-03 1.648036e-03 1.583976e-03 1.553675e-03
2.623246e+01 1.606677e-03 1.655397e-03 1.589563e-03 1.575072e-03
2.627783e+01 1.618284e-03 1.662776e-03 1.595174e-03 1.596903e-03
2.632320e+01 1.630022e-03 1.670189e-03 1.600796e-03 1.619080e-03
2.636858e+01 1.641860e-03 1.677651e-03 1.606417e-03 1.641511e-03
2.641395e+01 1.653767e-03 1.685176e-03 1.612027e-03 1.664097e-03
2.645933e+01 1.665710e-03 1.692774e-03 1.617620e-03 1.686737e-03
2.650470e+01 1.677658e-03 1.700453e-03 1.623191e-03 1.709329e-03
2.655007e+01 1.689578e-03 1.708219e-03 1.628741e-03 1.731774e-03
2.659545e+01 1.701440e-03 1.716071e-03 1.634277e-03 1.753971e-03
2.664082e+01 1.713215e-03 1.724006e-03 1.639809e-03 1.775829e-03
2.668619e+01 1.724876e-03 1.732015e-03 1.645354e-03 1.797258e-03
2.673157e+01 1.736398e-03 1.740083e-03 1.650931e-03 1.818181e-03
2.677694e+01 1.747760e-03 1.748191e-03 1.656564e-03 1.838524e-03
2.682232e+01 1.758940e-03 1.756313e-03 1.662280e-03 1.858227e-03
2.686769e+01 1.769920e-03 1.764417e-03 1.668106e-03 1.877239e-03
2.691306e+01 1.780684e-03 1.772463e-03 1.674069e-03 1.895518e-03
2.695844e+01 1.791213e-03 1.780410e-03 1.680195e-03 1.913035e-03
2.700381e+01 1.801494e-03 1.788208e-03 1.686503e-03 1.929771e-03
2.704919e+01 1.811510e-03 1.795803e-03 1.693012e-03 1.945716e-03
2.709456e+01 1.821247e-03 1.803139e-03 1.699729e-03 1.960872e-03
2.713993e+01 1.830687e-03 1.810157e-03 1.706657e-03 1.975248e-03
2.718531e+01 1.839816e-03 1.816796e-03 1.713789e-03 1.988862e-03
2.723068e+01 1.848615e-03 1.822996e-03 1.721109e-03 2.001738e-03
2.727606e+01 1.857067e-03 1.828699e-03 1.728593e-03 2.013909e-03
2.732143e+01 1.865155e-03 1.833848e-03 1.736206e-03 2.025411e-03
2.736680e+01 1.872860e-03 1.838393e-03 1.743904e-03 2.036283e-03
2.741218e+01 1.880166e-03 1.842289e-03 1.751639e-03 2.046569e-03
2.745755e+01 1.887055e-03 1.845498e-03 1.759353e-03 2.056314e-03
2.750293e+01 1.893513e-03 1.847989e-03 1.766986e-03 2.065565e-03
2.754830e+01 1.899528e-03 1.849743e-03 1.774473e-03 2.074368e-03
2.759367e+01 1.905089e-03 1.850749e-03 1.781749e-03 2.082769e-03
2.763905e+01 1.910190e-03 1.851004e-03 1.788750e-03 2.090815e-03
2.768442e+01 1.914827e-03 1.850519e-03 1.795415e-03 2.098548e-03
2.772979e+01 1.919003e-03 1.849311e-03 1.801687e-03 2.106011e-03
2.777517e+01 1.922722e-03 1.847408e-03 1.807517e-03 2.113242e-03
2.782054e+01 1.925997e-03 1.844846e-03 1.812865e-03 2.120281e-03
2.786592e+01 1.928843e-03 1.841668e-03 1.817698e-03 2.127161e-03
2.791129e+01 1.931280e-03 1.837926e-03 1.821998e-03 2.133916e-03
2.795666e+01 1.933335e-03 1.833673e-03 1.825756e-03 2.140577e-03
2.800204e+01 1.935040e-03 1.828970e-03 1.828978e-03 2.147172e-03
2.804741e+01 1.936430e-03 1.823878e-03 1.831683e-03 2.153730e-03
2.809279e+01 1.937546e-03 1.818461e-03 1.833904e-03 2.160275e-03
2.813816e+01 1.938433e-03 1.812782e-03 1.835687e-03 2.166832e-03
2.818353e+01 1.939141e-03 1.806905e-03 1.837092e-03 2.173425e-03
2.822891e+01 1.939720e-03 1.800891e-03 1.838193e-03 2.180076e-03
2.827428e+01 1.940227e-03 1.794800e-03 1.839075e-03 2.186807e-03
2.831966e+01 1.940719e-03 1.788687e-03 1.839834e-03 2.193637e-03
2.836503e+01 1.941256e-03 1.782606e-03 1.840576e-03 2.200586e-03
2.841040e+01 1.941897e-03 1.776607e-03 1.841418e-03 2.207668e-03
2.845578e+01 1.942704e-03 1.770733e-03 1.842480e-03 2.214898e-03
2.850115e+01 1.943734e-03 1.765026e-03 1.843890e-03 2.222285e-03
2.854653e+01 1.945045e-03 1.759522e-03 1.845777e-03 2.229835e-03
2.859190e+01 1.946692e-03 1.754253e-03 1.848273e-03 2.237549e-03
2.863727e+01 1.948724e-03 1.749246e-03 1.851505e-03 2.245421e-03
2.868265e+01 1.951187e-03 1.744524e-03 1.855598e-03 2.253438e-03
2.872802e+01 1.954118e-03 1.740104e-03 1.860671e-03 2.261580e-03
2.877339e+01 1.957550e-03 1.735998e-03 1.866833e-03 2.269818e-03
2.881877e+01 1.961504e-03 1.732216e-03 1.874182e-03 2.278113e-03
2.886414e+01 1.965993e-03 1.728758e-03 1.882801e-03 2.286421e-03
2.890952e+01 1.971022e-03 1.725621e-03 1.892760e-03 2.294683e-03
2.895489e+01 1.976581e-03 1.722798e-03 1.904109e-03 2.302837e-03
2.900026e+01 1.982655e-03 1.720273e-03 1.916881e-03 2.310810e-03
2.904564e+01 1.989212e-03 1.718029e-03 1.931087e-03 2.318521e-03
2.909101e+01 1.996216e-03 1.716039e-03 1.946721e-03 2.325887e-03
2.913639e+01 2.003616e-03 1.714275e-03 1.963754e-03 2.332819e-03
2.918176e+01 2.011355e-03 1.712702e-03 1.982138e-03 2.339224e-03
2.922713e+01 2.019367e-03 1.711282e-03 2.001806e-03 2.345013e-03
2.927251e+01 2.027581e-03 1.709974e-03 2.022672e-03 2.350096e-03
2.931788e+01 2.035920e-03 1.708734e-03 2.044635e-03 2.354389e-03
2.936326e+01 2.044304e-03 1.707517e-03 2.067581e-03 2.357814e-03
2.940863e+01 2.052653e-03 1.706277e-03 2.091382e-03 2.360300e-03
2.945400e+01 2.060887e-03 1.704968e-03 2.115903e-03 2.361791e-03
2.949938e+01 2.068930e-03 1.703548e-03 2.141003e-03 2.362240e-03
2.954475e+01 2.076709e-03 1.701975e-03 2.166537e-03 2.361615e-03
2.959013e+01 2.084157e-03 1.700213e-03 2.192359e-03 2.359899e-03
2.963550e+01 2.091217e-03 1.698229e-03 2.218328e-03 2.357094e-03
2.968087e+01 2.097837e-03 1.695996e-03 2.244303e-03 2.353213e-03
2.972625e+01 2.103979e-03 1.693494e-03 2.270152e-03 2.348292e-03
2.977162e+01 2.109614e-03 1.690711e-03 2.295752e-03 2.342378e-03
2.981700e+01 2.114721e-03 1.687637e-03 2.320989e-03 2.335536e-03
2.986237e+01 2.119292e-03 1.684276e-03 2.345757e-03 2.327845e-03
2.990774e+01 2.123331e-03 1.680633e-03 2.369964e-03 2.319396e-03
2.995312e+01 2.126849e-03 1.676725e-03 2.393529e-03 2.310292e-03
2.999849e+01 2.129865e-03 1.672570e-03 2.416381e-03 2.300645e-03
3.004386e+01 2.132409e-03 1.668197e-03 2.438458e-03 2.290572e-03
3.008924e+01 2.134514e-03 1.663637e-03 2.459711e-03 2.280195e-03
3.013461e+01 2.136220e-03 1.658924e-03 2.480097e-03 2.269638e-03
3.017999e+01 2.137569e-03 1.654100e-03 2.499582e-03 2.259024e-03
3.022536e+01 2.138605e-03 1.649205e-03 2.518140e-03 2.248472e-03
3.027073e+01 2.139374e-03 1.644281e-03 2.535748e-03 2.238094e-03
3.031611e+01 2.139919e-03 1.639373e-03 2.552390e-03 2.227995e-03
3.036148e+01 2.140283e-03 1.634523e-03 2.568055e-03 2.218270e-03
3.040686e+01 2.140503e-03 1.629774e-03 2.582733e-03 2.209001e-03
3.045223e+01 2.140616e-03 1.625167e-03 2.596422e-03 2.200258e-03
3.049760e+01 2.140651e-03 1.620738e-03 2.609120e-03 2.192095e-03
3.054298e+01 2.140636e-03 1.616525e-03 2.620832e-03 2.184550e-03
3.058835e+01 2.140591e-03 1.612560e-03 2.631563e-03 2.177648e-03
3.063373e+01 2.140532e-03 1.608873e-03 2.641329e-03 2.171396e-03
3.067910e+01 2.140474e-03 1.605489e-03 2.650146e-03 2.165787e-03
3.072447e+01 2.140424e-03 1.602432e-03 2.658040e-03 2.160799e-03
3.076985e+01 2.140388e-03 1.599723e-03 2.665042e-03 2.156398e-03
3.081522e+01 2.140369e-03 1.597378e-03 2.671191e-03 2.152538e-03
3.086060e+01 2.140369e-03 1.595411e-03 2.676534e-03 2.149160e-03
3.090597e+01 2.140387e-03 1.593834e-03 2.681126e-03 2.146201e-03
3.095134e+01 2.140425e-03 1.592654e-03 2.685030e-03 2.143590e-03
3.099672e+01 2.140481e-03 1.591878e-03 2.688314e-03 2.141251e-03
3.104209e+01 2.140558e-03 1.591510e-03 2.691056e-03 2.139106e-03
3.108746e+01 2.140656e-03 1.591551e-03 2.693337e-03 2.137079e-03
3.113284e+01 2.140779e-03 1.592000e-03 2.695243e-03 2.135094e-03
3.117821e+01 2.140931e-03 1.592853e-03 2.696862e-03 2.133079e-03
3.122359e+01 2.141119e-03 1.594107e-03 2.698282e-03 2.130968e-03
3.126896e+01 2.141347e-03 1.595752e-03 2.699590e-03 2.128700e-03
3.131433e+01 2.141624e-03 1.597779e-03 2.700868e-03 2.126225e-03
3.135971e+01 2.141956e-03 1.600175e-03 2.702192e-03 2.123500e-03
3.140508e+01 2.142350e-03 1.602928e-03 2.703631e-03 2.120490e-03
3.145046e+01 2.142811e-03 1.606019e-03 2.705241e-03 2.117173e-03
3.149583e+01 2.143344e-03 1.609429e-03 2.707068e-03 2.113534e-03
3.154120e+01 2.143950e-03 1.613138e-03 2.709142e-03 2.109569e-03
3.158658e+01 2.144628e-03 1.617122e-03 2.711480e-03 2.105283e-03
3.163195e+01 2.145376e-03 1.621354e-03 2.714082e-03 2.100690e-03
3.167733e+01 2.146185e-03 1.625807e-03 2.716935e-03 2.095811e-03
3.172270e+01 2.147044e-03 1.630452e-03 2.720007e-03 2.090675e-03
3.176807e+01 2.147941e-03 1.635256e-03 2.723253e-03 2.085314e-03
3.181345e+01 2.148856e-03 1.640185e-03 2.726615e-03 2.079768e-03
3.185882e+01 2.149769e-03 1.645207e-03 2.730022e-03 2.074078e-03
3.190420e+01 2.150655e-03 1.650283e-03 2.733394e-03 2.068288e-03
3.194957e+01 2.151489e-03 1.655378e-03 2.736645e-03 2.062443e-03
3.199494e+01 2.152242e-03 1.660454e-03 2.739683e-03 2.056588e-03
3.204032e+01 2.152884e-03 1.665473e-03 2.742414e-03 2.050767e-03
3.208569e+01 2.153386e-03 1.670395e-03 2.744745e-03 2.045019e-03
3.213107e+01 2.153718e-03 1.675184e-03 2.746588e-03 2.039383e-03
3.217644e+01 2.153852e-03 1.679800e-03 2.747861e-03 2.033894e-03
3.222181e+01 2.153758e-03 1.684206e-03 2.748489e-03 2.028580e-03
3.226719e+01 2.153414e-03 1.688366e-03 2.748410e-03 2.023466e-03
3.231256e+01 2.152795e-03 1.692243e-03 2.747571e-03 2.018572e-03
3.235793e+01 2.151882e-03 1.695802e-03 2.745933e-03 2.013909e-03
3.240331e+01 2.150657e-03 1.699010e-03 2.743473e-03 2.009487e-03
3.244868e+01 2.149105e-03 1.701834e-03 2.740176e-03 2.005306e-03
3.249406e+01 2.147215e-03 1.704243e-03 2.736042e-03 2.001361e-03
3.253943e+01 2.144977e-03 1.706206e-03 2.731082e-03 1.997643e-03
3.258480e+01 2.142380e-03 1.707693e-03 2.725313e-03 1.994134e-03
3.263018e+01 2.139417e-03 1.708676e-03 2.718763e-03 1.990813e-03
3.267555e+01 2.136079e-03 1.709126e-03 2.711459e-03 1.987651e-03
3.272093e+01 2.132354e-03 1.709015e-03 2.703432e-03 1.984614e-03
3.276630e+01 2.128228e-03 1.708312e-03 2.694709e-03 1.981663e-03
3.281167e+01 2.123683e-03 1.706987e-03 2.685311e-03 1.978750e-03
3.285705e+01 2.118695e-03 1.705009e-03 2.675252e-03 1.975825e-03
3.290242e+01 2.113235e-03 1.702343e-03 2.664533e-03 1.972828e-03
3.294780e+01 2.107262e-03 1.698951e-03 2.653142e-03 1.969694e-03
3.299317e+01 2.100731e-03 1.694794e-03 2.641049e-03 1.966351e-03
3.303854e+01 2.093584e-03 1.689826e-03 2.628207e-03 1.962720e-03
3.308392e+01 2.085754e-03 1.683999e-03 2.614552e-03 1.958713e-03
3.312929e+01 2.077164e-03 1.677260e-03 2.599997e-03 1.954235e-03
3.317467e+01 2.067724e-03 1.669550e-03 2.584438e-03 1.949184e-03
3.322004e+01 2.057336e-03 1.660807e-03 2.567753e-03 1.943448e-03
3.326541e+01 2.045892e-03 1.650964e-03 2.549804e-03 1.936908e-03
3.331079e+01 2.033274e-03 1.639949e-03 2.530435e-03 1.929437e-03
3.335616e+01 2.019357e-03 1.627686e-03 2.509483e-03 1.920902e-03
3.340153e+01 2.004012e-03 1.614099e-03 2.486774e-03 1.911162e-03
3.344691e+01 1.987102e-03 1.599108e-03 2.462129e-03 1.900070e-03
3.349228e+01 1.968494e-03 1.582632e-03 2.435371e-03 1.887478e-03
3.353766e+01 1.948050e-03 1.564594e-03 2.406323e-03 1.873234e-03
3.358303e+01 1.925641e-03 1.544916e-03 2.374820e-03 1.857186e-03
3.362840e+01 1.901140e-03 1.523529e-03 2.340707e-03 1.839184e-03
3.367378e+01 1.874434e-03 1.500368e-03 2.303847e-03 1.819086e-03
3.371915e+01 1.845419e-03 1.475376e-03 2.264124e-03 1.796755e-03
3.376453e+01 1.814009e-03 1.448511e-03 2.221448e-03 1.772069e-03
3.380990e+01 1.780137e-03 1.419739e-03 2.175757e-03 1.744917e-03
3.385527e+01 1.743759e-03 1.389045e-03 2.127021e-03 1.715210e-03
3.390065e+01 1.704852e-03 1.356429e-03 2.075246e-03 1.682880e-03
3.394602e+01 1.663423e-03 1.321912e-03 2.020474e-03 1.647883e-03
3.399140e+01 1.619507e-03 1.285535e-03 1.962783e-03 1.610204e-03
3.403677e+01 1.573170e-03 1.247357e-03 1.902293e-03 1.569861e-03
3.408214e+01 1.524508e-03 1.207465e-03 1.839160e-03 1.526900e-03
3.412752e+01 1.473649e-03 1.165964e-03 1.773580e-03 1.481405e-03
3.417289e+01 1.420753e-03 1.122983e-03 1.705782e-03 1.433494e-03
3.421827e+01 1.366009e-03 1.078674e-03 1.636032e-03 1.383321e-03
3.426364e+01 1.309634e-03 1.033208e-03 1.564623e-03 1.331072e-03
3.430901e+01 1.251873e-03 9.867742e-04 1.491878e-03 1.276968e-03
3.435439e+01 1.192992e-03 9.395805e-04 1.418138e-03 1.221258e-03
3.439976e+01 1.133277e-03 8.918470e-04 1.343766e-03 1.164219e-03
3.444513e+01 1.073029e-03 8.438049e-04 1.269132e-03 1.106150e-03
3.449051e+01 1.012559e-03 7.956928e-04 1.194615e-03 1.047368e-03
3.453588e+01 9.521831e-04 7.477528e-04 1.120594e-03 9.882021e-04
3.458126e+01 8.922195e-04 7.002268e-04 1.047441e-03 9.289902e-04
3.462663e+01 8.329802e-04 6.533526e-04 9.755183e-04 8.700697e-04
3.467200e+01 7.747678e-04 6.073602e-04 9.051692e-04 8.117742e-04
3.471738e+01 7.178703e-04 5.624679e-04 8.367163e-04 7.544268e-04
3.476275e+01 6.625565e-04 5.188790e-04 7.704557e-04 6.983349e-04
3.480813e+01 6.090722e-04 4.767791e-04 7.066524e-04 6.437852e-04
3.485350e+01 5.576368e-04 4.363332e-04 6.455380e-04 5.910392e-04
3.489887e+01 5.084404e-04 3.976837e-04 5.873078e-04 5.403297e-04
3.494425e+01 4.616419e-04 3.609489e-04 5.321194e-04 4.918574e-04
3.498962e+01 4.173677e-04 3.262220e-04 4.800917e-04 4.457893e-04
3.503500e+01 3.757112e-04 2.935710e-04 4.313053e-04 4.022573e-04
3.508037e+01 3.367329e-04 2.630384e-04 3.858029e-04 3.613575e-04
3.512574e+01 3.004616e-04 2.346424e-04 3.435913e-04 3.231511e-04
3.517112e+01 2.668955e-04 2.083779e-04 3.046432e-04 2.876652e-04
3.521649e+01 2.360045e-04 1.842181e-04 2.689004e-04 2.548950e-04
3.526187e+01 2.077330e-04 1.621163e-04 2.362767e-04 2.248059e-04
3.530724e+01 1.820023e-04 1.420088e-04 2.066615e-04 1.973367e-04
3.535261e+01 1.587143e-04 1.238164e-04 1.799237e-04 1.724028e-04
3.539799e+01 1.377543e-04 1.074479e-04 1.559154e-04 1.498996e-04
3.544336e+01 1.189946e-04 9.280189e-05 1.344757e-04 1.297062e-04
3.548874e+01 1.022978e-04 7.976986e-05 1.154347e-04 1.116889e-04
3.553411e+01 8.752012e-05 6.823835e-05 9.861685e-05 9.570516e-05
3.557948e+01 7.451389e-05 5.809132e-05 8.384415e-05 8.160619e-05
3.562486e+01 6.313076e-05 4.921226e-05 7.093934e-05 6.924067e-05
3.567023e+01 5.322387e-05 4.148600e-05 5.972839e-05 5.845722e-05
3.571560e+01 4.465001e-05 3.480036e-05 5.004271e-05 4.910696e-05
3.576098e+01 3.727134e-05 2.904746e-05 4.172103e-05 4.104552e-05
3.580635e+01 3.095679e-05 2.412480e-05 3.461082e-05 3.413474e-05
3.585173e+01 2.558316e-05 1.993609e-05 2.856935e-05 2.824402e-05
3.589710e+01 2.103585e-05 1.639182e-05 2.346444e-05 2.325130e-05
3.594247e+01 1.720936e-05 1.340960e-05 1.917482e-05 1.904365e-05
3.598785e+01 1.400746e-05 1.091434e-05 1.559030e-05 1.551774e-05
3.603322e+01 1.134321e-05 8.838184e-06 1.261162e-05 1.257982e-05
3.607860e+01 9.138748e-06 7.120412e-06 1.015014e-05 1.014570e-05
3.612397e+01 7.324945e-06 5.707107e-06 8.127361e-06 8.140366e-06
3.616934e+01 5.840931e-06 4.550811e-06 6.474353e-06 6.497630e-06
3.621472e+01 4.633544e-06 3.610078e-06 5.131036e-06 5.159520e-06
3.626009e+01 3.656722e-06 2.849004e-06 4.045469e-06 4.075695e-06
3.630547e+01 2.870861e-06 2.236723e-06 3.173081e-06 3.202778e-06
3.635084e+01 2.242168e-06 1.746900e-06 2.475916e-06 2.503689e-06
3.639621e+01 1.742028e-06 1.357236e-06 1.921884e-06 1.946962e-06
3.644159e+01 1.346380e-06 1.048984e-06 1.484053e-06 1.506102e-06
3.648696e+01 1.035145e-06 8.064993e-07 1.139980e-06 1.158955e-06
3.653234e+01 7.916827e-07 6.168159e-07 8.710959e-07 8.871363e-07
3.657771e+01 6.023008e-07 4.692663e-07 6.621409e-07 6.754954e-07
3.662308e+01 4.558103e-07 3.551332e-07 5.006638e-07 5.116338e-07
3.666846e+01 3.431301e-07 2.673417e-07 3.765725e-07 3.854760e-07
3.671383e+01 2.569416e-07 2.001901e-07 2.817435e-07 2.888910e-07
3.675920e+01 1.913843e-07 1.491125e-07 2.096802e-07 2.153602e-07
3.680458e+01 1.417991e-07 1.104790e-07 1.552234e-07 1.596948e-07
3.684995e+01 1.045031e-07 8.142042e-08 1.143001e-07 1.177889e-07
3.689533e+01 7.660790e-08 5.968621e-08 8.371900e-08 8.641849e-08
3.694070e+01 5.586005e-08 4.352075e-08 6.099381e-08 6.306559e-08
3.698607e+01 4.051430e-08 3.156432e-08 4.420024e-08 4.577835e-08
3.703145e+01 2.922779e-08 2.277064e-08 3.185994e-08 3.305281e-08
3.707682e+01 2.097293e-08 1.633916e-08 2.284225e-08 2.373738e-08
3.712220e+01 1.496919e-08 1.166155e-08 1.628946e-08 1.695656e-08
3.716757e+01 1.062649e-08 8.278212e-09 1.155364e-08 1.204761e-08
3.721294e+01 7.503082e-09 5.844781e-09 8.150666e-09 8.513800e-09
3.725832e+01 5.269358e-09 4.104526e-09 5.719145e-09 5.984404e-09
3.730369e+01 3.680674e-09 2.866803e-09 3.991226e-09 4.183992e-09
3.734907e+01 2.557001e-09 1.991527e-09 2.770166e-09 2.909310e-09
3.739444e+01 1.766695e-09 1.375972e-09 1.912143e-09 2.011970e-09
3.743981e+01 1.214022e-09 9.454738e-10 1.312738e-09 1.383855e-09
3.748519e+01 8.297679e-10 6.461856e-10 8.962762e-10 9.468418e-10
3.753056e+01 5.640686e-10 4.391739e-10 6.087427e-10 6.442894e-10
3.757594e+01 3.810546e-10 2.966720e-10 4.107967e-10 4.356952e-10
3.762131e+01 2.559021e-10 1.991860e-10 2.756314e-10 2.928890e-10
3.766668e+01 1.709003e-10 1.329660e-10 1.839033e-10 1.958317e-10
3.771206e+01 1.133140e-10 8.815262e-11 1.217543e-10 1.300350e-10
3.775743e+01 7.464349e-11 5.808704e-11 8.004102e-11 8.580242e-11
3.780281e+01 4.868606e-11 3.794039e-11 5.205773e-11 5.606005e-11
3.784818e+01 3.151050e-11 2.452580e-11 3.364480e-11 3.636092e-11
3.789355e+01 2.002784e-11 1.553866e-11 2.136592e-11 2.317896e-11
3.793893e+01 1.264262e-11 9.818125e-12 1.343879e-11 1.467096e-11
3.798430e+01 7.560128e-12 5.850158e-12 8.019182e-12 8.811045e-12
3.802967e+01 4.245636e-12 3.264220e-12 4.588876e-12 4.883812e-12
3.807505e+01 2.212739e-12 1.753428e-12 2.301275e-12 2.583513e-12
3.812042e+01 1.234427e-12 9.818553e-13 1.245250e-12 1.476175e-12
3.816580e+01 6.858608e-13 5.353038e-13 6.926333e-13 8.296451e-13
3.821117e+01 2.324415e-13 1.562835e-13 2.601788e-13 2.808622e-13
3.825654e+01 7.506460e-14 5.268104e-14 5.373236e-14 1.187804e-13
3.830192e+01 4.617745e-14 3.259667e-14 3.192388e-14 7.401181e-14
3.834729e+01 0.000000e+00 0.000000e+00 0.000000e+00 0.000000e+00
3.839267e+01 0.000000e+00 0.000000e+00 0.000000e+00 0.000000e+00
3.843804e+01 0.000000e+00 0.000000e+00 0.000000e+00 0.000000e+00
3.848341e+01 0.000000e+00 0.000000e+00 0.000000e+00 0.000000e+00
3.852879e+01 0.000000e+00 0.000000e+00 0.000000e+00 0.000000e+00
3.857416e+01 0.000000e+00 0.000000e+00 0.000000e+00 0.000000e+00
3.861954e+01 0.000000e+00 0.000000e+00 0.000000e+00 0.000000e+00
3.866491e+01 0.000000e+00 0.000000e+00 0.000000e+00 0.000000e+00
3.871028e+01 0.000000e+00 0.000000e+00 0.000000e+00 0.000000e+00
3.875566e+01 0.000000e+00 0.000000e+00 0.000000e+00 0.000000e+00
3.880103e+01 0.000000e+00 0.000000e+00 0.000000e+00 0.000000e+00
3.884641e+01 0.000000e+00 0.000000e+00 0.000000e+00 0.000000e+00
3.889178e+01 0.000000e+00 0.000000e+00 0.000000e+00 0.000000e+00
3.893715e+01 0.000000e+00 0.000000e+00 0.000000e+00 0.000000e+00
3.898253e+01 0.000000e+00 0.000000e+00 0.000000e+00 0.000000e+00
3.902790e+01 0.000000e+00 0.000000e+00 0.000000e+00 0.000000e+00
3.907327e+01 0.000000e+00 0.000000e+00 0.000000e+00 0.000000e+00
3.911865e+01 0.000000e+00 0.000000e+00 0.000000e+00 0.000000e+00
3.916402e+01 0.000000e+00 0.000000e+00 0.000000e+00 0.000000e+00
3.920940e+01 0.000000e+00 0.000000e+00 0.000000e+00 0.000000e+00
3.925477e+01 0.000000e+00 0.000000e+00 0.000000e+00 0.000000e+00
3.930014e+01 0.000000e+00 0.000000e+00 0.000000e+00 0.000000e+00
3.934552e+01 0.000000e+00 0.000000e+00 0.000000e+00 0.000000e+00
3.939089e+01 0.000000e+00 0.000000e+00 0.000000e+00 0.000000e+00
3.943627e+01 0.000000e+00 0.000000e+00 0.000000e+00 0.000000e+00
3.948164e+01 0.000000e+00 0.000000e+00 0.000000e+00 0.000000e+00
3.952701e+01 0.000000e+00 0.000000e+00 0.000000e+00 0.000000e+00
3.957239e+01 0.000000e+00 0.000000e+00 0.000000e+00 0.000000e+00
3.961776e+01 0.000000e+00 0.000000e+00 0.000000e+00 0.000000e+00
3.966314e+01 0.000000e+00 0.000000e+00 0.000000e+00 0.000000e+00
3.970851e+01 0.000000e+00 0.000000e+00 0.000000e+00 0.000000e+00
3.975388e+01 0.000000e+00 0.000000e+00 0.000000e+00 0.000000e+00
3.979926e+01 0.000000e+00 0.000000e+00 0.000000e+00 0.000000e+00
3.984463e+01 0.000000e+00 0.000000e+00 0.000000e+00 0.000000e+00
3.989001e+01 0.000000e+00 0.000000e+00 0.000000e+00 0.000000e+00
3.993538e+01 0.000000e+00 0.000000e+00 0.000000e+00 0.000000e+00
3.998075e+01 0.000000e+00 0.000000e+00 0.000000e+00 0.000000e+00
4.002613e+01 0.000000e+00 0.000000e+00 0.000000e+00 0.000000e+00
4.007150e+01 0.000000e+00 0.000000e+00 0.000000e+00 0.000000e+00
4.011687e+01 0.000000e+00 0.000000e+00 0.000000e+00 0.000000e+00
4.016225e+01 0.000000e+00 0.000000e+00 0.000000e+00 0.000000e+00
4.020762e+01 0.000000e+00 0.000000e+00 0.000000e+00 0.000000e+00
4.025300e+01 0.000000e+00 0.000000e+00 0.000000e+00 0.000000e+00
4.029837e+01 0.000000e+00 0.000000e+00 0.000000e+00 0.000000e+00
4.034374e+01 0.000000e+00 0.000000e+00 0.000000e+00 0.000000e+00
4.038912e+01 0.000000e+00 0.000000e+00 0.000000e+00 0.000000e+00
4.043449e+01 0.000000e+00 0.000000e+00 0.000000e+00 0.000000e+00
4.047987e+01 0.000000e+00 0.000000e+00 0.000000e+00 0.000000e+00
4.052524e+01 0.000000e+00 0.000000e+00 0.000000e+00 0.000000e+00
4.057061e+01 0.000000e+00 0.000000e+00 0.000000e+00 0.000000e+00
4.061599e+01 0.000000e+00 0.000000e+00 0.000000e+00 0.000000e+00
4.066136e+01 0.000000e+00 0.000000e+00 0.000000e+00 0.000000e+00
4.070674e+01 0.000000e+00 0.000000e+00 0.000000e+00 0.000000e+00
4.075211e+01 0.000000e+00 0.000000e+00 0.000000e+00 0.000000e+00
4.079748e+01 0.000000e+00 0.000000e+00 0.000000e+00 0.000000e+00
4.084286e+01 0.000000e+00 0.000000e+00 0.000000e+00 0.000000e+00
4.088823e+01 0.000000e+00 0.000000e+00 0.000000e+00 0.000000e+00
4.093361e+01 0.000000e+00 0.000000e+00 0.000000e+00 0.000000e+00
4.097898e+01 0.000000e+00 0.000000e+00 0.000000e+00 0.000000e+00
4.102435e+01 0.000000e+00 0.000000e+00 0.000000e+00 0.000000e+00
4.106973e+01 0.000000e+00 0.000000e+00 0.000000e+00 0.000000e+00
4.111510e+01 0.000000e+00 0.000000e+00 0.000000e+00 0.000000e+00
4.116048e+01 0.000000e+00 0.000000e+00 0.000000e+00 0.000000e+00
4.120585e+01 0.000000e+00 0.000000e+00 0.000000e+00 0.000000e+00
4.125122e+01 0.000000e+00 0.000000e+00 0.000000e+00 0.000000e+00
4.129660e+01 0.000000e+00 0.000000e+00 0.000000e+00 0.000000e+00
4.134197e+01 0.000000e+00 0.000000e+00 0.000000e+00 0.000000e+00
4.138734e+01 0.000000e+00 0.000000e+00 0.000000e+00 0.000000e+00
4.143272e+01 0.000000e+00 0.000000e+00 0.000000e+00 0.000000e+00
4.147809e+01 0.000000e+00 0.000000e+00 0.000000e+00 0.000000e+00
4.152347e+01 0.000000e+00 0.000000e+00 0.000000e+00 0.000000e+00
4.156884e+01 0.000000e+00 0.000000e+00 0.000000e+00 0.000000e+00
4.161421e+01 0.000000e+00 0.000000e+00 0.000000e+00 0.000000e+00
4.165959e+01 0.000000e+00 0.000000e+00 0.000000e+00 0.000000e+00
4.170496e+01 0.000000e+00 0.000000e+00 0.000000e+00 0.000000e+00
4.175034e+01 0.000000e+00 0.000000e+00 0.000000e+00 0.000000e+00
4.179571e+01 0.000000e+00 0.000000e+00 0.000000e+00 0.000000e+00
4.184108e+01 0.000000e+00 0.000000e+00 0.000000e+00 0.000000e+00
4.188646e+01 0.000000e+00 0.000000e+00 0.000000e+00 0.000000e+00
4.193183e+01 0.000000e+00 0.000000e+00 0.000000e+00 0.000000e+00
4.197721e+01 0.000000e+00 0.000000e+00 0.000000e+00 0.000000e+00
4.202258e+01 0.000000e+00 0.000000e+00 0.000000e+00 0.000000e+00
4.206795e+01 0.000000e+00 0.000000e+00 0.000000e+00 0.000000e+00
4.211333e+01 0.000000e+00 0.000000e+00 0.000000e+00 0.000000e+00
4.215870e+01 0.000000e+00 0.000000e+00 0.000000e+00 0.000000e+00
4.220408e+01 0.000000e+00 0.000000e+00 0.000000e+00 0.000000e+00
4.224945e+01 0.000000e+00 0.000000e+00 0.000000e+00 0.000000e+00
4.229482e+01 0.000000e+00 0.000000e+00 0.000000e+00 0.000000e+00
4.234020e+01 0.000000e+00 0.000000e+00 0.000000e+00 0.000000e+00
4.238557e+01 0.000000e+00 0.000000e+00 0.000000e+00 0.000000e+00
4.243094e+01 0.000000e+00 0.000000e+00 0.000000e+00 0.000000e+00
4.247632e+01 0.000000e+00 0.000000e+00 0.000000e+00 0.000000e+00
4.252169e+01 0.000000e+00 0.000000e+00 0.000000e+00 0.000000e+00
4.256707e+01 0.000000e+00 0.000000e+00 0.000000e+00 0.000000e+00
4.261244e+01 0.000000e+00 0.000000e+00 0.000000e+00 0.000000e+00
4.265781e+01 0.000000e+00 0.000000e+00 0.000000e+00 0.000000e+00
4.270319e+01 0.000000e+00 0.000000e+00 0.000000e+00 0.000000e+00
4.274856e+01 0.000000e+00 0.000000e+00 0.000000e+00 0.000000e+00
4.279394e+01 0.000000e+00 0.000000e+00 0.000000e+00 0.000000e+00
4.283931e+01 0.000000e+00 0.000000e+00 0.000000e+00 0.000000e+00
4.288468e+01 0.000000e+00 0.000000e+00 0.000000e+00 0.000000e+00
4.293006e+01 0.000000e+00 0.000000e+00 0.000000e+00 0.000000e+00
4.297543e+01 0.000000e+00 0.000000e+00 0.000000e+00 0.000000e+00
4.302081e+01 0.000000e+00 0.000000e+00 0.000000e+00 0.000000e+00
4.306618e+01 0.000000e+00 0.000000e+00 0.000000e+00 0.000000e+00
4.311155e+01 0.000000e+00 0.000000e+00 0.000000e+00 0.000000e+00
4.315693e+01 0.000000e+00 0.000000e+00 0.000000e+00 0.000000e+00
4.320230e+01 0.000000e+00 0.000000e+00 0.000000e+00 0.000000e+00
4.324768e+01 0.000000e+00 0.000000e+00 0.000000e+00 0.000000e+00
4.329305e+01 0.000000e+00 0.000000e+00 0.000000e+00 0.000000e+00
4.333842e+01 0.000000e+00 0.000000e+00 0.000000e+00 0.000000e+00
4.338380e+01 0.000000e+00 0.000000e+00 0.000000e+00 0.000000e+00
4.342917e+01 0.000000e+00 0.000000e+00 0.000000e+00 0.000000e+00
4.347455e+01 0.000000e+00 0.000000e+00 0.000000e+00 0.000000e+00
4.351992e+01 0.000000e+00 0.000000e+00 0.000000e+00 0.000000e+00
4.356529e+01 0.000000e+00 0.000000e+00 0.000000e+00 0.000000e+00
4.361067e+01 0.000000e+00 0.000000e+00 0.000000e+00 0.000000e+00
4.365604e+01 0.000000e+00 0.000000e+00 0.000000e+00 0.000000e+00
4.370141e+01 0.000000e+00 0.000000e+00 0.000000e+00 0.000000e+00
4.374679e+01 0.000000e+00 0.000000e+00 0.000000e+00 0.000000e+00
4.379216e+01 0.000000e+00 0.000000e+00 0.000000e+00 0.000000e+00
4.383754e+01 0.000000e+00 0.000000e+00 0.000000e+00 0.000000e+00
4.388291e+01 0.000000e+00 0.000000e+00 0.000000e+00 0.000000e+00
4.392828e+01 0.000000e+00 0.000000e+00 0.000000e+00 0.000000e+00
4.397366e+01 0.000000e+00 0.000000e+00 0.000000e+00 0.000000e+00
4.401903e+01 0.000000e+00 0.000000e+00 0.000000e+00 0.000000e+00
4.406441e+01 0.000000e+00 0.000000e+00 0.000000e+00 0.000000e+00
4.410978e+01 0.000000e+00 0.000000e+00 0.000000e+00 0.000000e+00
4.415515e+01 0.000000e+00 0.000000e+00 0.000000e+00 0.000000e+00
4.420053e+01 0.000000e+00 0.000000e+00 0.000000e+00 0.000000e+00
4.424590e+01 0.000000e+00 0.000000e+00 0.000000e+00 0.000000e+00
4.429128e+01 0.000000e+00 0.000000e+00 0.000000e+00 0.000000e+00
