-5.043999999999999595e+00 0.000000000000000000e+00
-4.980949999999999989e+00 0.000000000000000000e+00
-4.917900000000000382e+00 0.000000000000000000e+00
-4.854849999999999888e+00 0.000000000000000000e+00
-4.791800000000000281e+00 0.000000000000000000e+00
-4.728749999999999787e+00 0.000000000000000000e+00
-4.665700000000000180e+00 0.000000000000000000e+00
-4.602649999999999686e+00 0.000000000000000000e+00
-4.539600000000000080e+00 0.000000000000000000e+00
-4.476549999999999585e+00 0.000000000000000000e+00
-4.413499999999999979e+00 0.000000000000000000e+00
-4.350450000000000372e+00 0.000000000000000000e+00
-4.287399999999999878e+00 0.000000000000000000e+00
-4.224350000000000271e+00 0.000000000000000000e+00
-4.161299999999999777e+00 0.000000000000000000e+00
-4.098250000000000171e+00 0.000000000000000000e+00
-4.035199999999999676e+00 0.000000000000000000e+00
-3.972150000000000070e+00 0.000000000000000000e+00
-3.909100000000000019e+00 0.000000000000000000e+00
-3.846049999999999969e+00 0.000000000000000000e+00
-3.782999999999999918e+00 0.000000000000000000e+00
-3.719949999999999868e+00 0.000000000000000000e+00
-3.656899999999999817e+00 0.000000000000000000e+00
-3.593850000000000211e+00 0.000000000000000000e+00
-3.530800000000000161e+00 0.000000000000000000e+00
-3.467750000000000110e+00 0.000000000000000000e+00
-3.404700000000000060e+00 0.000000000000000000e+00
-3.341650000000000009e+00 0.000000000000000000e+00
-3.278599999999999959e+00 0.000000000000000000e+00
-3.215549999999999908e+00 0.000000000000000000e+00
-3.152499999999999858e+00 0.000000000000000000e+00
-3.089449999999999807e+00 0.000000000000000000e+00
-3.026400000000000201e+00 0.000000000000000000e+00
-2.963350000000000151e+00 0.000000000000000000e+00
-2.900300000000000100e+00 0.000000000000000000e+00
-2.837250000000000050e+00 0.000000000000000000e+00
-2.774199999999999999e+00 0.000000000000000000e+00
-2.711149999999999949e+00 0.000000000000000000e+00
-2.648099999999999898e+00 0.000000000000000000e+00
-2.585049999999999848e+00 0.000000000000000000e+00
-2.521999999999999797e+00 0.000000000000000000e+00
-2.458950000000000191e+00 0.000000000000000000e+00
-2.395900000000000141e+00 2.198218999999999893e-08
-2.332850000000000090e+00 5.580950000000000089e-08
-2.269800000000000040e+00 1.382149000000000050e-07
-2.206749999999999989e+00 3.338962000000000249e-07
-2.143699999999999939e+00 7.868242000000000424e-07
-2.080649999999999888e+00 1.808645999999999929e-06
-2.017599999999999838e+00 4.055450999999999671e-06
-1.954550000000000010e+00 8.870219000000000530e-06
-1.891499999999999959e+00 1.892514999999999955e-05
-1.828449999999999909e+00 3.938707999999999966e-05
-1.765400000000000080e+00 7.996097000000000025e-05
-1.702350000000000030e+00 1.583478000000000088e-04
-1.639299999999999979e+00 3.058832000000000261e-04
-1.576249999999999929e+00 5.763800000000000347e-04
-1.513200000000000101e+00 1.059428999999999970e-03
-1.450150000000000050e+00 1.899522999999999967e-03
-1.387100000000000000e+00 3.322208000000000105e-03
-1.324049999999999949e+00 5.667855000000000289e-03
-1.260999999999999899e+00 9.432361000000000217e-03
-1.197950000000000070e+00 1.531198999999999928e-02
-1.134900000000000020e+00 2.424669999999999950e-02
-1.071849999999999969e+00 3.745272000000000184e-02
-1.008799999999999919e+00 5.643178000000000083e-02
-9.457499999999999796e-01 8.294187000000000087e-02
-8.827000000000000401e-01 1.189140999999999948e-01
-8.196499999999999897e-01 1.663041000000000103e-01
-7.566000000000000503e-01 2.268725000000000047e-01
-6.935499999999999998e-01 3.019052999999999876e-01
-6.304999999999999494e-01 3.918943999999999761e-01
-5.674500000000000099e-01 4.962232999999999783e-01
-5.043999999999999595e-01 6.129075000000000495e-01
-4.413500000000000201e-01 7.384522000000000030e-01
-3.783000000000000251e-01 8.678795999999999733e-01
-3.152499999999999747e-01 9.949615000000000542e-01
-2.521999999999999797e-01 1.112660999999999900e+00
-1.891500000000000126e-01 1.213748999999999967e+00
-1.260999999999999899e-01 1.291530999999999985e+00
-6.304999999999999494e-02 1.340572000000000097e+00
0.000000000000000000e+00 1.357329999999999925e+00
6.304999999999999494e-02 1.340572000000000097e+00
1.260999999999999899e-01 1.291530999999999985e+00
1.891500000000000126e-01 1.213748999999999967e+00
2.521999999999999797e-01 1.112660999999999900e+00
3.152499999999999747e-01 9.949615000000000542e-01
3.783000000000000251e-01 8.678797000000000317e-01
4.413500000000000201e-01 7.384522999999999504e-01
5.043999999999999595e-01 6.129078000000000026e-01
5.674500000000000099e-01 4.962238999999999955e-01
6.304999999999999494e-01 3.918953000000000020e-01
6.935499999999999998e-01 3.019066999999999723e-01
7.566000000000000503e-01 2.268748999999999905e-01
8.196499999999999897e-01 1.663078000000000056e-01
8.827000000000000401e-01 1.189199999999999979e-01
9.457499999999999796e-01 8.295081999999999456e-02
1.008799999999999919e+00 5.644538000000000333e-02
1.071849999999999969e+00 3.747310000000000224e-02
1.134900000000000020e+00 2.427682999999999924e-02
1.197950000000000070e+00 1.535593000000000027e-02
1.260999999999999899e+00 9.495616000000000126e-03
1.324049999999999949e+00 5.757713000000000240e-03
1.387100000000000000e+00 3.448165999999999905e-03
1.450150000000000050e+00 2.073736000000000069e-03
1.513200000000000101e+00 1.297161999999999924e-03
1.576249999999999929e+00 8.964303999999999545e-04
1.639299999999999979e+00 7.309483999999999556e-04
1.702350000000000030e+00 7.152814000000000394e-04
1.765400000000000080e+00 7.998906999999999545e-04
1.828449999999999909e+00 9.576616000000000468e-04
1.891499999999999959e+00 1.174876000000000045e-03
1.954550000000000010e+00 1.445396000000000051e-03
2.017599999999999838e+00 1.767050000000000044e-03
2.080649999999999888e+00 2.139489999999999968e-03
2.143699999999999939e+00 2.562973000000000074e-03
2.206749999999999989e+00 3.037749000000000178e-03
2.269800000000000040e+00 3.563797000000000059e-03
2.332850000000000090e+00 4.140778999999999814e-03
2.395900000000000141e+00 4.768094999999999972e-03
2.458950000000000191e+00 5.444960999999999898e-03
2.521999999999999797e+00 6.170509999999999710e-03
2.585049999999999848e+00 6.943704999999999669e-03
2.648099999999999898e+00 7.763291999999999762e-03
2.711149999999999949e+00 8.627575000000000174e-03
2.774199999999999999e+00 9.534110999999999628e-03
2.837250000000000050e+00 1.047936000000000006e-02
2.900300000000000100e+00 1.145831999999999927e-02
2.963350000000000151e+00 1.246420999999999987e-02
3.026400000000000201e+00 1.348828000000000006e-02
3.089449999999999807e+00 1.451973999999999973e-02
3.152499999999999858e+00 1.554596999999999923e-02
3.215549999999999908e+00 1.655289000000000066e-02
3.278599999999999959e+00 1.752559000000000061e-02
3.341650000000000009e+00 1.844905999999999976e-02
3.404700000000000060e+00 1.930911999999999906e-02
3.467750000000000110e+00 2.009332999999999952e-02
3.530800000000000161e+00 2.079177000000000108e-02
3.593850000000000211e+00 2.139780000000000154e-02
3.656899999999999817e+00 2.190844000000000125e-02
3.719949999999999868e+00 2.232458999999999832e-02
3.782999999999999918e+00 2.265087000000000003e-02
3.846049999999999969e+00 2.289516999999999941e-02
3.909100000000000019e+00 2.306804000000000146e-02
3.972150000000000070e+00 2.318177999999999905e-02
4.035199999999999676e+00 2.324957000000000065e-02
4.098250000000000171e+00 2.328449999999999964e-02
4.161299999999999777e+00 2.329875000000000002e-02
4.224350000000000271e+00 2.330292000000000127e-02
4.287399999999999878e+00 2.330555000000000127e-02
4.350450000000000372e+00 2.331288999999999931e-02
4.413499999999999979e+00 2.332885999999999987e-02
4.476549999999999585e+00 2.335521999999999945e-02
4.539600000000000080e+00 2.339186999999999864e-02
4.602649999999999686e+00 2.343726999999999963e-02
4.665700000000000180e+00 2.348890000000000006e-02
4.728749999999999787e+00 2.354374000000000050e-02
4.791800000000000281e+00 2.359873999999999999e-02
4.854849999999999888e+00 2.365126000000000034e-02
4.917900000000000382e+00 2.369945000000000038e-02
4.980949999999999989e+00 2.374253999999999948e-02
5.043999999999999595e+00 2.378107999999999958e-02
5.107050000000000090e+00 2.381704999999999933e-02
5.170099999999999696e+00 2.385392999999999888e-02
5.233150000000000190e+00 2.389654999999999904e-02
5.296199999999999797e+00 2.395090000000000066e-02
5.359250000000000291e+00 2.402378000000000152e-02
5.422299999999999898e+00 2.412227000000000121e-02
5.485350000000000392e+00 2.425321000000000074e-02
5.548399999999999999e+00 2.442240000000000036e-02
5.611449999999999605e+00 2.463390000000000024e-02
5.674500000000000099e+00 2.488922999999999830e-02
5.737549999999999706e+00 2.518669999999999937e-02
5.800600000000000200e+00 2.552085000000000117e-02
5.863649999999999807e+00 2.588220999999999924e-02
5.926700000000000301e+00 2.625732000000000066e-02
5.989749999999999908e+00 2.662921000000000038e-02
6.052800000000000402e+00 2.697822000000000067e-02
6.115850000000000009e+00 2.728320000000000051e-02
6.178899999999999615e+00 2.752295000000000089e-02
6.241950000000000109e+00 2.767779999999999893e-02
6.304999999999999716e+00 2.773105000000000014e-02
6.368050000000000210e+00 2.767023000000000052e-02
6.431099999999999817e+00 2.748791000000000082e-02
6.494150000000000311e+00 2.718210999999999891e-02
6.557199999999999918e+00 2.675608999999999973e-02
6.620250000000000412e+00 2.621781999999999932e-02
6.683300000000000018e+00 2.557894999999999960e-02
6.746349999999999625e+00 2.485375999999999905e-02
6.809400000000000119e+00 2.405788999999999844e-02
6.872449999999999726e+00 2.320732000000000003e-02
6.935500000000000220e+00 2.231746999999999898e-02
6.998549999999999827e+00 2.140260999999999900e-02
7.061600000000000321e+00 2.047556000000000029e-02
7.124649999999999928e+00 1.954755999999999855e-02
7.187700000000000422e+00 1.862841000000000150e-02
7.250750000000000028e+00 1.772666000000000172e-02
7.313799999999999635e+00 1.684988000000000111e-02
7.376850000000000129e+00 1.600487999999999911e-02
7.439899999999999736e+00 1.519795000000000000e-02
7.502950000000000230e+00 1.443497000000000009e-02
7.565999999999999837e+00 1.372148999999999938e-02
7.629050000000000331e+00 1.306273999999999977e-02
7.692099999999999937e+00 1.246372999999999925e-02
7.755150000000000432e+00 1.192931000000000026e-02
7.818200000000000038e+00 1.146440999999999953e-02
7.881249999999999645e+00 1.107453000000000083e-02
7.944300000000000139e+00 1.076642000000000050e-02
8.007350000000000634e+00 1.054918999999999996e-02
8.070399999999999352e+00 1.043566999999999932e-02
8.133449999999999847e+00 1.044408999999999962e-02
8.196500000000000341e+00 1.059987000000000082e-02
8.259550000000000836e+00 1.093732000000000038e-02
8.322599999999999554e+00 1.150075000000000056e-02
8.385650000000000048e+00 1.234485999999999917e-02
8.448700000000000543e+00 1.353356999999999997e-02
8.511749999999999261e+00 1.513719000000000002e-02
8.574799999999999756e+00 1.722755000000000120e-02
8.637850000000000250e+00 1.987111000000000086e-02
8.700900000000000745e+00 2.312039999999999929e-02
8.763949999999999463e+00 2.700467000000000145e-02
8.826999999999999957e+00 3.152082999999999968e-02
8.890050000000000452e+00 3.662619999999999765e-02
8.953099999999999170e+00 4.223452999999999929e-02
9.016149999999999665e+00 4.821658999999999667e-02
9.079200000000000159e+00 5.440604999999999747e-02
9.142250000000000654e+00 6.061056000000000082e-02
9.205299999999999372e+00 6.662698999999999705e-02
9.268349999999999866e+00 7.225913000000000475e-02
9.331400000000000361e+00 7.733502000000000431e-02
9.394450000000000855e+00 8.172156999999999338e-02
9.457499999999999574e+00 8.533390999999999893e-02
9.520550000000000068e+00 8.813801999999999748e-02
9.583600000000000563e+00 9.014639000000000679e-02
9.646649999999999281e+00 9.140768000000000504e-02
9.709699999999999775e+00 9.199245000000000339e-02
9.772750000000000270e+00 9.197789000000000659e-02
9.835800000000000765e+00 9.143436000000000619e-02
9.898849999999999483e+00 9.041609000000000451e-02
9.961899999999999977e+00 8.895751000000000352e-02
1.002495000000000047e+01 8.707512000000000585e-02
1.008799999999999919e+01 8.477397999999999878e-02
1.015104999999999968e+01 8.205676000000000636e-02
1.021410000000000018e+01 7.893308999999999742e-02
1.027715000000000067e+01 7.542703000000000602e-02
1.034019999999999939e+01 7.158122999999999569e-02
1.040324999999999989e+01 6.745710000000000595e-02
1.046630000000000038e+01 6.313137000000000609e-02
1.052935000000000088e+01 5.869003999999999888e-02
1.059239999999999959e+01 5.422119000000000244e-02
1.065545000000000009e+01 4.980791999999999858e-02
1.071850000000000058e+01 4.552280000000000215e-02
1.078154999999999930e+01 4.142424000000000106e-02
1.084459999999999980e+01 3.755514000000000074e-02
1.090765000000000029e+01 3.394330000000000264e-02
1.097070000000000078e+01 3.060329999999999995e-02
1.103374999999999950e+01 2.753906000000000062e-02
1.109680000000000000e+01 2.474660999999999875e-02
1.115985000000000049e+01 2.221682999999999991e-02
1.122289999999999921e+01 1.993779999999999858e-02
1.128594999999999970e+01 1.789701000000000139e-02
1.134900000000000020e+01 1.608321999999999877e-02
1.141205000000000069e+01 1.448822999999999951e-02
1.147509999999999941e+01 1.310842000000000084e-02
1.153814999999999991e+01 1.194604999999999972e-02
1.160120000000000040e+01 1.101005000000000039e-02
1.166424999999999912e+01 1.031618999999999939e-02
1.172729999999999961e+01 9.886308999999999375e-03
1.179035000000000011e+01 9.746497999999999273e-03
1.185340000000000060e+01 9.924241999999999786e-03
1.191644999999999932e+01 1.044456000000000030e-02
1.197949999999999982e+01 1.132550000000000050e-02
1.204255000000000031e+01 1.257362000000000063e-02
1.210560000000000080e+01 1.417987000000000067e-02
1.216864999999999952e+01 1.611699000000000118e-02
1.223170000000000002e+01 1.833873999999999921e-02
1.229475000000000051e+01 2.078170000000000017e-02
1.235779999999999923e+01 2.336954000000000115e-02
1.242084999999999972e+01 2.601952000000000084e-02
1.248390000000000022e+01 2.865028000000000019e-02
1.254695000000000071e+01 3.118976999999999861e-02
1.260999999999999943e+01 3.358188000000000145e-02
1.267304999999999993e+01 3.579054999999999737e-02
1.273610000000000042e+01 3.780046000000000100e-02
1.279914999999999914e+01 3.961407000000000123e-02
1.286219999999999963e+01 4.124552000000000079e-02
1.292525000000000013e+01 4.271254000000000023e-02
1.298830000000000062e+01 4.402794000000000152e-02
1.305134999999999934e+01 4.519245999999999680e-02
1.311439999999999984e+01 4.619051999999999880e-02
1.317745000000000033e+01 4.698965000000000086e-02
1.324050000000000082e+01 4.754391000000000173e-02
1.330354999999999954e+01 4.780057000000000056e-02
1.336660000000000004e+01 4.770884999999999709e-02
1.342965000000000053e+01 4.722901000000000182e-02
1.349269999999999925e+01 4.634019000000000332e-02
1.355574999999999974e+01 4.504553000000000029e-02
1.361880000000000024e+01 4.337387000000000187e-02
1.368185000000000073e+01 4.137781000000000098e-02
1.374489999999999945e+01 3.912859999999999949e-02
1.380794999999999995e+01 3.670899999999999858e-02
1.387100000000000044e+01 3.420514000000000193e-02
1.393404999999999916e+01 3.169885000000000064e-02
1.399709999999999965e+01 2.926130999999999871e-02
1.406015000000000015e+01 2.694884999999999989e-02
1.412320000000000064e+01 2.480096999999999857e-02
1.418624999999999936e+01 2.284051000000000137e-02
1.424929999999999986e+01 2.107554999999999845e-02
1.431235000000000035e+01 1.950228999999999852e-02
1.437540000000000084e+01 1.810842000000000007e-02
1.443844999999999956e+01 1.687634999999999830e-02
1.450150000000000006e+01 1.578598999999999974e-02
1.456455000000000055e+01 1.481682999999999958e-02
1.462759999999999927e+01 1.394935999999999919e-02
1.469064999999999976e+01 1.316585999999999972e-02
1.475370000000000026e+01 1.245079999999999971e-02
1.481675000000000075e+01 1.179091999999999987e-02
1.487979999999999947e+01 1.117522999999999954e-02
1.494284999999999997e+01 1.059494000000000061e-02
1.500590000000000046e+01 1.004339999999999920e-02
1.506894999999999918e+01 9.516010000000000094e-03
1.513199999999999967e+01 9.010133000000000031e-03
1.519505000000000017e+01 8.524914999999999229e-03
1.525810000000000066e+01 8.061033999999999908e-03
1.532114999999999938e+01 7.620359999999999634e-03
1.538419999999999987e+01 7.205549999999999802e-03
1.544725000000000037e+01 6.819615000000000225e-03
1.551030000000000086e+01 6.465499999999999893e-03
1.557334999999999958e+01 6.145728999999999949e-03
1.563640000000000008e+01 5.862145000000000029e-03
1.569945000000000057e+01 5.615756999999999867e-03
1.576249999999999929e+01 5.406713999999999964e-03
1.582554999999999978e+01 5.234378999999999942e-03
1.588860000000000028e+01 5.097474000000000276e-03
1.595165000000000077e+01 4.994272999999999595e-03
1.601470000000000127e+01 4.922801000000000086e-03
1.607775000000000176e+01 4.881013000000000018e-03
1.614079999999999870e+01 4.866935999999999658e-03
1.620384999999999920e+01 4.878763999999999844e-03
1.626689999999999969e+01 4.914906000000000136e-03
1.632995000000000019e+01 4.973998000000000308e-03
1.639300000000000068e+01 5.054892000000000066e-03
1.645605000000000118e+01 5.156631000000000062e-03
1.651910000000000167e+01 5.278427999999999939e-03
1.658214999999999861e+01 5.419644999999999845e-03
1.664519999999999911e+01 5.579785000000000300e-03
1.670824999999999960e+01 5.758489999999999789e-03
1.677130000000000010e+01 5.955524999999999708e-03
1.683435000000000059e+01 6.170766999999999745e-03
1.689740000000000109e+01 6.404158000000000073e-03
1.696045000000000158e+01 6.655636999999999838e-03
1.702349999999999852e+01 6.925042999999999650e-03
1.708654999999999902e+01 7.211984999999999750e-03
1.714959999999999951e+01 7.515703999999999788e-03
1.721265000000000001e+01 7.834933999999999996e-03
1.727570000000000050e+01 8.167795999999999737e-03
1.733875000000000099e+01 8.511736000000000649e-03
1.740180000000000149e+01 8.863543999999999243e-03
1.746484999999999843e+01 9.219447000000000406e-03
1.752789999999999893e+01 9.575277999999999567e-03
1.759094999999999942e+01 9.926713999999999677e-03
1.765399999999999991e+01 1.026952000000000073e-02
1.771705000000000041e+01 1.059981999999999938e-02
1.778010000000000090e+01 1.091424000000000040e-02
1.784315000000000140e+01 1.121007000000000080e-02
1.790619999999999834e+01 1.148524000000000073e-02
1.796924999999999883e+01 1.173824000000000048e-02
1.803229999999999933e+01 1.196799999999999947e-02
1.809534999999999982e+01 1.217367999999999922e-02
1.815840000000000032e+01 1.235455000000000060e-02
1.822145000000000081e+01 1.250988999999999920e-02
1.828450000000000131e+01 1.263898999999999925e-02
1.834754999999999825e+01 1.274126000000000078e-02
1.841059999999999874e+01 1.281637000000000054e-02
1.847364999999999924e+01 1.286450999999999914e-02
1.853669999999999973e+01 1.288653000000000021e-02
1.859975000000000023e+01 1.288406999999999920e-02
1.866280000000000072e+01 1.285962000000000043e-02
1.872585000000000122e+01 1.281634000000000072e-02
1.878890000000000171e+01 1.275786999999999928e-02
1.885194999999999865e+01 1.268796999999999980e-02
1.891499999999999915e+01 1.261017000000000041e-02
1.897804999999999964e+01 1.252732999999999972e-02
1.904110000000000014e+01 1.244138000000000015e-02
1.910415000000000063e+01 1.235306000000000078e-02
1.916720000000000113e+01 1.226187999999999931e-02
1.923025000000000162e+01 1.216614000000000063e-02
1.929329999999999856e+01 1.206322999999999944e-02
1.935634999999999906e+01 1.194990999999999935e-02
1.941939999999999955e+01 1.182285999999999927e-02
1.948245000000000005e+01 1.167907999999999967e-02
1.954550000000000054e+01 1.151645999999999920e-02
1.960855000000000103e+01 1.133414999999999943e-02
1.967160000000000153e+01 1.113290999999999933e-02
1.973464999999999847e+01 1.091515000000000020e-02
1.979769999999999897e+01 1.068496000000000029e-02
1.986074999999999946e+01 1.044783999999999990e-02
1.992379999999999995e+01 1.021026000000000052e-02
1.998685000000000045e+01 9.979234000000000021e-03
2.004990000000000094e+01 9.761749999999999594e-03
2.011295000000000144e+01 9.564279999999999657e-03
2.017599999999999838e+01 9.392388999999999252e-03
2.023904999999999887e+01 9.250480000000000161e-03
2.030209999999999937e+01 9.141694000000000556e-03
2.036514999999999986e+01 9.067962000000000591e-03
2.042820000000000036e+01 9.030170000000000557e-03
2.049125000000000085e+01 9.028387000000000565e-03
2.055430000000000135e+01 9.062093999999999705e-03
2.061734999999999829e+01 9.130376000000000811e-03
2.068039999999999878e+01 9.232015999999999140e-03
2.074344999999999928e+01 9.365497000000000405e-03
2.080649999999999977e+01 9.528896000000000241e-03
2.086955000000000027e+01 9.719708999999999988e-03
2.093260000000000076e+01 9.934638000000000843e-03
2.099565000000000126e+01 1.016939000000000037e-02
2.105870000000000175e+01 1.041853000000000050e-02
2.112174999999999869e+01 1.067543999999999958e-02
2.118479999999999919e+01 1.093244999999999981e-02
2.124784999999999968e+01 1.118100999999999991e-02
2.131090000000000018e+01 1.141214999999999938e-02
2.137395000000000067e+01 1.161694999999999915e-02
2.143700000000000117e+01 1.178718999999999947e-02
2.150005000000000166e+01 1.191593999999999987e-02
2.156309999999999860e+01 1.199816000000000077e-02
2.162614999999999910e+01 1.203118000000000069e-02
2.168919999999999959e+01 1.201499999999999964e-02
2.175225000000000009e+01 1.195229000000000083e-02
2.181530000000000058e+01 1.184827999999999923e-02
2.187835000000000107e+01 1.171023000000000029e-02
2.194140000000000157e+01 1.154681999999999931e-02
2.200444999999999851e+01 1.136737999999999985e-02
2.206749999999999901e+01 1.118106999999999955e-02
2.213054999999999950e+01 1.099607000000000015e-02
2.219359999999999999e+01 1.081899000000000055e-02
2.225665000000000049e+01 1.065437999999999975e-02
2.231970000000000098e+01 1.050453999999999971e-02
2.238275000000000148e+01 1.036947000000000042e-02
2.244579999999999842e+01 1.024717999999999983e-02
2.250884999999999891e+01 1.013404000000000041e-02
2.257189999999999941e+01 1.002539000000000034e-02
2.263494999999999990e+01 9.916084999999999830e-03
2.269800000000000040e+01 9.801212000000000119e-03
2.276105000000000089e+01 9.676591000000000012e-03
2.282410000000000139e+01 9.539255999999999430e-03
2.288714999999999833e+01 9.387750000000000261e-03
2.295019999999999882e+01 9.222238000000000657e-03
2.301324999999999932e+01 9.044447000000000597e-03
2.307629999999999981e+01 8.857425000000000367e-03
2.313935000000000031e+01 8.665167999999999135e-03
2.320240000000000080e+01 8.472159999999999414e-03
2.326545000000000130e+01 8.282868999999999995e-03
2.332849999999999824e+01 8.101275999999999269e-03
2.339154999999999873e+01 7.930466000000000598e-03
2.345459999999999923e+01 7.772344999999999948e-03
2.351764999999999972e+01 7.627496000000000102e-03
2.358070000000000022e+01 7.495199999999999606e-03
2.364375000000000071e+01 7.373605000000000090e-03
2.370680000000000121e+01 7.260026999999999626e-03
2.376985000000000170e+01 7.151346999999999739e-03
2.383289999999999864e+01 7.044459999999999784e-03
2.389594999999999914e+01 6.936714000000000074e-03
2.395899999999999963e+01 6.826310000000000364e-03
2.402205000000000013e+01 6.712601000000000331e-03
2.408510000000000062e+01 6.596270000000000432e-03
2.414815000000000111e+01 6.479350000000000040e-03
2.421120000000000161e+01 6.365108999999999871e-03
2.427424999999999855e+01 6.257776999999999958e-03
2.433729999999999905e+01 6.162156999999999704e-03
2.440034999999999954e+01 6.083166999999999568e-03
2.446340000000000003e+01 6.025336000000000060e-03
2.452645000000000053e+01 5.992327999999999891e-03
2.458950000000000102e+01 5.986547000000000049e-03
2.465255000000000152e+01 6.008844000000000164e-03
2.471559999999999846e+01 6.058382000000000177e-03
2.477864999999999895e+01 6.132641999999999781e-03
2.484169999999999945e+01 6.227576999999999766e-03
2.490474999999999994e+01 6.337864999999999818e-03
2.496780000000000044e+01 6.457245999999999819e-03
2.503085000000000093e+01 6.578885999999999935e-03
2.509390000000000143e+01 6.695752000000000127e-03
2.515694999999999837e+01 6.800968999999999591e-03
2.521999999999999886e+01 6.888163999999999572e-03
2.528304999999999936e+01 6.951793000000000382e-03
2.534609999999999985e+01 6.987461999999999840e-03
2.540915000000000035e+01 6.992224000000000009e-03
2.547220000000000084e+01 6.964866000000000112e-03
2.553525000000000134e+01 6.906136999999999693e-03
2.559829999999999828e+01 6.818896999999999979e-03
2.566134999999999877e+01 6.708150999999999871e-03
2.572439999999999927e+01 6.580922000000000334e-03
2.578744999999999976e+01 6.445946999999999615e-03
2.585050000000000026e+01 6.313168000000000078e-03
2.591355000000000075e+01 6.193037000000000195e-03
2.597660000000000124e+01 6.095648000000000385e-03
2.603965000000000174e+01 6.029763999999999957e-03
2.610269999999999868e+01 6.001809999999999784e-03
2.616574999999999918e+01 6.014962999999999907e-03
2.622879999999999967e+01 6.068447000000000251e-03
2.629185000000000016e+01 6.157170000000000004e-03
2.635490000000000066e+01 6.271824999999999969e-03
2.641795000000000115e+01 6.399483000000000081e-03
2.648100000000000165e+01 6.524699000000000124e-03
2.654404999999999859e+01 6.631007000000000394e-03
2.660709999999999908e+01 6.702658999999999700e-03
2.667014999999999958e+01 6.726354000000000360e-03
2.673320000000000007e+01 6.692731999999999848e-03
2.679625000000000057e+01 6.597396999999999637e-03
2.685930000000000106e+01 6.441335000000000290e-03
2.692235000000000156e+01 6.230651000000000245e-03
2.698539999999999850e+01 5.975699999999999588e-03
2.704844999999999899e+01 5.689750000000000363e-03
2.711149999999999949e+01 5.387397999999999840e-03
2.717454999999999998e+01 5.082973000000000179e-03
2.723760000000000048e+01 4.789144000000000387e-03
2.730065000000000097e+01 4.515894000000000331e-03
2.736370000000000147e+01 4.269944999999999817e-03
2.742674999999999841e+01 4.054646000000000292e-03
2.748979999999999890e+01 3.870263000000000089e-03
2.755284999999999940e+01 3.714558000000000183e-03
2.761589999999999989e+01 3.583540999999999983e-03
2.767895000000000039e+01 3.472264999999999987e-03
2.774200000000000088e+01 3.375555000000000135e-03
2.780505000000000138e+01 3.288609999999999971e-03
2.786809999999999832e+01 3.207418999999999982e-03
2.793114999999999881e+01 3.128993000000000052e-03
2.799419999999999931e+01 3.051424999999999971e-03
2.805724999999999980e+01 2.973808000000000094e-03
2.812030000000000030e+01 2.896053999999999903e-03
2.818335000000000079e+01 2.818658999999999835e-03
2.824640000000000128e+01 2.742459999999999950e-03
2.830944999999999823e+01 2.668409999999999966e-03
2.837249999999999872e+01 2.597401000000000050e-03
2.843554999999999922e+01 2.530150000000000107e-03
2.849859999999999971e+01 2.467139000000000137e-03
2.856165000000000020e+01 2.408620000000000205e-03
2.862470000000000070e+01 2.354655000000000203e-03
2.868775000000000119e+01 2.305184999999999960e-03
2.875080000000000169e+01 2.260097999999999881e-03
2.881384999999999863e+01 2.219303000000000161e-03
2.887689999999999912e+01 2.182771999999999924e-03
2.893994999999999962e+01 2.150569000000000178e-03
2.900300000000000011e+01 2.122847000000000189e-03
2.906605000000000061e+01 2.099830999999999920e-03
2.912910000000000110e+01 2.081786999999999874e-03
2.919215000000000160e+01 2.068987999999999904e-03
2.925519999999999854e+01 2.061682999999999918e-03
2.931824999999999903e+01 2.060085000000000128e-03
2.938129999999999953e+01 2.064364999999999863e-03
2.944435000000000002e+01 2.074658000000000058e-03
2.950740000000000052e+01 2.091084999999999906e-03
2.957045000000000101e+01 2.113769000000000151e-03
2.963350000000000151e+01 2.142841999999999837e-03
2.969654999999999845e+01 2.178445000000000208e-03
2.975959999999999894e+01 2.220712000000000120e-03
2.982264999999999944e+01 2.269727999999999937e-03
2.988569999999999993e+01 2.325489999999999936e-03
2.994875000000000043e+01 2.387855999999999833e-03
3.001180000000000092e+01 2.456499999999999916e-03
3.007485000000000142e+01 2.530876999999999953e-03
3.013789999999999836e+01 2.610215999999999838e-03
3.020094999999999885e+01 2.693520999999999936e-03
3.026399999999999935e+01 2.779600000000000126e-03
3.032704999999999984e+01 2.867113000000000127e-03
3.039010000000000034e+01 2.954627999999999942e-03
3.045315000000000083e+01 3.040694999999999943e-03
3.051620000000000132e+01 3.123916000000000019e-03
3.057924999999999827e+01 3.203019999999999999e-03
3.064229999999999876e+01 3.276932000000000195e-03
3.070534999999999926e+01 3.344833000000000181e-03
3.076839999999999975e+01 3.406211000000000134e-03
3.083145000000000024e+01 3.460888999999999979e-03
3.089450000000000074e+01 3.509038999999999821e-03
3.095755000000000123e+01 3.551164999999999791e-03
3.102060000000000173e+01 3.588062999999999843e-03
3.108364999999999867e+01 3.620758999999999870e-03
3.114669999999999916e+01 3.650422999999999862e-03
3.120974999999999966e+01 3.678270999999999884e-03
3.127280000000000015e+01 3.705466000000000142e-03
3.133585000000000065e+01 3.733021999999999903e-03
3.139890000000000114e+01 3.761731999999999836e-03
3.146195000000000164e+01 3.792120999999999860e-03
3.152499999999999858e+01 3.824433999999999820e-03
3.158804999999999907e+01 3.858653000000000083e-03
3.165109999999999957e+01 3.894546999999999939e-03
3.171415000000000006e+01 3.931739000000000067e-03
3.177720000000000056e+01 3.969780000000000010e-03
3.184025000000000105e+01 4.008214999999999868e-03
3.190330000000000155e+01 4.046636999999999630e-03
3.196634999999999849e+01 4.084710000000000077e-03
3.202940000000000254e+01 4.122167000000000366e-03
3.209244999999999948e+01 4.158778999999999601e-03
3.215550000000000352e+01 4.194309000000000232e-03
3.221855000000000047e+01 4.228458000000000043e-03
3.228159999999999741e+01 4.260812999999999580e-03
3.234465000000000146e+01 4.290821000000000218e-03
3.240769999999999840e+01 4.317788000000000355e-03
3.247075000000000244e+01 4.340904999999999937e-03
3.253379999999999939e+01 4.359308000000000106e-03
3.259685000000000343e+01 4.372146999999999839e-03
3.265990000000000038e+01 4.378662000000000179e-03
3.272294999999999732e+01 4.378242000000000071e-03
3.278600000000000136e+01 4.370459999999999623e-03
3.284904999999999831e+01 4.355068000000000134e-03
3.291210000000000235e+01 4.331975000000000062e-03
3.297514999999999930e+01 4.301198000000000000e-03
3.303820000000000334e+01 4.262807999999999875e-03
3.310125000000000028e+01 4.216898000000000174e-03
3.316429999999999723e+01 4.163573999999999747e-03
3.322735000000000127e+01 4.102975000000000025e-03
3.329039999999999822e+01 4.035323000000000382e-03
3.335345000000000226e+01 3.960988000000000356e-03
3.341649999999999920e+01 3.880545999999999909e-03
3.347955000000000325e+01 3.794816999999999808e-03
3.354260000000000019e+01 3.704872000000000113e-03
3.360564999999999714e+01 3.611994999999999789e-03
3.366870000000000118e+01 3.517624999999999919e-03
3.373174999999999812e+01 3.423265999999999896e-03
3.379480000000000217e+01 3.330399999999999854e-03
3.385784999999999911e+01 3.240414000000000055e-03
3.392090000000000316e+01 3.154545999999999826e-03
3.398395000000000010e+01 3.073867000000000092e-03
3.404699999999999704e+01 2.999276999999999846e-03
3.411005000000000109e+01 2.931525999999999837e-03
3.417309999999999803e+01 2.871238999999999823e-03
3.423615000000000208e+01 2.818937999999999999e-03
3.429919999999999902e+01 2.775046000000000197e-03
3.436225000000000307e+01 2.739882999999999815e-03
3.442530000000000001e+01 2.713641000000000143e-03
3.448834999999999695e+01 2.696350000000000136e-03
3.455140000000000100e+01 2.687839000000000027e-03
3.461444999999999794e+01 2.687690999999999865e-03
3.467750000000000199e+01 2.695206999999999811e-03
3.474054999999999893e+01 2.709385999999999826e-03
3.480360000000000298e+01 2.728908999999999849e-03
3.486664999999999992e+01 2.752156999999999867e-03
3.492969999999999686e+01 2.777243999999999893e-03
3.499275000000000091e+01 2.802088999999999795e-03
3.505579999999999785e+01 2.824506999999999973e-03
3.511885000000000190e+01 2.842326999999999961e-03
3.518189999999999884e+01 2.853534000000000018e-03
3.524495000000000289e+01 2.856396000000000195e-03
3.530799999999999983e+01 2.849599999999999876e-03
3.537104999999999677e+01 2.832334000000000154e-03
3.543410000000000082e+01 2.804347999999999910e-03
3.549714999999999776e+01 2.765941999999999967e-03
3.556020000000000181e+01 2.717923000000000127e-03
3.562324999999999875e+01 2.661498999999999896e-03
3.568630000000000280e+01 2.598158000000000151e-03
3.574934999999999974e+01 2.529530999999999794e-03
3.581239999999999668e+01 2.457266999999999958e-03
3.587545000000000073e+01 2.382929000000000210e-03
3.593849999999999767e+01 2.307922000000000012e-03
3.600155000000000172e+01 2.233459000000000139e-03
3.606459999999999866e+01 2.160547999999999982e-03
3.612765000000000271e+01 2.090003999999999907e-03
3.619069999999999965e+01 2.022466000000000107e-03
3.625374999999999659e+01 1.958417999999999964e-03
3.631680000000000064e+01 1.898203000000000000e-03
3.637984999999999758e+01 1.842038999999999959e-03
3.644290000000000163e+01 1.790017999999999991e-03
3.650594999999999857e+01 1.742124000000000060e-03
3.656900000000000261e+01 1.698237999999999918e-03
3.663204999999999956e+01 1.658154999999999915e-03
3.669509999999999650e+01 1.621613999999999955e-03
3.675815000000000055e+01 1.588313000000000051e-03
3.682119999999999749e+01 1.557943999999999909e-03
3.688425000000000153e+01 1.530204000000000069e-03
3.694729999999999848e+01 1.504820999999999936e-03
3.701035000000000252e+01 1.481551000000000005e-03
3.707339999999999947e+01 1.460181999999999973e-03
3.713645000000000351e+01 1.440527999999999947e-03
3.719950000000000045e+01 1.422419000000000070e-03
3.726254999999999740e+01 1.405692999999999960e-03
3.732560000000000144e+01 1.390182999999999914e-03
3.738864999999999839e+01 1.375721000000000105e-03
3.745170000000000243e+01 1.362132999999999964e-03
3.751474999999999937e+01 1.349249999999999972e-03
3.757780000000000342e+01 1.336911000000000089e-03
3.764085000000000036e+01 1.324981999999999939e-03
3.770389999999999731e+01 1.313359000000000054e-03
3.776695000000000135e+01 1.301985999999999985e-03
3.782999999999999829e+01 1.290860000000000011e-03
3.789305000000000234e+01 1.280033000000000082e-03
3.795609999999999928e+01 1.269617999999999918e-03
3.801915000000000333e+01 1.259780999999999965e-03
3.808220000000000027e+01 1.250735999999999905e-03
3.814524999999999721e+01 1.242737999999999959e-03
3.820830000000000126e+01 1.236071000000000045e-03
3.827134999999999820e+01 1.231034999999999898e-03
3.833440000000000225e+01 1.227938999999999940e-03
3.839744999999999919e+01 1.227086999999999969e-03
3.846050000000000324e+01 1.228768999999999998e-03
3.852355000000000018e+01 1.233254999999999942e-03
3.858659999999999712e+01 1.240781999999999953e-03
3.864965000000000117e+01 1.251549999999999928e-03
3.871269999999999811e+01 1.265704999999999998e-03
3.877575000000000216e+01 1.283328000000000029e-03
3.883879999999999910e+01 1.304416999999999990e-03
3.890185000000000315e+01 1.328865999999999945e-03
3.896490000000000009e+01 1.356444000000000052e-03
3.902794999999999703e+01 1.386780000000000001e-03
3.909100000000000108e+01 1.419354000000000058e-03
3.915404999999999802e+01 1.453494999999999961e-03
3.921710000000000207e+01 1.488399000000000059e-03
3.928014999999999901e+01 1.523159999999999965e-03
3.934320000000000306e+01 1.556812999999999990e-03
3.940625000000000000e+01 1.588390000000000071e-03
3.946929999999999694e+01 1.616982000000000098e-03
3.953235000000000099e+01 1.641796000000000054e-03
3.959539999999999793e+01 1.662208000000000088e-03
3.965845000000000198e+01 1.677792999999999906e-03
3.972149999999999892e+01 1.688349999999999920e-03
3.978455000000000297e+01 1.693892000000000011e-03
3.984759999999999991e+01 1.694631999999999953e-03
3.991064999999999685e+01 1.690941999999999966e-03
3.997370000000000090e+01 1.683311999999999959e-03
4.003674999999999784e+01 1.672297000000000106e-03
4.009980000000000189e+01 1.658476999999999998e-03
4.016284999999999883e+01 1.642407999999999932e-03
4.022590000000000288e+01 1.624601000000000040e-03
4.028894999999999982e+01 1.605496000000000093e-03
4.035199999999999676e+01 1.585452999999999906e-03
4.041505000000000081e+01 1.564749000000000044e-03
4.047809999999999775e+01 1.543583000000000064e-03
4.054115000000000180e+01 1.522081999999999906e-03
4.060419999999999874e+01 1.500307999999999893e-03
4.066725000000000279e+01 1.478273000000000000e-03
4.073029999999999973e+01 1.455948000000000095e-03
4.079334999999999667e+01 1.433285000000000071e-03
4.085640000000000072e+01 1.410231999999999979e-03
4.091944999999999766e+01 1.386759999999999902e-03
4.098250000000000171e+01 1.362888999999999941e-03
4.104554999999999865e+01 1.338713000000000056e-03
4.110860000000000269e+01 1.314419999999999955e-03
4.117164999999999964e+01 1.290307000000000086e-03
4.123469999999999658e+01 1.266781999999999934e-03
4.129775000000000063e+01 1.244344000000000092e-03
4.136079999999999757e+01 1.223563999999999902e-03
4.142385000000000161e+01 1.205034999999999917e-03
4.148689999999999856e+01 1.189329999999999945e-03
4.154995000000000260e+01 1.176947999999999927e-03
4.161299999999999955e+01 1.168268999999999991e-03
4.167604999999999649e+01 1.163521000000000043e-03
4.173910000000000053e+01 1.162760000000000096e-03
4.180214999999999748e+01 1.165872000000000089e-03
4.186520000000000152e+01 1.172592000000000079e-03
4.192824999999999847e+01 1.182537999999999905e-03
4.199130000000000251e+01 1.195249999999999915e-03
4.205434999999999945e+01 1.210237999999999982e-03
4.211740000000000350e+01 1.227023000000000046e-03
4.218045000000000044e+01 1.245173000000000026e-03
4.224349999999999739e+01 1.264324999999999954e-03
4.230655000000000143e+01 1.284196000000000035e-03
4.236959999999999837e+01 1.304594999999999973e-03
4.243265000000000242e+01 1.325409999999999956e-03
4.249569999999999936e+01 1.346610000000000038e-03
4.255875000000000341e+01 1.368227999999999979e-03
4.262180000000000035e+01 1.390352999999999988e-03
4.268484999999999729e+01 1.413107999999999942e-03
4.274790000000000134e+01 1.436633000000000094e-03
4.281094999999999828e+01 1.461052000000000010e-03
4.287400000000000233e+01 1.486445999999999991e-03
4.293704999999999927e+01 1.512813000000000005e-03
4.300010000000000332e+01 1.540043000000000054e-03
4.306315000000000026e+01 1.567891000000000076e-03
4.312619999999999720e+01 1.595973000000000096e-03
4.318925000000000125e+01 1.623770000000000074e-03
4.325229999999999819e+01 1.650664999999999945e-03
4.331535000000000224e+01 1.675976999999999936e-03
4.337839999999999918e+01 1.699027999999999997e-03
4.344145000000000323e+01 1.719197999999999907e-03
4.350450000000000017e+01 1.735992999999999911e-03
4.356754999999999711e+01 1.749090000000000020e-03
4.363060000000000116e+01 1.758381000000000050e-03
4.369364999999999810e+01 1.763990999999999910e-03
4.375670000000000215e+01 1.766282000000000095e-03
4.381974999999999909e+01 1.765831000000000041e-03
4.388280000000000314e+01 1.763393999999999942e-03
4.394585000000000008e+01 1.759853000000000025e-03
4.400889999999999702e+01 1.756156000000000036e-03
4.407195000000000107e+01 1.753241999999999908e-03
4.413499999999999801e+01 1.751982000000000018e-03
4.419805000000000206e+01 1.753112000000000030e-03
4.426109999999999900e+01 1.757193999999999900e-03
4.432415000000000305e+01 1.764581000000000092e-03
4.438719999999999999e+01 1.775412999999999991e-03
4.445024999999999693e+01 1.789619000000000106e-03
4.451330000000000098e+01 1.806944999999999905e-03
4.457634999999999792e+01 1.826982999999999906e-03
4.463940000000000197e+01 1.849205999999999940e-03
4.470244999999999891e+01 1.873007000000000101e-03
4.476550000000000296e+01 1.897725999999999970e-03
4.482854999999999990e+01 1.922679000000000055e-03
4.489159999999999684e+01 1.947172999999999959e-03
4.495465000000000089e+01 1.970523000000000066e-03
4.501769999999999783e+01 1.992067000000000143e-03
4.508075000000000188e+01 2.011178000000000184e-03
4.514379999999999882e+01 2.027283999999999857e-03
4.520685000000000286e+01 2.039887000000000210e-03
4.526989999999999981e+01 2.048588000000000058e-03
4.533294999999999675e+01 2.053104999999999947e-03
4.539600000000000080e+01 2.053294000000000213e-03
4.545904999999999774e+01 2.049159999999999957e-03
4.552210000000000178e+01 2.040861000000000151e-03
4.558514999999999873e+01 2.028703000000000190e-03
4.564820000000000277e+01 2.013127999999999879e-03
4.571124999999999972e+01 1.994699999999999859e-03
4.577429999999999666e+01 1.974084000000000082e-03
4.583735000000000070e+01 1.952030999999999905e-03
4.590039999999999765e+01 1.929361000000000097e-03
4.596345000000000169e+01 1.906951999999999953e-03
4.602649999999999864e+01 1.885720000000000018e-03
4.608955000000000268e+01 1.866601000000000067e-03
4.615259999999999962e+01 1.850517999999999998e-03
4.621564999999999657e+01 1.838341000000000064e-03
4.627870000000000061e+01 1.830835000000000058e-03
4.634174999999999756e+01 1.828600000000000104e-03
4.640480000000000160e+01 1.832014000000000082e-03
4.646784999999999854e+01 1.841172000000000078e-03
4.653090000000000259e+01 1.855850999999999942e-03
4.659394999999999953e+01 1.875486999999999901e-03
4.665699999999999648e+01 1.899183999999999942e-03
4.672005000000000052e+01 1.925751999999999976e-03
4.678309999999999746e+01 1.953766999999999917e-03
4.684615000000000151e+01 1.981667999999999798e-03
4.690919999999999845e+01 2.007857999999999952e-03
4.697225000000000250e+01 2.030824000000000084e-03
4.703529999999999944e+01 2.049245999999999793e-03
4.709835000000000349e+01 2.062094999999999900e-03
4.716140000000000043e+01 2.068704000000000202e-03
4.722444999999999737e+01 2.068803000000000135e-03
4.728750000000000142e+01 2.062518000000000164e-03
4.735054999999999836e+01 2.050334999999999918e-03
4.741360000000000241e+01 2.033016999999999810e-03
4.747664999999999935e+01 2.011517999999999900e-03
4.753970000000000340e+01 1.986869000000000048e-03
4.760275000000000034e+01 1.960079999999999895e-03
4.766579999999999728e+01 1.932047000000000105e-03
4.772885000000000133e+01 1.903493999999999933e-03
4.779189999999999827e+01 1.874940000000000070e-03
4.785495000000000232e+01 1.846697999999999916e-03
4.791799999999999926e+01 1.818897999999999999e-03
4.798105000000000331e+01 1.791534999999999916e-03
4.804410000000000025e+01 1.764521000000000015e-03
4.810714999999999719e+01 1.737744999999999958e-03
4.817020000000000124e+01 1.711115000000000032e-03
4.823324999999999818e+01 1.684593000000000071e-03
4.829630000000000223e+01 1.658210999999999930e-03
4.835934999999999917e+01 1.632062000000000096e-03
4.842240000000000322e+01 1.606281999999999892e-03
4.848545000000000016e+01 1.581008999999999973e-03
4.854849999999999710e+01 1.556356000000000059e-03
4.861155000000000115e+01 1.532364999999999942e-03
4.867459999999999809e+01 1.508987000000000045e-03
4.873765000000000214e+01 1.486073999999999989e-03
4.880069999999999908e+01 1.463387000000000021e-03
4.886375000000000313e+01 1.440620000000000095e-03
4.892680000000000007e+01 1.417443000000000002e-03
4.898984999999999701e+01 1.393551000000000034e-03
4.905290000000000106e+01 1.368707999999999947e-03
4.911594999999999800e+01 1.342791999999999987e-03
4.917900000000000205e+01 1.315818999999999973e-03
4.924204999999999899e+01 1.287954999999999916e-03
4.930510000000000304e+01 1.259509000000000019e-03
4.936814999999999998e+01 1.230907999999999959e-03
4.943119999999999692e+01 1.202656999999999988e-03
4.949425000000000097e+01 1.175295999999999936e-03
4.955729999999999791e+01 1.149349000000000030e-03
4.962035000000000196e+01 1.125279999999999987e-03
4.968339999999999890e+01 1.103452999999999899e-03
4.974645000000000294e+01 1.084104000000000014e-03
4.980949999999999989e+01 1.067325000000000045e-03
4.987254999999999683e+01 1.053059000000000070e-03
4.993560000000000088e+01 1.041108000000000007e-03
4.999864999999999782e+01 1.031154999999999962e-03
5.006170000000000186e+01 1.022789000000000077e-03
5.012474999999999881e+01 1.015545000000000076e-03
5.018780000000000285e+01 1.008940000000000054e-03
5.025084999999999980e+01 1.002520999999999924e-03
5.031389999999999674e+01 9.958980000000000523e-04
5.037695000000000078e+01 9.887782999999999382e-04
5.043999999999999773e+01 9.809887999999999681e-04
5.050305000000000177e+01 9.724831999999999661e-04
5.056609999999999872e+01 9.633368000000000226e-04
5.062915000000000276e+01 9.537277000000000471e-04
5.069219999999999970e+01 9.439074999999999679e-04
5.075524999999999665e+01 9.341663999999999740e-04
5.081830000000000069e+01 9.247987000000000265e-04
5.088134999999999764e+01 9.160718000000000203e-04
5.094440000000000168e+01 9.082044999999999745e-04
5.100744999999999862e+01 9.013550999999999855e-04
5.107050000000000267e+01 8.956201000000000006e-04
5.113354999999999961e+01 8.910402000000000209e-04
5.119659999999999656e+01 8.876103000000000421e-04
5.125965000000000060e+01 8.852906000000000447e-04
5.132269999999999754e+01 8.840147000000000456e-04
5.138575000000000159e+01 8.836929999999999568e-04
5.144879999999999853e+01 8.842127000000000190e-04
5.151185000000000258e+01 8.854339000000000133e-04
5.157489999999999952e+01 8.871870000000000017e-04
5.163794999999999646e+01 8.892725000000000412e-04
5.170100000000000051e+01 8.914663000000000405e-04
5.176404999999999745e+01 8.935320999999999758e-04
5.182710000000000150e+01 8.952390999999999648e-04
5.189014999999999844e+01 8.963838000000000014e-04
5.195320000000000249e+01 8.968113999999999903e-04
5.201624999999999943e+01 8.964331000000000079e-04
5.207930000000000348e+01 8.952358000000000321e-04
5.214235000000000042e+01 8.932811000000000353e-04
5.220539999999999736e+01 8.906928999999999845e-04
5.226845000000000141e+01 8.876354999999999619e-04
5.233149999999999835e+01 8.842852999999999478e-04
5.239455000000000240e+01 8.808003999999999703e-04
5.245759999999999934e+01 8.772933000000000120e-04
5.252065000000000339e+01 8.738125000000000232e-04
5.258370000000000033e+01 8.703351000000000013e-04
5.264674999999999727e+01 8.667726000000000163e-04
5.270980000000000132e+01 8.629882000000000395e-04
5.277284999999999826e+01 8.588244000000000303e-04
5.283590000000000231e+01 8.541334000000000036e-04
5.289894999999999925e+01 8.488071999999999935e-04
5.296200000000000330e+01 8.428010000000000102e-04
5.302505000000000024e+01 8.361462999999999535e-04
5.308809999999999718e+01 8.289519999999999875e-04
5.315115000000000123e+01 8.213934000000000426e-04
5.321419999999999817e+01 8.136928000000000303e-04
5.327725000000000222e+01 8.060943000000000318e-04
5.334029999999999916e+01 7.988382000000000252e-04
5.340335000000000321e+01 7.921389000000000468e-04
5.346640000000000015e+01 7.861692999999999676e-04
5.352944999999999709e+01 7.810535000000000394e-04
5.359250000000000114e+01 7.768662999999999654e-04
5.365554999999999808e+01 7.736410999999999679e-04
5.371860000000000213e+01 7.713807999999999516e-04
5.378164999999999907e+01 7.700718999999999750e-04
5.384470000000000312e+01 7.696991000000000249e-04
5.390775000000000006e+01 7.702577000000000165e-04
5.397079999999999700e+01 7.717628000000000031e-04
5.403385000000000105e+01 7.742540999999999703e-04
5.409689999999999799e+01 7.777936999999999525e-04
5.415995000000000203e+01 7.824587000000000035e-04
5.422299999999999898e+01 7.883261999999999605e-04
5.428605000000000302e+01 7.954538999999999837e-04
5.434909999999999997e+01 8.038582999999999536e-04
5.441214999999999691e+01 8.134932000000000534e-04
5.447520000000000095e+01 8.242338000000000095e-04
5.453824999999999790e+01 8.358687999999999752e-04
5.460130000000000194e+01 8.481022999999999860e-04
5.466434999999999889e+01 8.605681999999999915e-04
5.472740000000000293e+01 8.728537999999999878e-04
5.479044999999999987e+01 8.845297000000000229e-04
5.485349999999999682e+01 8.951840000000000405e-04
5.491655000000000086e+01 9.044542000000000250e-04
5.497959999999999781e+01 9.120544999999999868e-04
5.504265000000000185e+01 9.177963000000000137e-04
5.510569999999999879e+01 9.215996999999999644e-04
5.516875000000000284e+01 9.234974000000000394e-04
5.523179999999999978e+01 9.236304999999999992e-04
5.529484999999999673e+01 9.222368000000000536e-04
5.535790000000000077e+01 9.196338999999999772e-04
5.542094999999999771e+01 9.161949000000000395e-04
5.548400000000000176e+01 9.123195000000000393e-04
5.554704999999999870e+01 9.084008000000000187e-04
5.561010000000000275e+01 9.047881000000000456e-04
5.567314999999999969e+01 9.017521999999999821e-04
5.573619999999999663e+01 8.994531999999999961e-04
5.579925000000000068e+01 8.979193999999999804e-04
5.586229999999999762e+01 8.970373999999999709e-04
5.592535000000000167e+01 8.965594999999999598e-04
5.598839999999999861e+01 8.961267000000000408e-04
5.605145000000000266e+01 8.953060000000000098e-04
5.611449999999999960e+01 8.936373999999999967e-04
5.617754999999999654e+01 8.906844000000000133e-04
5.624060000000000059e+01 8.860795999999999993e-04
5.630364999999999753e+01 8.795602000000000021e-04
5.636670000000000158e+01 8.709879000000000232e-04
5.642974999999999852e+01 8.603508000000000162e-04
5.649280000000000257e+01 8.477489999999999635e-04
5.655584999999999951e+01 8.333674000000000333e-04
5.661889999999999645e+01 8.174423999999999579e-04
5.668195000000000050e+01 8.002271999999999944e-04
5.674499999999999744e+01 7.819640000000000098e-04
5.680805000000000149e+01 7.628653000000000430e-04
5.687109999999999843e+01 7.431061000000000307e-04
5.693415000000000248e+01 7.228258999999999466e-04
5.699719999999999942e+01 7.021379000000000118e-04
5.706025000000000347e+01 6.811392999999999788e-04
5.712330000000000041e+01 6.599209000000000195e-04
5.718634999999999735e+01 6.385708999999999613e-04
5.724940000000000140e+01 6.171732000000000086e-04
5.731244999999999834e+01 5.958015999999999573e-04
5.737550000000000239e+01 5.745104000000000009e-04
5.743854999999999933e+01 5.533276000000000383e-04
5.750160000000000338e+01 5.322515999999999576e-04
5.756465000000000032e+01 5.112543999999999682e-04
5.762769999999999726e+01 4.902926000000000159e-04
5.769075000000000131e+01 4.693227999999999918e-04
5.775379999999999825e+01 4.483204999999999981e-04
5.781685000000000230e+01 4.272987000000000226e-04
5.787989999999999924e+01 4.063205000000000072e-04
5.794295000000000329e+01 3.855058999999999981e-04
5.800600000000000023e+01 3.650287000000000106e-04
5.806904999999999717e+01 2.786837000000000233e-04
