-5.035700000000000287e+00 0.000000000000000000e+00
-4.967649999999999899e+00 0.000000000000000000e+00
-4.899600000000000399e+00 0.000000000000000000e+00
-4.831550000000000011e+00 0.000000000000000000e+00
-4.763499999999999623e+00 0.000000000000000000e+00
-4.695450000000000124e+00 0.000000000000000000e+00
-4.627399999999999736e+00 0.000000000000000000e+00
-4.559350000000000236e+00 0.000000000000000000e+00
-4.491299999999999848e+00 0.000000000000000000e+00
-4.423250000000000348e+00 0.000000000000000000e+00
-4.355199999999999960e+00 0.000000000000000000e+00
-4.287149999999999572e+00 0.000000000000000000e+00
-4.219100000000000072e+00 0.000000000000000000e+00
-4.151049999999999685e+00 0.000000000000000000e+00
-4.083000000000000185e+00 0.000000000000000000e+00
-4.014949999999999797e+00 0.000000000000000000e+00
-3.946899999999999853e+00 0.000000000000000000e+00
-3.878849999999999909e+00 0.000000000000000000e+00
-3.810799999999999965e+00 0.000000000000000000e+00
-3.742750000000000021e+00 0.000000000000000000e+00
-3.674700000000000077e+00 0.000000000000000000e+00
-3.606650000000000134e+00 1.563092000000000045e-08
-3.538600000000000190e+00 3.070963000000000286e-08
-3.470549999999999802e+00 5.956321999999999938e-08
-3.402499999999999858e+00 1.140500000000000055e-07
-3.334449999999999914e+00 2.155887000000000093e-07
-3.266399999999999970e+00 4.023186000000000223e-07
-3.198350000000000026e+00 7.411869999999999519e-07
-3.130300000000000082e+00 1.348027999999999979e-06
-3.062250000000000139e+00 2.420380999999999841e-06
-2.994200000000000195e+00 4.290244000000000390e-06
-2.926149999999999807e+00 7.507473000000000008e-06
-2.858099999999999863e+00 1.296938000000000016e-05
-2.790049999999999919e+00 2.211860999999999930e-05
-2.721999999999999975e+00 3.724004999999999931e-05
-2.653950000000000031e+00 6.189793000000000454e-05
-2.585900000000000087e+00 1.015677000000000067e-04
-2.517850000000000144e+00 1.645313000000000081e-04
-2.449800000000000200e+00 2.631205999999999758e-04
-2.381749999999999812e+00 4.154079999999999774e-04
-2.313699999999999868e+00 6.474531000000000166e-04
-2.245649999999999924e+00 9.962200999999999522e-04
-2.177599999999999980e+00 1.513267999999999905e-03
-2.109550000000000036e+00 2.269288999999999855e-03
-2.041500000000000092e+00 3.359522000000000203e-03
-1.973449999999999926e+00 4.909967000000000324e-03
-1.905399999999999983e+00 7.084237999999999646e-03
-1.837350000000000039e+00 1.009069999999999932e-02
-1.769300000000000095e+00 1.418935999999999982e-02
-1.701249999999999929e+00 1.969782000000000130e-02
-1.633199999999999985e+00 2.699522000000000033e-02
-1.565150000000000041e+00 3.652322000000000207e-02
-1.497100000000000097e+00 4.878257999999999900e-02
-1.429049999999999931e+00 6.432414999999999661e-02
-1.360999999999999988e+00 8.373303999999999470e-02
-1.292950000000000044e+00 1.076051999999999981e-01
-1.224900000000000100e+00 1.365157999999999927e-01
-1.156849999999999934e+00 1.709804000000000046e-01
-1.088799999999999990e+00 2.114089000000000107e-01
-1.020750000000000046e+00 2.580558000000000018e-01
-9.526999999999999913e-01 3.109694000000000069e-01
-8.846500000000000474e-01 3.699432000000000276e-01
-8.165999999999999925e-01 4.344761999999999791e-01
-7.485500000000000487e-01 5.037447000000000452e-01
-6.804999999999999938e-01 5.765919000000000461e-01
-6.124500000000000499e-01 6.515385000000000204e-01
-5.443999999999999950e-01 7.268170999999999937e-01
-4.763499999999999956e-01 8.004307000000000505e-01
-4.082999999999999963e-01 8.702336000000000515e-01
-3.402499999999999969e-01 9.340313999999999561e-01
-2.721999999999999975e-01 9.896932999999999980e-01
-2.041499999999999981e-01 1.035268999999999995e+00
-1.360999999999999988e-01 1.069102999999999914e+00
-6.804999999999999938e-02 1.089931999999999901e+00
0.000000000000000000e+00 1.096964999999999968e+00
6.804999999999999938e-02 1.089931999999999901e+00
1.360999999999999988e-01 1.069104000000000054e+00
2.041499999999999981e-01 1.035271000000000052e+00
2.721999999999999975e-01 9.896956000000000087e-01
3.402499999999999969e-01 9.340348000000000539e-01
4.082999999999999963e-01 8.702385000000000259e-01
4.763499999999999956e-01 8.004377000000000297e-01
5.443999999999999950e-01 7.268269000000000535e-01
6.124500000000000499e-01 6.515520999999999674e-01
6.804999999999999938e-01 5.766107000000000316e-01
7.485500000000000487e-01 5.037703000000000042e-01
8.165999999999999925e-01 4.345107000000000275e-01
8.846500000000000474e-01 3.699893000000000209e-01
9.526999999999999913e-01 3.110304999999999875e-01
1.020750000000000046e+00 2.581360999999999795e-01
1.088799999999999990e+00 2.115133999999999903e-01
1.156849999999999934e+00 1.711151999999999951e-01
1.224900000000000100e+00 1.366882000000000097e-01
1.292950000000000044e+00 1.078236999999999945e-01
1.360999999999999988e+00 8.400778000000000412e-02
1.429049999999999931e+00 6.466663999999999746e-02
1.497100000000000097e+00 4.920599999999999974e-02
1.565150000000000041e+00 3.704247000000000095e-02
1.633199999999999985e+00 2.762695000000000081e-02
1.701249999999999929e+00 2.046040999999999832e-02
1.769300000000000095e+00 1.510292000000000058e-02
1.837350000000000039e+00 1.117697999999999955e-02
1.905399999999999983e+00 8.366508999999999405e-03
1.973449999999999926e+00 6.412883999999999772e-03
2.041500000000000092e+00 5.108909000000000020e-03
2.109550000000000036e+00 4.291895000000000432e-03
2.177599999999999980e+00 3.836483999999999814e-03
2.245649999999999924e+00 3.647754999999999921e-03
2.313699999999999868e+00 3.654970999999999914e-03
2.381749999999999812e+00 3.806129000000000109e-03
2.449800000000000200e+00 4.063396999999999842e-03
2.517850000000000144e+00 4.399390999999999892e-03
2.585900000000000087e+00 4.794243000000000116e-03
2.653950000000000031e+00 5.233345000000000358e-03
2.721999999999999975e+00 5.705654999999999581e-03
2.790049999999999919e+00 6.202474000000000355e-03
2.858099999999999863e+00 6.716576999999999617e-03
2.926149999999999807e+00 7.241639000000000236e-03
2.994200000000000195e+00 7.771857000000000071e-03
3.062250000000000139e+00 8.301753000000000257e-03
3.130300000000000082e+00 8.826076000000000407e-03
3.198350000000000026e+00 9.339795999999999168e-03
3.266399999999999970e+00 9.838156000000000678e-03
3.334449999999999914e+00 1.031674999999999953e-02
3.402499999999999858e+00 1.077164000000000073e-02
3.470549999999999802e+00 1.119943999999999974e-02
3.538600000000000190e+00 1.159740000000000076e-02
3.606650000000000134e+00 1.196352000000000006e-02
3.674700000000000077e+00 1.229654999999999984e-02
3.742750000000000021e+00 1.259603999999999932e-02
3.810799999999999965e+00 1.286229000000000018e-02
3.878849999999999909e+00 1.309629999999999996e-02
3.946899999999999853e+00 1.329971999999999925e-02
4.014949999999999797e+00 1.347469999999999918e-02
4.083000000000000185e+00 1.362379000000000021e-02
4.151049999999999685e+00 1.374982999999999934e-02
4.219100000000000072e+00 1.385578999999999977e-02
4.287149999999999572e+00 1.394465999999999935e-02
4.355199999999999960e+00 1.401937999999999969e-02
4.423250000000000348e+00 1.408272999999999990e-02
4.491299999999999848e+00 1.413727000000000039e-02
4.559350000000000236e+00 1.418533999999999941e-02
4.627399999999999736e+00 1.422902000000000021e-02
4.695450000000000124e+00 1.427018000000000036e-02
4.763499999999999623e+00 1.431046000000000054e-02
4.831550000000000011e+00 1.435134000000000062e-02
4.899600000000000399e+00 1.439413999999999971e-02
4.967649999999999899e+00 1.444006999999999930e-02
5.035700000000000287e+00 1.449022999999999978e-02
5.103749999999999787e+00 1.454557000000000072e-02
5.171800000000000175e+00 1.460695000000000049e-02
5.239849999999999675e+00 1.467499000000000060e-02
5.307900000000000063e+00 1.475008000000000048e-02
5.375949999999999562e+00 1.483226999999999983e-02
5.443999999999999950e+00 1.492122000000000066e-02
5.512050000000000338e+00 1.501606999999999942e-02
5.580099999999999838e+00 1.511541999999999920e-02
5.648150000000000226e+00 1.521727999999999970e-02
5.716199999999999726e+00 1.531899999999999928e-02
5.784250000000000114e+00 1.541735999999999975e-02
5.852299999999999613e+00 1.550857999999999924e-02
5.920350000000000001e+00 1.558843000000000034e-02
5.988400000000000389e+00 1.565236000000000058e-02
6.056449999999999889e+00 1.569568000000000005e-02
6.124500000000000277e+00 1.571370999999999879e-02
6.192549999999999777e+00 1.570204999999999865e-02
6.260600000000000165e+00 1.565667999999999921e-02
6.328649999999999665e+00 1.557426999999999943e-02
6.396700000000000053e+00 1.545221999999999915e-02
6.464750000000000441e+00 1.528889999999999937e-02
6.532799999999999940e+00 1.508365000000000053e-02
6.600850000000000328e+00 1.483687000000000027e-02
6.668899999999999828e+00 1.455003000000000025e-02
6.736950000000000216e+00 1.422556999999999988e-02
6.804999999999999716e+00 1.386687999999999983e-02
6.873050000000000104e+00 1.347817999999999933e-02
6.941099999999999604e+00 1.306438000000000044e-02
7.009149999999999991e+00 1.263097999999999999e-02
7.077200000000000379e+00 1.218393000000000080e-02
7.145249999999999879e+00 1.172955000000000005e-02
7.213300000000000267e+00 1.127444000000000016e-02
7.281349999999999767e+00 1.082545000000000035e-02
7.349400000000000155e+00 1.038966000000000021e-02
7.417449999999999655e+00 9.974434000000000772e-03
7.485500000000000043e+00 9.587452999999999254e-03
7.553550000000000431e+00 9.236842999999999790e-03
7.621599999999999930e+00 8.931280999999999248e-03
7.689650000000000318e+00 8.680125000000000340e-03
7.757699999999999818e+00 8.493531999999999818e-03
7.825750000000000206e+00 8.382545999999999400e-03
7.893799999999999706e+00 8.359135999999999650e-03
7.961850000000000094e+00 8.436156999999999684e-03
8.029899999999999594e+00 8.627208000000000793e-03
8.097950000000000870e+00 8.946371999999999311e-03
8.166000000000000369e+00 9.407820000000000765e-03
8.234049999999999869e+00 1.002526999999999932e-02
8.302099999999999369e+00 1.081133999999999915e-02
8.370150000000000645e+00 1.177670999999999926e-02
8.438200000000000145e+00 1.292931999999999935e-02
8.506249999999999645e+00 1.427347999999999985e-02
8.574299999999999145e+00 1.580896999999999858e-02
8.642350000000000421e+00 1.753033999999999842e-02
8.710399999999999920e+00 1.942636000000000016e-02
8.778449999999999420e+00 2.147962000000000135e-02
8.846500000000000696e+00 2.366659999999999944e-02
8.914550000000000196e+00 2.595789000000000082e-02
8.982599999999999696e+00 2.831888000000000113e-02
9.050649999999999196e+00 3.071064999999999906e-02
9.118700000000000472e+00 3.309126999999999902e-02
9.186749999999999972e+00 3.541713999999999973e-02
9.254799999999999471e+00 3.764453000000000243e-02
9.322850000000000747e+00 3.973113000000000339e-02
9.390900000000000247e+00 4.163747000000000281e-02
9.458949999999999747e+00 4.332822000000000062e-02
9.526999999999999247e+00 4.477317000000000102e-02
9.595050000000000523e+00 4.594804000000000249e-02
9.663100000000000023e+00 4.683491000000000043e-02
9.731149999999999523e+00 4.742239000000000176e-02
9.799200000000000799e+00 4.770554999999999934e-02
9.867250000000000298e+00 4.768561999999999801e-02
9.935299999999999798e+00 4.736951999999999829e-02
1.000334999999999930e+01 4.676932000000000311e-02
1.007140000000000057e+01 4.590160000000000073e-02
1.013945000000000007e+01 4.478681000000000328e-02
1.020749999999999957e+01 4.344860999999999862e-02
1.027555000000000085e+01 4.191320999999999936e-02
1.034360000000000035e+01 4.020876999999999785e-02
1.041164999999999985e+01 3.836474000000000134e-02
1.047969999999999935e+01 3.641127999999999726e-02
1.054775000000000063e+01 3.437870999999999982e-02
1.061580000000000013e+01 3.229689000000000171e-02
1.068384999999999962e+01 3.019472999999999949e-02
1.075189999999999912e+01 2.809976999999999961e-02
1.081995000000000040e+01 2.603770999999999863e-02
1.088799999999999990e+01 2.403216000000000033e-02
1.095604999999999940e+01 2.210441000000000142e-02
1.102410000000000068e+01 2.027334000000000080e-02
1.109215000000000018e+01 1.855539000000000147e-02
1.116019999999999968e+01 1.696465000000000126e-02
1.122824999999999918e+01 1.551298000000000087e-02
1.129630000000000045e+01 1.421019999999999922e-02
1.136434999999999995e+01 1.306426999999999936e-02
1.143239999999999945e+01 1.208141000000000076e-02
1.150045000000000073e+01 1.126627000000000010e-02
1.156850000000000023e+01 1.062193999999999985e-02
1.163654999999999973e+01 1.014997999999999942e-02
1.170459999999999923e+01 9.850268000000000565e-03
1.177265000000000050e+01 9.720964999999999814e-03
1.184070000000000000e+01 9.758289999999999326e-03
1.190874999999999950e+01 9.956388999999999517e-03
1.197680000000000078e+01 1.030720000000000074e-02
1.204485000000000028e+01 1.080038999999999999e-02
1.211289999999999978e+01 1.142334000000000058e-02
1.218094999999999928e+01 1.216126000000000013e-02
1.224900000000000055e+01 1.299739999999999923e-02
1.231705000000000005e+01 1.391331999999999985e-02
1.238509999999999955e+01 1.488924999999999971e-02
1.245315000000000083e+01 1.590454000000000173e-02
1.252120000000000033e+01 1.693808000000000119e-02
1.258924999999999983e+01 1.796876000000000029e-02
1.265729999999999933e+01 1.897586000000000064e-02
1.272535000000000061e+01 1.993945999999999913e-02
1.279340000000000011e+01 2.084075999999999984e-02
1.286144999999999960e+01 2.166231999999999880e-02
1.292950000000000088e+01 2.238837000000000119e-02
1.299755000000000038e+01 2.300498000000000126e-02
1.306559999999999988e+01 2.350025000000000031e-02
1.313364999999999938e+01 2.386455000000000173e-02
1.320170000000000066e+01 2.409067000000000153e-02
1.326975000000000016e+01 2.417402000000000092e-02
1.333779999999999966e+01 2.411280999999999841e-02
1.340584999999999916e+01 2.390816000000000122e-02
1.347390000000000043e+01 2.356414999999999899e-02
1.354194999999999993e+01 2.308781999999999848e-02
1.360999999999999943e+01 2.248899000000000037e-02
1.367805000000000071e+01 2.178002999999999884e-02
1.374610000000000021e+01 2.097546000000000133e-02
1.381414999999999971e+01 2.009145999999999849e-02
1.388219999999999921e+01 1.914528000000000063e-02
1.395025000000000048e+01 1.815463999999999967e-02
1.401829999999999998e+01 1.713707000000000077e-02
1.408634999999999948e+01 1.610926999999999845e-02
1.415440000000000076e+01 1.508665000000000006e-02
1.422245000000000026e+01 1.408281999999999937e-02
1.429049999999999976e+01 1.310930000000000081e-02
1.435854999999999926e+01 1.217531999999999989e-02
1.442660000000000053e+01 1.128783000000000043e-02
1.449465000000000003e+01 1.045148000000000084e-02
1.456269999999999953e+01 9.668902999999999526e-03
1.463075000000000081e+01 8.940896000000000260e-03
1.469880000000000031e+01 8.266772000000000356e-03
1.476684999999999981e+01 7.644681000000000393e-03
1.483489999999999931e+01 7.071950999999999932e-03
1.490295000000000059e+01 6.545399000000000356e-03
1.497100000000000009e+01 6.061615000000000232e-03
1.503904999999999959e+01 5.617183999999999892e-03
1.510710000000000086e+01 5.208871999999999808e-03
1.517515000000000036e+01 4.833747999999999691e-03
1.524319999999999986e+01 4.489260999999999599e-03
1.531124999999999936e+01 4.173271000000000099e-03
1.537930000000000064e+01 3.884045999999999940e-03
1.544735000000000014e+01 3.620233000000000045e-03
1.551539999999999964e+01 3.380806000000000089e-03
1.558344999999999914e+01 3.165002000000000093e-03
1.565150000000000041e+01 2.972264000000000069e-03
1.571954999999999991e+01 2.802170000000000095e-03
1.578759999999999941e+01 2.654383000000000176e-03
1.585565000000000069e+01 2.528597000000000049e-03
1.592370000000000019e+01 2.424503000000000161e-03
1.599174999999999969e+01 2.341761999999999837e-03
1.605979999999999919e+01 2.279984999999999998e-03
1.612784999999999869e+01 2.238726999999999818e-03
1.619590000000000174e+01 2.217488000000000098e-03
1.626395000000000124e+01 2.215710000000000075e-03
1.633200000000000074e+01 2.232785000000000152e-03
1.640005000000000024e+01 2.268064000000000191e-03
1.646809999999999974e+01 2.320856999999999955e-03
1.653614999999999924e+01 2.390437999999999938e-03
1.660419999999999874e+01 2.476044000000000161e-03
1.667224999999999824e+01 2.576868999999999861e-03
1.674030000000000129e+01 2.692059000000000119e-03
1.680835000000000079e+01 2.820701000000000111e-03
1.687640000000000029e+01 2.961807999999999802e-03
1.694444999999999979e+01 3.114309999999999908e-03
1.701249999999999929e+01 3.277038999999999820e-03
1.708054999999999879e+01 3.448718999999999830e-03
1.714859999999999829e+01 3.627959999999999952e-03
1.721665000000000134e+01 3.813257999999999925e-03
1.728470000000000084e+01 4.002992999999999829e-03
1.735275000000000034e+01 4.195446000000000245e-03
1.742079999999999984e+01 4.388808000000000119e-03
1.748884999999999934e+01 4.581209000000000149e-03
1.755689999999999884e+01 4.770739000000000403e-03
1.762494999999999834e+01 4.955486999999999739e-03
1.769300000000000139e+01 5.133569000000000153e-03
1.776105000000000089e+01 5.303170999999999753e-03
1.782910000000000039e+01 5.462584000000000363e-03
1.789714999999999989e+01 5.610239000000000371e-03
1.796519999999999939e+01 5.744741000000000257e-03
1.803324999999999889e+01 5.864898999999999807e-03
1.810129999999999839e+01 5.969752000000000045e-03
1.816935000000000144e+01 6.058583000000000197e-03
1.823740000000000094e+01 6.130932000000000395e-03
1.830545000000000044e+01 6.186602000000000247e-03
1.837349999999999994e+01 6.225651999999999922e-03
1.844154999999999944e+01 6.248389000000000026e-03
1.850959999999999894e+01 6.255344999999999829e-03
1.857764999999999844e+01 6.247253000000000354e-03
1.864570000000000149e+01 6.225014000000000068e-03
1.871375000000000099e+01 6.189665999999999918e-03
1.878180000000000049e+01 6.142342000000000288e-03
1.884984999999999999e+01 6.084235999999999811e-03
1.891789999999999949e+01 6.016566999999999575e-03
1.898594999999999899e+01 5.940553000000000326e-03
1.905399999999999849e+01 5.857389000000000172e-03
1.912205000000000155e+01 5.768230000000000059e-03
1.919010000000000105e+01 5.674191999999999778e-03
1.925815000000000055e+01 5.576356000000000195e-03
1.932620000000000005e+01 5.475777999999999722e-03
1.939424999999999955e+01 5.373512999999999901e-03
1.946229999999999905e+01 5.270630999999999580e-03
1.953034999999999854e+01 5.168245999999999604e-03
1.959840000000000160e+01 5.067531999999999592e-03
1.966645000000000110e+01 4.969732999999999616e-03
1.973450000000000060e+01 4.876176000000000295e-03
1.980255000000000010e+01 4.788256000000000283e-03
1.987059999999999960e+01 4.707427999999999613e-03
1.993864999999999910e+01 4.635170000000000089e-03
2.000669999999999860e+01 4.572950000000000105e-03
2.007475000000000165e+01 4.522179999999999776e-03
2.014280000000000115e+01 4.484158000000000241e-03
2.021085000000000065e+01 4.460017999999999622e-03
2.027890000000000015e+01 4.450668999999999979e-03
2.034694999999999965e+01 4.456747999999999960e-03
2.041499999999999915e+01 4.478567000000000138e-03
2.048304999999999865e+01 4.516079000000000100e-03
2.055110000000000170e+01 4.568848000000000353e-03
2.061915000000000120e+01 4.636030999999999659e-03
2.068720000000000070e+01 4.716380000000000051e-03
2.075525000000000020e+01 4.808246999999999868e-03
2.082329999999999970e+01 4.909618000000000142e-03
2.089134999999999920e+01 5.018146999999999712e-03
2.095939999999999870e+01 5.131219999999999705e-03
2.102745000000000175e+01 5.246022000000000358e-03
2.109550000000000125e+01 5.359619999999999836e-03
2.116355000000000075e+01 5.469054000000000103e-03
2.123160000000000025e+01 5.571437000000000264e-03
2.129964999999999975e+01 5.664050999999999808e-03
2.136769999999999925e+01 5.744443999999999592e-03
2.143574999999999875e+01 5.810514999999999604e-03
2.150379999999999825e+01 5.860587999999999909e-03
2.157185000000000130e+01 5.893462000000000353e-03
2.163990000000000080e+01 5.908441999999999861e-03
2.170795000000000030e+01 5.905348000000000368e-03
2.177599999999999980e+01 5.884491000000000374e-03
2.184404999999999930e+01 5.846635000000000200e-03
2.191209999999999880e+01 5.792926999999999799e-03
2.198014999999999830e+01 5.724828000000000382e-03
2.204820000000000135e+01 5.644012999999999808e-03
2.211625000000000085e+01 5.552289999999999656e-03
2.218430000000000035e+01 5.451506000000000060e-03
2.225234999999999985e+01 5.343472999999999626e-03
2.232039999999999935e+01 5.229901999999999815e-03
2.238844999999999885e+01 5.112356999999999665e-03
2.245649999999999835e+01 4.992227000000000123e-03
2.252455000000000140e+01 4.870718999999999917e-03
2.259260000000000090e+01 4.748859000000000240e-03
2.266065000000000040e+01 4.627514000000000106e-03
2.272869999999999990e+01 4.507418000000000015e-03
2.279674999999999940e+01 4.389200000000000219e-03
2.286479999999999890e+01 4.273411999999999870e-03
2.293284999999999840e+01 4.160556999999999624e-03
2.300090000000000146e+01 4.051100000000000187e-03
2.306895000000000095e+01 3.945480999999999815e-03
2.313700000000000045e+01 3.844115999999999853e-03
2.320504999999999995e+01 3.747388999999999842e-03
2.327309999999999945e+01 3.655643999999999994e-03
2.334114999999999895e+01 3.569174999999999952e-03
2.340919999999999845e+01 3.488212999999999991e-03
2.347725000000000151e+01 3.412922999999999998e-03
2.354530000000000101e+01 3.343399999999999844e-03
2.361335000000000051e+01 3.279682999999999817e-03
2.368140000000000001e+01 3.221758999999999821e-03
2.374944999999999951e+01 3.169587000000000186e-03
2.381749999999999901e+01 3.123119000000000155e-03
2.388554999999999851e+01 3.082314999999999968e-03
2.395360000000000156e+01 3.047166999999999931e-03
2.402165000000000106e+01 3.017703999999999959e-03
2.408970000000000056e+01 2.993996999999999978e-03
2.415775000000000006e+01 2.976152000000000138e-03
2.422579999999999956e+01 2.964290000000000067e-03
2.429384999999999906e+01 2.958515000000000103e-03
2.436189999999999856e+01 2.958886999999999889e-03
2.442995000000000161e+01 2.965373999999999788e-03
2.449800000000000111e+01 2.977819000000000039e-03
2.456605000000000061e+01 2.995900000000000125e-03
2.463410000000000011e+01 3.019107999999999948e-03
2.470214999999999961e+01 3.046732999999999820e-03
2.477019999999999911e+01 3.077861999999999786e-03
2.483824999999999861e+01 3.111404999999999813e-03
2.490630000000000166e+01 3.146128000000000206e-03
2.497435000000000116e+01 3.180703999999999910e-03
2.504240000000000066e+01 3.213781000000000190e-03
2.511045000000000016e+01 3.244055000000000029e-03
2.517849999999999966e+01 3.270343000000000208e-03
2.524654999999999916e+01 3.291660000000000072e-03
2.531459999999999866e+01 3.307280000000000116e-03
2.538265000000000171e+01 3.316781999999999890e-03
2.545070000000000121e+01 3.320076999999999837e-03
2.551875000000000071e+01 3.317409999999999803e-03
2.558680000000000021e+01 3.309338000000000210e-03
2.565484999999999971e+01 3.296672999999999965e-03
2.572289999999999921e+01 3.280414000000000160e-03
2.579094999999999871e+01 3.261650999999999960e-03
2.585900000000000176e+01 3.241462999999999983e-03
2.592705000000000126e+01 3.220812999999999888e-03
2.599510000000000076e+01 3.200444000000000205e-03
2.606315000000000026e+01 3.180801999999999935e-03
2.613119999999999976e+01 3.161974000000000121e-03
2.619924999999999926e+01 3.143659999999999944e-03
2.626729999999999876e+01 3.125184000000000035e-03
2.633534999999999826e+01 3.105531999999999824e-03
2.640340000000000131e+01 3.083431000000000193e-03
2.647145000000000081e+01 3.057448999999999844e-03
2.653950000000000031e+01 3.026114999999999795e-03
2.660754999999999981e+01 2.988044999999999937e-03
2.667559999999999931e+01 2.942062000000000063e-03
2.674364999999999881e+01 2.887301000000000104e-03
2.681169999999999831e+01 2.823288000000000186e-03
2.687975000000000136e+01 2.749987000000000178e-03
2.694780000000000086e+01 2.667811999999999874e-03
2.701585000000000036e+01 2.577597000000000048e-03
2.708389999999999986e+01 2.480546000000000140e-03
2.715194999999999936e+01 2.378144000000000004e-03
2.721999999999999886e+01 2.272062999999999947e-03
2.728804999999999836e+01 2.164048999999999921e-03
2.735610000000000142e+01 2.055826000000000181e-03
2.742415000000000092e+01 1.948997000000000056e-03
2.749220000000000041e+01 1.844970999999999937e-03
2.756024999999999991e+01 1.744913000000000063e-03
2.762829999999999941e+01 1.649716000000000073e-03
2.769634999999999891e+01 1.559992000000000063e-03
2.776439999999999841e+01 1.476090999999999905e-03
2.783245000000000147e+01 1.398132000000000064e-03
2.790050000000000097e+01 1.326045999999999996e-03
2.796855000000000047e+01 1.259619999999999924e-03
2.803659999999999997e+01 1.198548000000000018e-03
2.810464999999999947e+01 1.142477000000000032e-03
2.817269999999999897e+01 1.091037999999999904e-03
2.824074999999999847e+01 1.043885999999999946e-03
2.830880000000000152e+01 1.000709000000000017e-03
2.837685000000000102e+01 9.612483999999999699e-04
2.844490000000000052e+01 9.253015999999999975e-04
2.851295000000000002e+01 8.927194999999999965e-04
2.858099999999999952e+01 8.634031000000000344e-04
2.864904999999999902e+01 8.372956999999999666e-04
2.871709999999999852e+01 8.143741000000000131e-04
2.878515000000000157e+01 7.946402999999999887e-04
2.885320000000000107e+01 7.781138000000000377e-04
2.892125000000000057e+01 7.648244999999999480e-04
2.898930000000000007e+01 7.548071999999999854e-04
2.905734999999999957e+01 7.480972999999999703e-04
2.912539999999999907e+01 7.447264000000000531e-04
2.919344999999999857e+01 7.447194999999999770e-04
2.926150000000000162e+01 7.480914000000000183e-04
2.932955000000000112e+01 7.548436999999999638e-04
2.939760000000000062e+01 7.649615000000000451e-04
2.946565000000000012e+01 7.784095000000000424e-04
2.953369999999999962e+01 7.951285000000000427e-04
2.960174999999999912e+01 8.150310000000000237e-04
2.966979999999999862e+01 8.379977999999999949e-04
2.973785000000000167e+01 8.638746999999999572e-04
2.980590000000000117e+01 8.924698999999999913e-04
2.987395000000000067e+01 9.235525999999999978e-04
2.994200000000000017e+01 9.568534000000000501e-04
3.001004999999999967e+01 9.920661000000000323e-04
3.007809999999999917e+01 1.028852000000000022e-03
3.014614999999999867e+01 1.066845000000000076e-03
3.021420000000000172e+01 1.105663000000000002e-03
3.028225000000000122e+01 1.144913000000000007e-03
3.035030000000000072e+01 1.184205999999999931e-03
3.041835000000000022e+01 1.223169999999999986e-03
3.048639999999999972e+01 1.261460000000000055e-03
3.055444999999999922e+01 1.298770000000000089e-03
3.062249999999999872e+01 1.334848000000000024e-03
3.069055000000000177e+01 1.369498000000000026e-03
3.075860000000000127e+01 1.402592999999999939e-03
3.082665000000000077e+01 1.434069999999999963e-03
3.089470000000000027e+01 1.463937000000000007e-03
3.096274999999999977e+01 1.492264999999999998e-03
3.103079999999999927e+01 1.519177999999999935e-03
3.109884999999999877e+01 1.544851000000000080e-03
3.116689999999999827e+01 1.569489000000000084e-03
3.123495000000000132e+01 1.593320999999999973e-03
3.130300000000000082e+01 1.616578000000000025e-03
3.137105000000000032e+01 1.639489000000000050e-03
3.143909999999999982e+01 1.662260000000000040e-03
3.150714999999999932e+01 1.685066000000000038e-03
3.157519999999999882e+01 1.708043000000000018e-03
3.164324999999999832e+01 1.731279000000000064e-03
3.171130000000000138e+01 1.754810000000000094e-03
3.177935000000000088e+01 1.778618000000000039e-03
3.184740000000000038e+01 1.802631000000000068e-03
3.191544999999999987e+01 1.826720999999999900e-03
3.198349999999999937e+01 1.850712999999999924e-03
3.205154999999999887e+01 1.874384999999999897e-03
3.211959999999999837e+01 1.897475000000000030e-03
3.218764999999999787e+01 1.919686999999999999e-03
3.225569999999999737e+01 1.940696000000000001e-03
3.232374999999999687e+01 1.960161000000000195e-03
3.239180000000000348e+01 1.977726999999999870e-03
3.245985000000000298e+01 1.993038999999999835e-03
3.252790000000000248e+01 2.005746000000000091e-03
3.259595000000000198e+01 2.015513999999999934e-03
3.266400000000000148e+01 2.022036000000000059e-03
3.273205000000000098e+01 2.025037999999999838e-03
3.280010000000000048e+01 2.024288999999999863e-03
3.286814999999999998e+01 2.019608999999999901e-03
3.293619999999999948e+01 2.010875999999999983e-03
3.300424999999999898e+01 1.998035000000000002e-03
3.307229999999999848e+01 1.981095999999999899e-03
3.314034999999999798e+01 1.960143000000000128e-03
3.320839999999999748e+01 1.935335999999999957e-03
3.327644999999999698e+01 1.906904000000000064e-03
3.334449999999999648e+01 1.875149000000000000e-03
3.341255000000000308e+01 1.840438999999999920e-03
3.348060000000000258e+01 1.803202000000000060e-03
3.354865000000000208e+01 1.763917999999999953e-03
3.361670000000000158e+01 1.723109000000000012e-03
3.368475000000000108e+01 1.681325999999999914e-03
3.375280000000000058e+01 1.639138000000000053e-03
3.382085000000000008e+01 1.597118000000000019e-03
3.388889999999999958e+01 1.555828999999999893e-03
3.395694999999999908e+01 1.515805000000000060e-03
3.402499999999999858e+01 1.477543999999999906e-03
3.409304999999999808e+01 1.441489999999999915e-03
3.416109999999999758e+01 1.408020999999999969e-03
3.422914999999999708e+01 1.377435999999999895e-03
3.429719999999999658e+01 1.349949999999999935e-03
3.436525000000000318e+01 1.325683000000000026e-03
3.443330000000000268e+01 1.304655999999999958e-03
3.450135000000000218e+01 1.286786999999999957e-03
3.456940000000000168e+01 1.271898999999999946e-03
3.463745000000000118e+01 1.259714000000000103e-03
3.470550000000000068e+01 1.249869000000000023e-03
3.477355000000000018e+01 1.241925999999999967e-03
3.484159999999999968e+01 1.235383000000000054e-03
3.490964999999999918e+01 1.229695000000000050e-03
3.497769999999999868e+01 1.224295999999999935e-03
3.504574999999999818e+01 1.218612999999999901e-03
3.511379999999999768e+01 1.212098999999999902e-03
3.518184999999999718e+01 1.204245000000000055e-03
3.524989999999999668e+01 1.194607000000000091e-03
3.531795000000000329e+01 1.182817000000000070e-03
3.538600000000000279e+01 1.168603000000000046e-03
3.545405000000000229e+01 1.151794000000000038e-03
3.552210000000000178e+01 1.132325999999999906e-03
3.559015000000000128e+01 1.110239000000000061e-03
3.565820000000000078e+01 1.085671999999999983e-03
3.572625000000000028e+01 1.058855000000000039e-03
3.579429999999999978e+01 1.030092000000000030e-03
3.586234999999999928e+01 9.997444000000000296e-04
3.593039999999999878e+01 9.682156000000000139e-04
3.599844999999999828e+01 9.359295000000000114e-04
3.606649999999999778e+01 9.033140000000000050e-04
3.613454999999999728e+01 8.707841999999999492e-04
3.620259999999999678e+01 8.387276999999999623e-04
3.627065000000000339e+01 8.074939000000000379e-04
3.633870000000000289e+01 7.773851000000000459e-04
3.640675000000000239e+01 7.486510000000000256e-04
3.647480000000000189e+01 7.214866000000000118e-04
3.654285000000000139e+01 6.960325000000000279e-04
3.661090000000000089e+01 6.723767999999999759e-04
3.667895000000000039e+01 6.505598999999999714e-04
3.674699999999999989e+01 6.305794999999999890e-04
3.681504999999999939e+01 6.123968000000000250e-04
3.688309999999999889e+01 5.959434999999999906e-04
3.695114999999999839e+01 5.811278999999999490e-04
3.701919999999999789e+01 5.678417000000000490e-04
3.708724999999999739e+01 5.559656999999999750e-04
3.715529999999999688e+01 5.453755999999999491e-04
3.722335000000000349e+01 5.359466000000000230e-04
3.729140000000000299e+01 5.275577000000000261e-04
3.735945000000000249e+01 5.200959999999999481e-04
3.742750000000000199e+01 5.134592999999999579e-04
3.749555000000000149e+01 5.075597000000000051e-04
3.756360000000000099e+01 5.023249000000000464e-04
3.763165000000000049e+01 4.977007999999999563e-04
3.769969999999999999e+01 4.936524000000000511e-04
3.776774999999999949e+01 4.901642000000000325e-04
3.783579999999999899e+01 4.872405000000000117e-04
3.790384999999999849e+01 4.849044000000000054e-04
3.797189999999999799e+01 4.831966000000000147e-04
3.803994999999999749e+01 4.821727000000000261e-04
3.810799999999999699e+01 4.819005000000000120e-04
3.817604999999999649e+01 4.824561000000000105e-04
3.824410000000000309e+01 4.839199000000000083e-04
3.831215000000000259e+01 4.863711999999999962e-04
3.838020000000000209e+01 4.898834000000000131e-04
3.844825000000000159e+01 4.945182999999999914e-04
3.851630000000000109e+01 5.003212000000000371e-04
3.858435000000000059e+01 5.073153000000000384e-04
3.865240000000000009e+01 5.154973999999999884e-04
3.872044999999999959e+01 5.248342999999999498e-04
3.878849999999999909e+01 5.352596999999999737e-04
3.885654999999999859e+01 5.466734000000000437e-04
3.892459999999999809e+01 5.589402999999999516e-04
3.899264999999999759e+01 5.718931000000000014e-04
3.906069999999999709e+01 5.853348000000000188e-04
3.912874999999999659e+01 5.990435000000000117e-04
3.919680000000000319e+01 6.127793999999999559e-04
3.926485000000000269e+01 6.262909999999999571e-04
3.933290000000000219e+01 6.393246999999999472e-04
3.940095000000000169e+01 6.516322999999999647e-04
3.946900000000000119e+01 6.629805000000000333e-04
3.953705000000000069e+01 6.731582000000000494e-04
3.960510000000000019e+01 6.819839000000000283e-04
3.967314999999999969e+01 6.893112000000000284e-04
3.974119999999999919e+01 6.950322000000000097e-04
3.980924999999999869e+01 6.990794999999999735e-04
3.987729999999999819e+01 7.014261000000000367e-04
3.994534999999999769e+01 7.020830000000000473e-04
4.001339999999999719e+01 7.010960000000000109e-04
4.008144999999999669e+01 6.985404000000000179e-04
4.014950000000000330e+01 6.945154999999999948e-04
4.021755000000000280e+01 6.891388000000000028e-04
4.028560000000000230e+01 6.825400999999999604e-04
4.035365000000000180e+01 6.748560999999999709e-04
4.042170000000000130e+01 6.662267000000000362e-04
4.048975000000000080e+01 6.567911999999999535e-04
4.055780000000000030e+01 6.466869000000000306e-04
4.062584999999999980e+01 6.360485000000000140e-04
4.069389999999999930e+01 6.250077000000000367e-04
4.076194999999999879e+01 6.136953000000000330e-04
4.082999999999999829e+01 6.022418000000000519e-04
4.089804999999999779e+01 5.907796999999999571e-04
4.096609999999999729e+01 5.794443999999999506e-04
4.103414999999999679e+01 5.683751000000000124e-04
4.110220000000000340e+01 5.577146999999999747e-04
4.117025000000000290e+01 5.476088000000000483e-04
4.123830000000000240e+01 5.382034999999999640e-04
4.130635000000000190e+01 5.296427000000000036e-04
4.137440000000000140e+01 5.220643000000000289e-04
4.144245000000000090e+01 5.155960000000000014e-04
4.151050000000000040e+01 5.103514999999999874e-04
4.157854999999999990e+01 5.064263999999999528e-04
4.164659999999999940e+01 5.038951000000000064e-04
4.171464999999999890e+01 5.028081999999999474e-04
4.178269999999999840e+01 5.031916000000000427e-04
4.185074999999999790e+01 5.050464000000000168e-04
4.191879999999999740e+01 5.083502000000000376e-04
4.198684999999999690e+01 5.130592000000000225e-04
4.205490000000000350e+01 5.191116000000000393e-04
4.212295000000000300e+01 5.264307999999999878e-04
4.219100000000000250e+01 5.349298000000000160e-04
4.225905000000000200e+01 5.445142000000000254e-04
4.232710000000000150e+01 5.550858000000000311e-04
4.239515000000000100e+01 5.665445000000000507e-04
4.246320000000000050e+01 5.787901999999999934e-04
4.253125000000000000e+01 5.917230000000000536e-04
4.259929999999999950e+01 6.052428999999999578e-04
4.266734999999999900e+01 6.192488000000000332e-04
4.273539999999999850e+01 6.336370999999999714e-04
4.280344999999999800e+01 6.483002999999999769e-04
4.287149999999999750e+01 6.631255999999999652e-04
4.293954999999999700e+01 6.779948999999999958e-04
4.300759999999999650e+01 6.927850000000000154e-04
4.307565000000000310e+01 7.073693000000000038e-04
4.314370000000000260e+01 7.216212000000000494e-04
4.321175000000000210e+01 7.354174999999999905e-04
4.327980000000000160e+01 7.486441999999999836e-04
4.334785000000000110e+01 7.612015000000000404e-04
4.341590000000000060e+01 7.730101000000000073e-04
4.348395000000000010e+01 7.840161999999999696e-04
4.355199999999999960e+01 7.941957999999999830e-04
4.362004999999999910e+01 8.035581999999999664e-04
4.368809999999999860e+01 8.121467999999999743e-04
4.375614999999999810e+01 8.200381999999999984e-04
4.382419999999999760e+01 8.273389999999999607e-04
4.389224999999999710e+01 8.341807000000000345e-04
4.396029999999999660e+01 8.407125999999999575e-04
4.402835000000000321e+01 8.470933000000000369e-04
4.409640000000000271e+01 8.534808999999999755e-04
4.416445000000000221e+01 8.600240000000000315e-04
4.423250000000000171e+01 8.668518999999999530e-04
4.430055000000000121e+01 8.740666000000000451e-04
4.436860000000000070e+01 8.817357000000000493e-04
4.443665000000000020e+01 8.898878999999999947e-04
4.450469999999999970e+01 8.985103999999999617e-04
4.457274999999999920e+01 9.075481999999999516e-04
4.464079999999999870e+01 9.169068999999999744e-04
4.470884999999999820e+01 9.264562999999999748e-04
4.477689999999999770e+01 9.360371999999999833e-04
4.484494999999999720e+01 9.454688000000000371e-04
4.491299999999999670e+01 9.545576999999999968e-04
4.498105000000000331e+01 9.631077999999999948e-04
4.504910000000000281e+01 9.709299999999999485e-04
4.511715000000000231e+01 9.778518999999999406e-04
4.518520000000000181e+01 9.837266999999998932e-04
4.525325000000000131e+01 9.884417999999998983e-04
4.532130000000000081e+01 9.919245999999999185e-04
4.538935000000000031e+01 9.941483999999999564e-04
4.545739999999999981e+01 9.951346999999999710e-04
4.552544999999999931e+01 9.949545999999999217e-04
4.559349999999999881e+01 9.937273999999999413e-04
4.566154999999999831e+01 9.916169999999999759e-04
4.572959999999999781e+01 9.888263000000000434e-04
4.579764999999999731e+01 9.855892999999999252e-04
4.586569999999999681e+01 9.821611999999999097e-04
4.593375000000000341e+01 9.788074999999998946e-04
4.600180000000000291e+01 9.757915000000000035e-04
4.606985000000000241e+01 9.733615000000000149e-04
4.613790000000000191e+01 9.717379999999999855e-04
4.620595000000000141e+01 9.711017999999999864e-04
4.627400000000000091e+01 9.715834999999999923e-04
4.634205000000000041e+01 9.732548999999999844e-04
4.641009999999999991e+01 9.761238000000000206e-04
4.647814999999999941e+01 9.801309999999999710e-04
4.654619999999999891e+01 9.851522000000000577e-04
4.661424999999999841e+01 9.910019999999999420e-04
4.668229999999999791e+01 9.974426000000000646e-04
4.675034999999999741e+01 1.004195000000000044e-03
4.681839999999999691e+01 1.010950000000000043e-03
4.688645000000000351e+01 1.017389999999999961e-03
4.695450000000000301e+01 1.023196000000000088e-03
4.702255000000000251e+01 1.028066999999999913e-03
4.709060000000000201e+01 1.031735999999999895e-03
4.715865000000000151e+01 1.033976000000000036e-03
4.722670000000000101e+01 1.034612000000000075e-03
4.729475000000000051e+01 1.033526000000000106e-03
4.736280000000000001e+01 1.030656000000000020e-03
4.743084999999999951e+01 1.025997000000000063e-03
4.749889999999999901e+01 1.019595000000000093e-03
4.756694999999999851e+01 1.011540000000000009e-03
4.763499999999999801e+01 1.001956000000000027e-03
4.770304999999999751e+01 9.909949999999999402e-04
4.777109999999999701e+01 9.788241999999999516e-04
4.783914999999999651e+01 9.656178000000000504e-04
4.790720000000000312e+01 9.515488000000000331e-04
4.797525000000000261e+01 9.367824999999999980e-04
4.804330000000000211e+01 9.214708999999999530e-04
4.811135000000000161e+01 9.057495999999999516e-04
4.817940000000000111e+01 8.897352999999999989e-04
4.824745000000000061e+01 8.735248000000000361e-04
4.831550000000000011e+01 8.571957999999999965e-04
4.838354999999999961e+01 8.408076000000000438e-04
4.845159999999999911e+01 8.244031999999999879e-04
4.851964999999999861e+01 8.080116999999999942e-04
4.858769999999999811e+01 7.916511999999999464e-04
4.865574999999999761e+01 7.753317000000000021e-04
4.872379999999999711e+01 7.590585000000000171e-04
4.879184999999999661e+01 7.428356999999999799e-04
4.885990000000000322e+01 7.266691999999999509e-04
4.892795000000000272e+01 7.105698999999999609e-04
4.899600000000000222e+01 6.945563000000000301e-04
4.906405000000000172e+01 6.786560999999999549e-04
4.913210000000000122e+01 6.629076000000000022e-04
4.920015000000000072e+01 6.473596000000000081e-04
4.926820000000000022e+01 6.320707000000000061e-04
4.933624999999999972e+01 6.171071000000000195e-04
4.940429999999999922e+01 6.025400000000000417e-04
4.947234999999999872e+01 5.884417000000000076e-04
4.954039999999999822e+01 5.748821000000000096e-04
4.960844999999999771e+01 5.619242999999999894e-04
4.967649999999999721e+01 5.496210999999999545e-04
4.974454999999999671e+01 5.380114000000000510e-04
4.981260000000000332e+01 5.271184999999999846e-04
4.988065000000000282e+01 5.169486999999999520e-04
4.994870000000000232e+01 5.074917000000000187e-04
5.001675000000000182e+01 4.987214999999999921e-04
5.008480000000000132e+01 4.905992999999999769e-04
5.015285000000000082e+01 4.830764000000000087e-04
5.022090000000000032e+01 4.760984000000000223e-04
5.028894999999999982e+01 4.696087999999999955e-04
5.035699999999999932e+01 4.635532000000000259e-04
5.042504999999999882e+01 4.578827000000000266e-04
5.049309999999999832e+01 4.525562000000000226e-04
5.056114999999999782e+01 4.475424999999999998e-04
5.062919999999999732e+01 4.428206000000000069e-04
5.069724999999999682e+01 4.383797999999999731e-04
5.076530000000000342e+01 4.342177999999999815e-04
5.083335000000000292e+01 4.303396000000000022e-04
5.090140000000000242e+01 4.267540999999999804e-04
5.096945000000000192e+01 4.234722000000000009e-04
5.103750000000000142e+01 4.205030000000000226e-04
5.110555000000000092e+01 4.178523999999999975e-04
5.117360000000000042e+01 4.155200000000000061e-04
5.124164999999999992e+01 4.134979999999999906e-04
5.130969999999999942e+01 4.117704000000000242e-04
5.137774999999999892e+01 4.103123000000000187e-04
5.144579999999999842e+01 4.090909000000000103e-04
5.151384999999999792e+01 4.080659000000000261e-04
5.158189999999999742e+01 4.071917000000000201e-04
5.164994999999999692e+01 4.064186999999999921e-04
5.171800000000000352e+01 4.056958000000000265e-04
5.178605000000000302e+01 4.049718999999999910e-04
5.185410000000000252e+01 4.041984999999999892e-04
5.192215000000000202e+01 4.033311000000000253e-04
5.199020000000000152e+01 4.023303999999999791e-04
5.205825000000000102e+01 4.011633999999999816e-04
5.212630000000000052e+01 3.998041000000000030e-04
5.219435000000000002e+01 3.982330000000000071e-04
5.226239999999999952e+01 3.964376999999999940e-04
5.233044999999999902e+01 3.944117000000000239e-04
5.239849999999999852e+01 3.921544999999999805e-04
5.246654999999999802e+01 3.896703999999999750e-04
5.253459999999999752e+01 3.869683999999999863e-04
5.260264999999999702e+01 3.840618999999999761e-04
5.267069999999999652e+01 3.809684000000000030e-04
5.273875000000000313e+01 3.777097000000000202e-04
5.280680000000000263e+01 3.743118000000000031e-04
5.287485000000000213e+01 3.708056000000000264e-04
5.294290000000000163e+01 3.672263999999999845e-04
5.301095000000000113e+01 3.636146999999999730e-04
5.307900000000000063e+01 3.600157000000000097e-04
5.314705000000000013e+01 3.564786000000000126e-04
5.321509999999999962e+01 3.530566000000000173e-04
5.328314999999999912e+01 3.498051999999999759e-04
5.335119999999999862e+01 3.467815000000000068e-04
5.341924999999999812e+01 3.440426999999999917e-04
5.348729999999999762e+01 3.416445999999999849e-04
5.355534999999999712e+01 3.396402000000000080e-04
5.362339999999999662e+01 3.380780999999999912e-04
5.369145000000000323e+01 3.370013000000000153e-04
5.375950000000000273e+01 3.364458999999999766e-04
5.382755000000000223e+01 3.364398000000000106e-04
5.389560000000000173e+01 3.370016999999999891e-04
5.396365000000000123e+01 3.381400999999999916e-04
5.403170000000000073e+01 3.398523999999999989e-04
5.409975000000000023e+01 3.421244999999999733e-04
5.416779999999999973e+01 3.449298999999999855e-04
5.423584999999999923e+01 3.482296000000000176e-04
5.430389999999999873e+01 3.519722999999999775e-04
5.437194999999999823e+01 3.560952000000000258e-04
5.443999999999999773e+01 3.605244999999999869e-04
5.450804999999999723e+01 3.651780999999999994e-04
5.457609999999999673e+01 3.699667000000000233e-04
5.464415000000000333e+01 3.747973999999999837e-04
5.471220000000000283e+01 3.795766000000000005e-04
5.478025000000000233e+01 3.842132000000000164e-04
5.484830000000000183e+01 3.886222999999999739e-04
5.491635000000000133e+01 3.927275999999999836e-04
5.498440000000000083e+01 3.964649999999999793e-04
5.505245000000000033e+01 3.997835000000000256e-04
5.512049999999999983e+01 4.026467999999999953e-04
5.518854999999999933e+01 4.050328999999999757e-04
5.525659999999999883e+01 4.069332000000000157e-04
5.532464999999999833e+01 4.083504000000000062e-04
5.539269999999999783e+01 4.092957000000000257e-04
5.546074999999999733e+01 4.097853999999999950e-04
5.552879999999999683e+01 4.098374000000000006e-04
5.559685000000000343e+01 4.094675999999999893e-04
5.566490000000000293e+01 4.086868999999999919e-04
5.573295000000000243e+01 4.074985999999999951e-04
5.580100000000000193e+01 4.058972000000000209e-04
5.586905000000000143e+01 4.038677999999999756e-04
5.593710000000000093e+01 4.013867999999999971e-04
5.600515000000000043e+01 3.984233000000000110e-04
5.607319999999999993e+01 3.949421999999999742e-04
5.614124999999999943e+01 3.909068999999999825e-04
5.620929999999999893e+01 3.862828999999999807e-04
5.627734999999999843e+01 3.810415999999999738e-04
5.634539999999999793e+01 3.751631999999999862e-04
5.641344999999999743e+01 3.686399000000000143e-04
5.648149999999999693e+01 3.614781999999999978e-04
5.654955000000000354e+01 3.536998999999999981e-04
5.661760000000000304e+01 3.453433000000000110e-04
5.668565000000000254e+01 3.364627000000000134e-04
5.675370000000000203e+01 3.271276999999999952e-04
5.682175000000000153e+01 3.174219000000000042e-04
5.688980000000000103e+01 3.074409999999999860e-04
5.695785000000000053e+01 2.972903999999999955e-04
5.702590000000000003e+01 2.870826999999999949e-04
5.709394999999999953e+01 2.769355000000000254e-04
5.716199999999999903e+01 2.669681000000000029e-04
5.723004999999999853e+01 2.572985999999999763e-04
5.729809999999999803e+01 2.480416999999999735e-04
5.736614999999999753e+01 2.393050999999999935e-04
5.743419999999999703e+01 2.311869999999999941e-04
5.750224999999999653e+01 2.237730000000000003e-04
5.757030000000000314e+01 2.171337999999999979e-04
5.763835000000000264e+01 2.113224999999999880e-04
5.770640000000000214e+01 2.063726000000000102e-04
5.777445000000000164e+01 2.022964000000000034e-04
5.784250000000000114e+01 1.990838999999999998e-04
5.791055000000000064e+01 1.967023999999999888e-04
5.797860000000000014e+01 1.950971999999999928e-04
5.804664999999999964e+01 1.941931000000000093e-04
5.811469999999999914e+01 1.938963000000000091e-04
5.818274999999999864e+01 1.940979999999999973e-04
5.825079999999999814e+01 1.946779999999999951e-04
5.831884999999999764e+01 1.955097000000000096e-04
5.838689999999999714e+01 1.964644000000000091e-04
5.845494999999999663e+01 1.974171000000000042e-04
5.852300000000000324e+01 1.982509000000000029e-04
5.859105000000000274e+01 1.988617999999999940e-04
5.865910000000000224e+01 1.991620999999999951e-04
5.872715000000000174e+01 1.990836000000000060e-04
5.879520000000000124e+01 1.985788999999999903e-04
5.886325000000000074e+01 1.976222000000000135e-04
5.893130000000000024e+01 1.962083999999999898e-04
5.899934999999999974e+01 1.943515000000000043e-04
5.906739999999999924e+01 1.920815999999999941e-04
5.913544999999999874e+01 1.894417999999999927e-04
5.920349999999999824e+01 1.864841000000000057e-04
5.927154999999999774e+01 1.832655999999999890e-04
5.933959999999999724e+01 1.798446999999999893e-04
5.940764999999999674e+01 1.762776999999999877e-04
5.947570000000000334e+01 1.726161999999999890e-04
5.954375000000000284e+01 1.689049000000000030e-04
5.961180000000000234e+01 1.651802000000000012e-04
5.967985000000000184e+01 1.614704999999999916e-04
5.974790000000000134e+01 1.577957999999999911e-04
5.981595000000000084e+01 1.541687000000000135e-04
5.988400000000000034e+01 1.505962999999999866e-04
5.995204999999999984e+01 1.470812999999999906e-04
6.002009999999999934e+01 1.436239000000000124e-04
6.008814999999999884e+01 1.402235999999999901e-04
6.015619999999999834e+01 1.368809000000000128e-04
6.022424999999999784e+01 1.335979000000000105e-04
6.029229999999999734e+01 1.303800000000000087e-04
6.036034999999999684e+01 1.272358000000000126e-04
6.042840000000000344e+01 1.241774000000000014e-04
6.049645000000000294e+01 1.212201000000000017e-04
6.056450000000000244e+01 1.183820999999999994e-04
6.063255000000000194e+01 1.156835000000000046e-04
6.070060000000000144e+01 1.131450999999999952e-04
6.076865000000000094e+01 1.107877999999999966e-04
6.083670000000000044e+01 1.086311000000000042e-04
6.090474999999999994e+01 1.066920000000000010e-04
6.097279999999999944e+01 1.049839999999999964e-04
6.104084999999999894e+01 1.035158000000000025e-04
6.110889999999999844e+01 1.022910000000000003e-04
6.117694999999999794e+01 1.013067000000000036e-04
6.124499999999999744e+01 1.005535000000000055e-04
6.131304999999999694e+01 1.000147999999999966e-04
6.138110000000000355e+01 9.966719000000000619e-05
6.144915000000000305e+01 9.948024999999999338e-05
6.151720000000000255e+01 9.941730999999999496e-05
6.158525000000000205e+01 9.943606000000000558e-05
6.165330000000000155e+01 9.948962999999999904e-05
6.172135000000000105e+01 9.952773999999999519e-05
6.178940000000000055e+01 9.949817000000000015e-05
6.185745000000000005e+01 9.934825000000000210e-05
6.192549999999999955e+01 9.902645000000000121e-05
6.199354999999999905e+01 9.848400000000000101e-05
6.206159999999999854e+01 9.767642999999999410e-05
6.212964999999999804e+01 9.656497000000000594e-05
6.219769999999999754e+01 9.511789999999999948e-05
6.226574999999999704e+01 9.331149999999999590e-05
6.233379999999999654e+01 9.113101000000000621e-05
6.240185000000000315e+01 8.857110999999999706e-05
6.246990000000000265e+01 8.563626999999999654e-05
6.253795000000000215e+01 8.234078000000000144e-05
6.260600000000000165e+01 7.870841999999999476e-05
6.267405000000000115e+01 7.477195000000000499e-05
6.274210000000000065e+01 7.057222000000000310e-05
6.281015000000000015e+01 6.615707000000000185e-05
6.287819999999999965e+01 6.157987999999999494e-05
6.294624999999999915e+01 5.689801999999999772e-05
6.301429999999999865e+01 5.217107999999999788e-05
6.308234999999999815e+01 4.745895999999999801e-05
