-5.004249999999999865e+00 0.000000000000000000e+00
-4.977199999999999847e+00 0.000000000000000000e+00
-4.950149999999999828e+00 0.000000000000000000e+00
-4.923099999999999810e+00 0.000000000000000000e+00
-4.896049999999999791e+00 0.000000000000000000e+00
-4.868999999999999773e+00 0.000000000000000000e+00
-4.841949999999999754e+00 0.000000000000000000e+00
-4.814899999999999736e+00 0.000000000000000000e+00
-4.787849999999999717e+00 0.000000000000000000e+00
-4.760799999999999699e+00 0.000000000000000000e+00
-4.733749999999999680e+00 0.000000000000000000e+00
-4.706699999999999662e+00 0.000000000000000000e+00
-4.679649999999999643e+00 0.000000000000000000e+00
-4.652599999999999625e+00 0.000000000000000000e+00
-4.625549999999999606e+00 0.000000000000000000e+00
-4.598499999999999588e+00 0.000000000000000000e+00
-4.571449999999999569e+00 0.000000000000000000e+00
-4.544400000000000439e+00 0.000000000000000000e+00
-4.517350000000000421e+00 0.000000000000000000e+00
-4.490300000000000402e+00 0.000000000000000000e+00
-4.463250000000000384e+00 0.000000000000000000e+00
-4.436200000000000365e+00 0.000000000000000000e+00
-4.409150000000000347e+00 0.000000000000000000e+00
-4.382100000000000328e+00 0.000000000000000000e+00
-4.355050000000000310e+00 0.000000000000000000e+00
-4.328000000000000291e+00 0.000000000000000000e+00
-4.300950000000000273e+00 0.000000000000000000e+00
-4.273900000000000254e+00 0.000000000000000000e+00
-4.246850000000000236e+00 0.000000000000000000e+00
-4.219800000000000217e+00 0.000000000000000000e+00
-4.192750000000000199e+00 0.000000000000000000e+00
-4.165700000000000180e+00 0.000000000000000000e+00
-4.138650000000000162e+00 0.000000000000000000e+00
-4.111600000000000144e+00 0.000000000000000000e+00
-4.084550000000000125e+00 0.000000000000000000e+00
-4.057500000000000107e+00 0.000000000000000000e+00
-4.030450000000000088e+00 0.000000000000000000e+00
-4.003400000000000070e+00 0.000000000000000000e+00
-3.976350000000000051e+00 0.000000000000000000e+00
-3.949300000000000033e+00 0.000000000000000000e+00
-3.922250000000000014e+00 0.000000000000000000e+00
-3.895199999999999996e+00 0.000000000000000000e+00
-3.868149999999999977e+00 0.000000000000000000e+00
-3.841099999999999959e+00 0.000000000000000000e+00
-3.814049999999999940e+00 0.000000000000000000e+00
-3.786999999999999922e+00 0.000000000000000000e+00
-3.759949999999999903e+00 0.000000000000000000e+00
-3.732899999999999885e+00 0.000000000000000000e+00
-3.705849999999999866e+00 0.000000000000000000e+00
-3.678799999999999848e+00 0.000000000000000000e+00
-3.651749999999999829e+00 0.000000000000000000e+00
-3.624699999999999811e+00 1.075609999999999928e-08
-3.597649999999999793e+00 1.410898999999999927e-08
-3.570600000000000218e+00 1.846947999999999897e-08
-3.543550000000000200e+00 2.412850999999999984e-08
-3.516500000000000181e+00 3.145746000000000275e-08
-3.489450000000000163e+00 4.092929000000000187e-08
-3.462400000000000144e+00 5.314495000000000103e-08
-3.435350000000000126e+00 6.886635000000000177e-08
-3.408300000000000107e+00 8.905728999999999450e-08
-3.381250000000000089e+00 1.149341999999999996e-07
-3.354200000000000070e+00 1.480287999999999974e-07
-3.327150000000000052e+00 1.902655999999999961e-07
-3.300100000000000033e+00 2.440574000000000212e-07
-3.273050000000000015e+00 3.124213999999999841e-07
-3.245999999999999996e+00 3.991231000000000119e-07
-3.218949999999999978e+00 5.088505999999999600e-07
-3.191899999999999959e+00 6.474274000000000128e-07
-3.164849999999999941e+00 8.220704999999999628e-07
-3.137799999999999923e+00 1.041704000000000022e-06
-3.110749999999999904e+00 1.317337000000000039e-06
-3.083699999999999886e+00 1.662520000000000093e-06
-3.056649999999999867e+00 2.093890999999999939e-06
-3.029599999999999849e+00 2.631834000000000034e-06
-3.002549999999999830e+00 3.301265000000000147e-06
-2.975499999999999812e+00 4.132562000000000262e-06
-2.948449999999999793e+00 5.162686999999999992e-06
-2.921400000000000219e+00 6.436494999999999773e-06
-2.894350000000000200e+00 8.008301000000000289e-06
-2.867300000000000182e+00 9.943715000000000390e-06
-2.840250000000000163e+00 1.232179999999999949e-05
-2.813200000000000145e+00 1.523761999999999930e-05
-2.786150000000000126e+00 1.880516999999999871e-05
-2.759100000000000108e+00 2.316085000000000035e-05
-2.732050000000000090e+00 2.846750000000000146e-05
-2.705000000000000071e+00 3.491895999999999949e-05
-2.677950000000000053e+00 4.274552000000000066e-05
-2.650900000000000034e+00 5.222004000000000088e-05
-2.623850000000000016e+00 6.366504999999999788e-05
-2.596799999999999997e+00 7.746084999999999885e-05
-2.569749999999999979e+00 9.405475000000000272e-05
-2.542699999999999960e+00 1.139715999999999982e-04
-2.515649999999999942e+00 1.378255000000000105e-04
-2.488599999999999923e+00 1.663335999999999960e-04
-2.461549999999999905e+00 2.003306999999999961e-04
-2.434499999999999886e+00 2.407866999999999896e-04
-2.407449999999999868e+00 2.888249999999999867e-04
-2.380399999999999849e+00 3.457436999999999945e-04
-2.353349999999999831e+00 4.130391000000000075e-04
-2.326299999999999812e+00 4.924308000000000287e-04
-2.299249999999999794e+00 5.858907999999999911e-04
-2.272200000000000220e+00 6.956733000000000534e-04
-2.245150000000000201e+00 8.243493999999999648e-04
-2.218100000000000183e+00 9.748429000000000512e-04
-2.191050000000000164e+00 1.150470000000000008e-03
-2.164000000000000146e+00 1.354980999999999894e-03
-2.136950000000000127e+00 1.592606000000000100e-03
-2.109900000000000109e+00 1.868103000000000081e-03
-2.082850000000000090e+00 2.186806999999999813e-03
-2.055800000000000072e+00 2.554686000000000023e-03
-2.028750000000000053e+00 2.978391999999999845e-03
-2.001700000000000035e+00 3.465320999999999940e-03
-1.974650000000000016e+00 4.023671000000000365e-03
-1.947599999999999998e+00 4.662498000000000163e-03
-1.920549999999999979e+00 5.391779999999999663e-03
-1.893499999999999961e+00 6.222473000000000067e-03
-1.866449999999999942e+00 7.166566000000000082e-03
-1.839399999999999924e+00 8.237140999999999907e-03
-1.812349999999999905e+00 9.448420000000000776e-03
-1.785300000000000109e+00 1.081581000000000035e-02
-1.758250000000000091e+00 1.235595999999999917e-02
-1.731200000000000072e+00 1.408676000000000025e-02
-1.704150000000000054e+00 1.602738999999999900e-02
-1.677100000000000035e+00 1.819834999999999856e-02
-1.650050000000000017e+00 2.062142000000000142e-02
-1.622999999999999998e+00 2.331965999999999900e-02
-1.595949999999999980e+00 2.631742000000000109e-02
-1.568899999999999961e+00 2.964023000000000005e-02
-1.541849999999999943e+00 3.331479999999999858e-02
-1.514799999999999924e+00 3.736889000000000183e-02
-1.487749999999999906e+00 4.183121000000000062e-02
-1.460700000000000109e+00 4.673130000000000339e-02
-1.433650000000000091e+00 5.209939999999999710e-02
-1.406600000000000072e+00 5.796620000000000245e-02
-1.379550000000000054e+00 6.436269000000000018e-02
-1.352500000000000036e+00 7.131991999999999499e-02
-1.325450000000000017e+00 7.886872999999999800e-02
-1.298399999999999999e+00 8.703943999999999570e-02
-1.271349999999999980e+00 9.586160000000000514e-02
-1.244299999999999962e+00 1.053636000000000017e-01
-1.217249999999999943e+00 1.155723000000000028e-01
-1.190199999999999925e+00 1.265127000000000057e-01
-1.163149999999999906e+00 1.382076000000000138e-01
-1.136100000000000110e+00 1.506770000000000054e-01
-1.109050000000000091e+00 1.639377999999999946e-01
-1.082000000000000073e+00 1.780036000000000118e-01
-1.054950000000000054e+00 1.928837999999999941e-01
-1.027900000000000036e+00 2.085835000000000050e-01
-1.000850000000000017e+00 2.251031000000000004e-01
-9.737999999999999989e-01 2.424377000000000060e-01
-9.467499999999999805e-01 2.605771000000000059e-01
-9.196999999999999620e-01 2.795051000000000063e-01
-8.926500000000000545e-01 2.991990999999999956e-01
-8.656000000000000361e-01 3.196305999999999869e-01
-8.385500000000000176e-01 3.407639000000000085e-01
-8.114999999999999991e-01 3.625568000000000124e-01
-7.844499999999999806e-01 3.849602999999999775e-01
-7.573999999999999622e-01 4.079182000000000086e-01
-7.303500000000000547e-01 4.313676000000000177e-01
-7.033000000000000362e-01 4.552387999999999990e-01
-6.762500000000000178e-01 4.794554999999999789e-01
-6.491999999999999993e-01 5.039350999999999692e-01
-6.221499999999999808e-01 5.285891000000000339e-01
-5.950999999999999623e-01 5.533234999999999681e-01
-5.680500000000000549e-01 5.780391999999999753e-01
-5.410000000000000364e-01 6.026327999999999685e-01
-5.139500000000000179e-01 6.269970999999999739e-01
-4.868999999999999995e-01 6.510219000000000422e-01
-4.598499999999999810e-01 6.745948000000000500e-01
-4.328000000000000180e-01 6.976018999999999970e-01
-4.057499999999999996e-01 7.199288999999999827e-01
-3.786999999999999811e-01 7.414619000000000071e-01
-3.516500000000000181e-01 7.620884999999999465e-01
-3.245999999999999996e-01 7.816984000000000155e-01
-2.975499999999999812e-01 8.001850000000000351e-01
-2.705000000000000182e-01 8.174455000000000471e-01
-2.434499999999999997e-01 8.333827999999999792e-01
-2.164000000000000090e-01 8.479056999999999844e-01
-1.893499999999999905e-01 8.609301000000000315e-01
-1.622999999999999998e-01 8.723796000000000328e-01
-1.352500000000000091e-01 8.821864999999999846e-01
-1.082000000000000045e-01 8.902923000000000364e-01
-8.114999999999999991e-02 8.966482999999999537e-01
-5.410000000000000225e-02 9.012160999999999644e-01
-2.705000000000000113e-02 9.039679999999999938e-01
0.000000000000000000e+00 9.048872999999999500e-01
2.705000000000000113e-02 9.039682999999999469e-01
5.410000000000000225e-02 9.012166999999999817e-01
8.114999999999999991e-02 8.966492000000000351e-01
1.082000000000000045e-01 8.902934999999999599e-01
1.352500000000000091e-01 8.821881000000000306e-01
1.622999999999999998e-01 8.723815999999999793e-01
1.893499999999999905e-01 8.609324999999999894e-01
2.164000000000000090e-01 8.479086000000000123e-01
2.434499999999999997e-01 8.333861999999999659e-01
2.705000000000000182e-01 8.174495000000000511e-01
2.975499999999999812e-01 8.001895999999999454e-01
3.245999999999999996e-01 7.817039000000000071e-01
3.516500000000000181e-01 7.620947999999999611e-01
3.786999999999999811e-01 7.414692000000000505e-01
4.057499999999999996e-01 7.199373000000000022e-01
4.328000000000000180e-01 6.976115000000000510e-01
4.598499999999999810e-01 6.746058999999999806e-01
4.868999999999999995e-01 6.510346000000000188e-01
5.139500000000000179e-01 6.270116999999999496e-01
5.410000000000000364e-01 6.026494000000000018e-01
5.680500000000000549e-01 5.780581000000000191e-01
5.950999999999999623e-01 5.533449999999999758e-01
6.221499999999999808e-01 5.286136000000000168e-01
6.491999999999999993e-01 5.039628999999999914e-01
6.762500000000000178e-01 4.794869999999999965e-01
7.033000000000000362e-01 4.552744000000000235e-01
7.303500000000000547e-01 4.314079000000000108e-01
7.573999999999999622e-01 4.079636999999999847e-01
7.844499999999999806e-01 3.850115000000000065e-01
8.114999999999999991e-01 3.626145000000000063e-01
8.385500000000000176e-01 3.408285999999999816e-01
8.656000000000000361e-01 3.197032000000000207e-01
8.926500000000000545e-01 2.992805000000000049e-01
9.196999999999999620e-01 2.795960000000000112e-01
9.467499999999999805e-01 2.606787999999999883e-01
9.737999999999999989e-01 2.425510999999999917e-01
1.000850000000000017e+00 2.252293999999999963e-01
1.027900000000000036e+00 2.087239999999999929e-01
1.054950000000000054e+00 1.930398000000000114e-01
1.082000000000000073e+00 1.781766999999999934e-01
1.109050000000000091e+00 1.641295000000000115e-01
1.136100000000000110e+00 1.508889999999999953e-01
1.163149999999999906e+00 1.384418000000000037e-01
1.190199999999999925e+00 1.267710999999999977e-01
1.217249999999999943e+00 1.158568999999999988e-01
1.244299999999999962e+00 1.056766999999999984e-01
1.271349999999999980e+00 9.620562000000000558e-02
1.298399999999999999e+00 8.741688000000000236e-02
1.325450000000000017e+00 7.928227999999999664e-02
1.352500000000000036e+00 7.177244000000000679e-02
1.379550000000000054e+00 6.485718999999999512e-02
1.406600000000000072e+00 5.850585999999999981e-02
1.433650000000000091e+00 5.268757999999999775e-02
1.460700000000000109e+00 4.737153999999999671e-02
1.487749999999999906e+00 4.252721000000000279e-02
1.514799999999999924e+00 3.812453999999999843e-02
1.541849999999999943e+00 3.413418000000000008e-02
1.568899999999999961e+00 3.052757999999999861e-02
1.595949999999999980e+00 2.727718000000000156e-02
1.622999999999999998e+00 2.435645999999999992e-02
1.650050000000000017e+00 2.174005000000000035e-02
1.677100000000000035e+00 1.940381000000000050e-02
1.704150000000000054e+00 1.732484000000000107e-02
1.731200000000000072e+00 1.548154000000000023e-02
1.758250000000000091e+00 1.385360000000000064e-02
1.785300000000000109e+00 1.242200000000000075e-02
1.812349999999999905e+00 1.116901999999999999e-02
1.839399999999999924e+00 1.007815999999999920e-02
1.866449999999999942e+00 9.134193999999999994e-03
1.893499999999999961e+00 8.323030000000000359e-03
1.920549999999999979e+00 7.631734000000000261e-03
1.947599999999999998e+00 7.048450000000000375e-03
1.974650000000000016e+00 6.562346000000000151e-03
2.001700000000000035e+00 6.163560999999999693e-03
2.028750000000000053e+00 5.843143999999999769e-03
2.055800000000000072e+00 5.592991999999999755e-03
2.082850000000000090e+00 5.405791000000000068e-03
2.109900000000000109e+00 5.274960000000000412e-03
2.136950000000000127e+00 5.194591000000000139e-03
2.164000000000000146e+00 5.159391000000000151e-03
2.191050000000000164e+00 5.164634000000000412e-03
2.218100000000000183e+00 5.206104999999999934e-03
2.245150000000000201e+00 5.280052999999999830e-03
2.272200000000000220e+00 5.383147999999999926e-03
2.299249999999999794e+00 5.512432000000000269e-03
2.326299999999999812e+00 5.665286000000000280e-03
2.353349999999999831e+00 5.839389000000000385e-03
2.380399999999999849e+00 6.032683999999999963e-03
2.407449999999999868e+00 6.243348000000000127e-03
2.434499999999999886e+00 6.469762999999999903e-03
2.461549999999999905e+00 6.710490000000000378e-03
2.488599999999999923e+00 6.964243999999999643e-03
2.515649999999999942e+00 7.229873999999999849e-03
2.542699999999999960e+00 7.506345999999999678e-03
2.569749999999999979e+00 7.792722000000000190e-03
2.596799999999999997e+00 8.088145999999999183e-03
2.623850000000000016e+00 8.391834000000000793e-03
2.650900000000000034e+00 8.703056000000000680e-03
2.677950000000000053e+00 9.021133000000000624e-03
2.705000000000000071e+00 9.345420999999999589e-03
2.732050000000000090e+00 9.675308000000000519e-03
2.759100000000000108e+00 1.001021000000000029e-02
2.786150000000000126e+00 1.034955000000000076e-02
2.813200000000000145e+00 1.069278000000000069e-02
2.840250000000000163e+00 1.103934999999999986e-02
2.867300000000000182e+00 1.138872999999999969e-02
2.894350000000000200e+00 1.174037999999999991e-02
2.921400000000000219e+00 1.209377000000000021e-02
2.948449999999999793e+00 1.244838000000000021e-02
2.975499999999999812e+00 1.280367999999999958e-02
3.002549999999999830e+00 1.315915999999999961e-02
3.029599999999999849e+00 1.351427000000000010e-02
3.056649999999999867e+00 1.386852000000000050e-02
3.083699999999999886e+00 1.422138000000000048e-02
3.110749999999999904e+00 1.457233999999999960e-02
3.137799999999999923e+00 1.492088999999999915e-02
3.164849999999999941e+00 1.526654000000000032e-02
3.191899999999999959e+00 1.560880000000000080e-02
3.218949999999999978e+00 1.594718999999999998e-02
3.245999999999999996e+00 1.628123000000000070e-02
3.273050000000000015e+00 1.661050000000000026e-02
3.300100000000000033e+00 1.693452999999999972e-02
3.327150000000000052e+00 1.725292999999999966e-02
3.354200000000000070e+00 1.756529999999999897e-02
3.381250000000000089e+00 1.787125000000000172e-02
3.408300000000000107e+00 1.817045000000000118e-02
3.435350000000000126e+00 1.846257000000000106e-02
3.462400000000000144e+00 1.874730999999999967e-02
3.489450000000000163e+00 1.902440000000000034e-02
3.516500000000000181e+00 1.929360999999999923e-02
3.543550000000000200e+00 1.955472000000000113e-02
3.570600000000000218e+00 1.980757000000000004e-02
3.597649999999999793e+00 2.005198999999999870e-02
3.624699999999999811e+00 2.028788000000000119e-02
3.651749999999999829e+00 2.051516000000000103e-02
3.678799999999999848e+00 2.073378000000000027e-02
3.705849999999999866e+00 2.094373000000000068e-02
3.732899999999999885e+00 2.114500999999999881e-02
3.759949999999999903e+00 2.133766999999999955e-02
3.786999999999999922e+00 2.152178000000000077e-02
3.814049999999999940e+00 2.169745000000000007e-02
3.841099999999999959e+00 2.186480000000000021e-02
3.868149999999999977e+00 2.202397999999999856e-02
3.895199999999999996e+00 2.217517999999999920e-02
3.922250000000000014e+00 2.231860000000000094e-02
3.949300000000000033e+00 2.245443999999999912e-02
3.976350000000000051e+00 2.258295000000000094e-02
4.003400000000000070e+00 2.270437999999999970e-02
4.030450000000000088e+00 2.281899999999999901e-02
4.057500000000000107e+00 2.292707999999999899e-02
4.084550000000000125e+00 2.302890999999999966e-02
4.111600000000000144e+00 2.312478000000000103e-02
4.138650000000000162e+00 2.321501000000000120e-02
4.165700000000000180e+00 2.329987999999999851e-02
4.192750000000000199e+00 2.337969999999999979e-02
4.219800000000000217e+00 2.345478999999999967e-02
4.246850000000000236e+00 2.352542999999999995e-02
4.273900000000000254e+00 2.359193000000000054e-02
4.300950000000000273e+00 2.365458999999999964e-02
4.328000000000000291e+00 2.371370000000000075e-02
4.355050000000000310e+00 2.376953000000000052e-02
4.382100000000000328e+00 2.382234999999999908e-02
4.409150000000000347e+00 2.387244999999999992e-02
4.436200000000000365e+00 2.392005999999999993e-02
4.463250000000000384e+00 2.396544000000000105e-02
4.490300000000000402e+00 2.400882000000000016e-02
4.517350000000000421e+00 2.405043999999999932e-02
4.544400000000000439e+00 2.409050000000000080e-02
4.571449999999999569e+00 2.412921999999999983e-02
4.598499999999999588e+00 2.416679000000000049e-02
4.625549999999999606e+00 2.420341000000000159e-02
4.652599999999999625e+00 2.423925000000000038e-02
4.679649999999999643e+00 2.427448000000000106e-02
4.706699999999999662e+00 2.430927000000000088e-02
4.733749999999999680e+00 2.434377999999999889e-02
4.760799999999999699e+00 2.437815000000000121e-02
4.787849999999999717e+00 2.441253999999999993e-02
4.814899999999999736e+00 2.444707999999999951e-02
4.841949999999999754e+00 2.448190999999999909e-02
4.868999999999999773e+00 2.451715000000000144e-02
4.896049999999999791e+00 2.455293000000000059e-02
4.923099999999999810e+00 2.458938000000000096e-02
4.950149999999999828e+00 2.462661000000000017e-02
4.977199999999999847e+00 2.466474000000000097e-02
5.004249999999999865e+00 2.470386999999999930e-02
5.031299999999999883e+00 2.474410999999999972e-02
5.058349999999999902e+00 2.478554999999999994e-02
5.085399999999999920e+00 2.482830999999999927e-02
5.112449999999999939e+00 2.487245000000000081e-02
5.139499999999999957e+00 2.491807000000000050e-02
5.166549999999999976e+00 2.496523999999999965e-02
5.193599999999999994e+00 2.501402000000000139e-02
5.220650000000000013e+00 2.506448000000000009e-02
5.247700000000000031e+00 2.511665000000000078e-02
5.274750000000000050e+00 2.517056000000000154e-02
5.301800000000000068e+00 2.522624000000000047e-02
5.328850000000000087e+00 2.528367999999999935e-02
5.355900000000000105e+00 2.534288000000000166e-02
5.382950000000000124e+00 2.540380000000000069e-02
5.410000000000000142e+00 2.546638999999999847e-02
5.437050000000000161e+00 2.553058000000000063e-02
5.464100000000000179e+00 2.559627999999999903e-02
5.491150000000000198e+00 2.566337000000000132e-02
5.518200000000000216e+00 2.573171000000000139e-02
5.545250000000000234e+00 2.580114000000000019e-02
5.572300000000000253e+00 2.587147000000000058e-02
5.599350000000000271e+00 2.594248000000000040e-02
5.626400000000000290e+00 2.601393000000000108e-02
5.653450000000000308e+00 2.608556999999999890e-02
5.680500000000000327e+00 2.615709000000000090e-02
5.707550000000000345e+00 2.622818000000000024e-02
5.734600000000000364e+00 2.629849999999999896e-02
5.761650000000000382e+00 2.636768999999999918e-02
5.788700000000000401e+00 2.643536000000000150e-02
5.815750000000000419e+00 2.650109999999999966e-02
5.842800000000000438e+00 2.656450000000000131e-02
5.869849999999999568e+00 2.662511999999999865e-02
5.896899999999999586e+00 2.668248999999999968e-02
5.923949999999999605e+00 2.673615999999999840e-02
5.950999999999999623e+00 2.678563999999999945e-02
5.978049999999999642e+00 2.683046999999999863e-02
6.005099999999999660e+00 2.687014999999999890e-02
6.032149999999999679e+00 2.690421000000000132e-02
6.059199999999999697e+00 2.693216999999999833e-02
6.086249999999999716e+00 2.695354999999999973e-02
6.113299999999999734e+00 2.696789999999999951e-02
6.140349999999999753e+00 2.697474999999999873e-02
6.167399999999999771e+00 2.697369000000000155e-02
6.194449999999999790e+00 2.696430000000000007e-02
6.221499999999999808e+00 2.694618999999999834e-02
6.248549999999999827e+00 2.691899999999999848e-02
6.275599999999999845e+00 2.688238999999999906e-02
6.302649999999999864e+00 2.683605000000000018e-02
6.329699999999999882e+00 2.677973000000000159e-02
6.356749999999999901e+00 2.671317000000000136e-02
6.383799999999999919e+00 2.663619000000000056e-02
6.410849999999999937e+00 2.654863000000000015e-02
6.437899999999999956e+00 2.645035999999999915e-02
6.464949999999999974e+00 2.634132000000000140e-02
6.491999999999999993e+00 2.622145999999999852e-02
6.519050000000000011e+00 2.609078999999999912e-02
6.546100000000000030e+00 2.594936999999999938e-02
6.573150000000000048e+00 2.579727999999999882e-02
6.600200000000000067e+00 2.563466999999999829e-02
6.627250000000000085e+00 2.546170000000000030e-02
6.654300000000000104e+00 2.527859000000000009e-02
6.681350000000000122e+00 2.508559999999999957e-02
6.708400000000000141e+00 2.488301999999999875e-02
6.735450000000000159e+00 2.467118000000000089e-02
6.762500000000000178e+00 2.445044999999999857e-02
6.789550000000000196e+00 2.422122999999999984e-02
6.816600000000000215e+00 2.398393000000000053e-02
6.843650000000000233e+00 2.373903000000000124e-02
6.870700000000000252e+00 2.348700999999999914e-02
6.897750000000000270e+00 2.322837000000000166e-02
6.924800000000000288e+00 2.296366000000000032e-02
6.951850000000000307e+00 2.269343000000000055e-02
6.978900000000000325e+00 2.241823999999999900e-02
7.005950000000000344e+00 2.213870999999999895e-02
7.033000000000000362e+00 2.185542999999999861e-02
7.060050000000000381e+00 2.156902999999999945e-02
7.087100000000000399e+00 2.128015000000000115e-02
7.114150000000000418e+00 2.098944000000000157e-02
7.141200000000000436e+00 2.069756000000000026e-02
7.168249999999999567e+00 2.040519000000000013e-02
7.195299999999999585e+00 2.011301000000000061e-02
7.222349999999999604e+00 1.982170999999999933e-02
7.249399999999999622e+00 1.953200999999999896e-02
7.276449999999999640e+00 1.924460999999999880e-02
7.303499999999999659e+00 1.896025000000000141e-02
7.330549999999999677e+00 1.867966999999999891e-02
7.357599999999999696e+00 1.840361000000000080e-02
7.384649999999999714e+00 1.813284999999999897e-02
7.411699999999999733e+00 1.786818000000000087e-02
7.438749999999999751e+00 1.761039000000000007e-02
7.465799999999999770e+00 1.736029999999999865e-02
7.492849999999999788e+00 1.711876000000000023e-02
7.519899999999999807e+00 1.688662999999999970e-02
7.546949999999999825e+00 1.666482000000000033e-02
7.573999999999999844e+00 1.645421999999999857e-02
7.601049999999999862e+00 1.625580000000000080e-02
7.628099999999999881e+00 1.607052999999999954e-02
7.655149999999999899e+00 1.589942999999999912e-02
7.682199999999999918e+00 1.574354999999999852e-02
7.709249999999999936e+00 1.560397999999999993e-02
7.736299999999999955e+00 1.548184000000000018e-02
7.763349999999999973e+00 1.537828999999999932e-02
7.790399999999999991e+00 1.529454000000000057e-02
7.817450000000000010e+00 1.523183999999999996e-02
7.844500000000000028e+00 1.519146000000000038e-02
7.871550000000000047e+00 1.517474000000000080e-02
7.898600000000000065e+00 1.518302000000000020e-02
7.925650000000000084e+00 1.521770000000000067e-02
7.952700000000000102e+00 1.528021000000000067e-02
7.979750000000000121e+00 1.537199000000000031e-02
8.006800000000000139e+00 1.549451999999999947e-02
8.033849999999999270e+00 1.564928000000000152e-02
8.060900000000000176e+00 1.583777999999999922e-02
8.087949999999999307e+00 1.606149999999999939e-02
8.115000000000000213e+00 1.632195999999999994e-02
8.142049999999999343e+00 1.662061000000000094e-02
8.169100000000000250e+00 1.695891999999999886e-02
8.196149999999999380e+00 1.733828999999999926e-02
8.223200000000000287e+00 1.776010000000000089e-02
8.250249999999999417e+00 1.822562999999999961e-02
8.277300000000000324e+00 1.873611000000000026e-02
8.304349999999999454e+00 1.929267999999999955e-02
8.331400000000000361e+00 1.989637000000000003e-02
8.358449999999999491e+00 2.054809000000000149e-02
8.385500000000000398e+00 2.124861000000000111e-02
8.412549999999999528e+00 2.199858000000000022e-02
8.439600000000000435e+00 2.279845000000000135e-02
8.466649999999999565e+00 2.364851000000000106e-02
8.493700000000000472e+00 2.454887000000000041e-02
8.520749999999999602e+00 2.549943000000000001e-02
8.547800000000000509e+00 2.649984999999999841e-02
8.574849999999999639e+00 2.754960999999999868e-02
8.601900000000000546e+00 2.864790999999999865e-02
8.628949999999999676e+00 2.979373000000000091e-02
8.656000000000000583e+00 3.098580999999999905e-02
8.683049999999999713e+00 3.222259999999999708e-02
8.710100000000000620e+00 3.350232999999999683e-02
8.737149999999999750e+00 3.482293999999999667e-02
8.764200000000000657e+00 3.618215000000000320e-02
8.791249999999999787e+00 3.757739000000000218e-02
8.818300000000000693e+00 3.900586999999999804e-02
8.845349999999999824e+00 4.046455000000000191e-02
8.872400000000000730e+00 4.195016000000000023e-02
8.899449999999999861e+00 4.345921999999999980e-02
8.926500000000000767e+00 4.498803999999999997e-02
8.953549999999999898e+00 4.653275999999999940e-02
8.980600000000000804e+00 4.808934000000000125e-02
9.007649999999999935e+00 4.965359999999999913e-02
9.034700000000000841e+00 5.122124000000000121e-02
9.061749999999999972e+00 5.278784000000000254e-02
9.088800000000000878e+00 5.434892000000000195e-02
9.115850000000000009e+00 5.589994000000000213e-02
9.142899999999999139e+00 5.743634000000000239e-02
9.169950000000000045e+00 5.895352999999999705e-02
9.196999999999999176e+00 6.044697999999999738e-02
9.224050000000000082e+00 6.191218999999999889e-02
9.251099999999999213e+00 6.334471999999999325e-02
9.278150000000000119e+00 6.474024000000000445e-02
9.305199999999999250e+00 6.609455000000000191e-02
9.332250000000000156e+00 6.740356999999999599e-02
9.359299999999999287e+00 6.866339999999999943e-02
9.386350000000000193e+00 6.987031000000000491e-02
9.413399999999999324e+00 7.102078000000000557e-02
9.440450000000000230e+00 7.211149999999999505e-02
9.467499999999999361e+00 7.313938000000000383e-02
9.494550000000000267e+00 7.410158999999999496e-02
9.521599999999999397e+00 7.499553000000000469e-02
9.548650000000000304e+00 7.581886000000000181e-02
9.575699999999999434e+00 7.656952000000000202e-02
9.602750000000000341e+00 7.724572000000000382e-02
9.629799999999999471e+00 7.784591000000000427e-02
9.656850000000000378e+00 7.836885000000000379e-02
9.683899999999999508e+00 7.881354000000000137e-02
9.710950000000000415e+00 7.917926999999999604e-02
9.737999999999999545e+00 7.946556999999999926e-02
9.765050000000000452e+00 7.967225999999999475e-02
9.792099999999999582e+00 7.979938999999999782e-02
9.819150000000000489e+00 7.984726000000000323e-02
9.846199999999999619e+00 7.981639999999999568e-02
9.873250000000000526e+00 7.970758999999999483e-02
9.900299999999999656e+00 7.952178999999999498e-02
9.927350000000000563e+00 7.926022000000000622e-02
9.954399999999999693e+00 7.892425000000000135e-02
9.981450000000000600e+00 7.851547000000000387e-02
1.000849999999999973e+01 7.803562999999999472e-02
1.003555000000000064e+01 7.748665999999999887e-02
1.006259999999999977e+01 7.687062999999999535e-02
1.008965000000000067e+01 7.618977000000000388e-02
1.011669999999999980e+01 7.544642999999999489e-02
1.014375000000000071e+01 7.464308999999999528e-02
1.017079999999999984e+01 7.378234999999999655e-02
1.019785000000000075e+01 7.286689000000000360e-02
1.022489999999999988e+01 7.189951999999999455e-02
1.025195000000000078e+01 7.088308000000000109e-02
1.027899999999999991e+01 6.982051999999999703e-02
1.030605000000000082e+01 6.871484999999999399e-02
1.033309999999999995e+01 6.756910000000000693e-02
1.036015000000000086e+01 6.638637000000000010e-02
1.038719999999999999e+01 6.516977999999999660e-02
1.041424999999999912e+01 6.392248000000000374e-02
1.044130000000000003e+01 6.264761000000000635e-02
1.046834999999999916e+01 6.134832999999999953e-02
1.049540000000000006e+01 6.002779999999999921e-02
1.052244999999999919e+01 5.868914000000000075e-02
1.054950000000000010e+01 5.733545999999999782e-02
1.057654999999999923e+01 5.596983999999999987e-02
1.060360000000000014e+01 5.459531000000000106e-02
1.063064999999999927e+01 5.321485000000000104e-02
1.065770000000000017e+01 5.183138999999999802e-02
1.068474999999999930e+01 5.044780000000000098e-02
1.071180000000000021e+01 4.906685999999999687e-02
1.073884999999999934e+01 4.769128999999999730e-02
1.076590000000000025e+01 4.632371999999999879e-02
1.079294999999999938e+01 4.496671000000000001e-02
1.082000000000000028e+01 4.362270000000000036e-02
1.084704999999999941e+01 4.229407999999999779e-02
1.087410000000000032e+01 4.098308999999999980e-02
1.090114999999999945e+01 3.969191999999999859e-02
1.092820000000000036e+01 3.842262999999999928e-02
1.095524999999999949e+01 3.717718999999999885e-02
1.098230000000000040e+01 3.595746999999999832e-02
1.100934999999999953e+01 3.476524000000000281e-02
1.103640000000000043e+01 3.360215999999999897e-02
1.106344999999999956e+01 3.246981000000000173e-02
1.109050000000000047e+01 3.136967000000000227e-02
1.111754999999999960e+01 3.030311000000000116e-02
1.114460000000000051e+01 2.927141999999999938e-02
1.117164999999999964e+01 2.827580999999999845e-02
1.119870000000000054e+01 2.731739999999999863e-02
1.122574999999999967e+01 2.639721000000000081e-02
1.125280000000000058e+01 2.551621000000000097e-02
1.127984999999999971e+01 2.467526999999999915e-02
1.130690000000000062e+01 2.387519999999999920e-02
1.133394999999999975e+01 2.311672999999999853e-02
1.136100000000000065e+01 2.240052999999999836e-02
1.138804999999999978e+01 2.172719999999999860e-02
1.141510000000000069e+01 2.109725999999999962e-02
1.144214999999999982e+01 2.051118999999999859e-02
1.146920000000000073e+01 1.996939000000000006e-02
1.149624999999999986e+01 1.947219999999999854e-02
1.152330000000000076e+01 1.901991000000000098e-02
1.155034999999999989e+01 1.861271000000000106e-02
1.157740000000000080e+01 1.825076999999999949e-02
1.160444999999999993e+01 1.793416999999999928e-02
1.163150000000000084e+01 1.766289999999999874e-02
1.165854999999999997e+01 1.743692999999999979e-02
1.168560000000000088e+01 1.725611000000000159e-02
1.171265000000000001e+01 1.712023999999999838e-02
1.173969999999999914e+01 1.702903000000000056e-02
1.176675000000000004e+01 1.698211999999999985e-02
1.179379999999999917e+01 1.697906000000000068e-02
1.182085000000000008e+01 1.701930000000000109e-02
1.184789999999999921e+01 1.710222000000000131e-02
1.187495000000000012e+01 1.722711000000000034e-02
1.190199999999999925e+01 1.739316000000000126e-02
1.192905000000000015e+01 1.759944999999999912e-02
1.195609999999999928e+01 1.784499999999999975e-02
1.198315000000000019e+01 1.812870999999999927e-02
1.201019999999999932e+01 1.844938000000000133e-02
1.203725000000000023e+01 1.880572999999999967e-02
1.206429999999999936e+01 1.919639000000000068e-02
1.209135000000000026e+01 1.961987999999999926e-02
1.211839999999999939e+01 2.007466000000000111e-02
1.214545000000000030e+01 2.055908000000000041e-02
1.217249999999999943e+01 2.107140999999999875e-02
1.219955000000000034e+01 2.160986999999999977e-02
1.222659999999999947e+01 2.217258999999999897e-02
1.225365000000000038e+01 2.275763000000000091e-02
1.228069999999999951e+01 2.336299999999999835e-02
1.230775000000000041e+01 2.398665000000000172e-02
1.233479999999999954e+01 2.462651000000000076e-02
1.236185000000000045e+01 2.528044999999999945e-02
1.238889999999999958e+01 2.594629999999999853e-02
1.241595000000000049e+01 2.662188000000000054e-02
1.244299999999999962e+01 2.730501000000000109e-02
1.247005000000000052e+01 2.799346000000000126e-02
1.249709999999999965e+01 2.868505000000000013e-02
1.252415000000000056e+01 2.937756000000000048e-02
1.255119999999999969e+01 3.006879999999999969e-02
1.257825000000000060e+01 3.075661000000000020e-02
1.260529999999999973e+01 3.143884999999999735e-02
1.263235000000000063e+01 3.211338999999999860e-02
1.265939999999999976e+01 3.277817000000000230e-02
1.268645000000000067e+01 3.343114999999999976e-02
1.271349999999999980e+01 3.407033999999999757e-02
1.274055000000000071e+01 3.469382000000000021e-02
1.276759999999999984e+01 3.529970000000000330e-02
1.279465000000000074e+01 3.588617999999999669e-02
1.282169999999999987e+01 3.645149000000000306e-02
1.284875000000000078e+01 3.699394999999999767e-02
1.287579999999999991e+01 3.751195999999999697e-02
1.290285000000000082e+01 3.800396999999999803e-02
1.292989999999999995e+01 3.846853000000000078e-02
1.295695000000000086e+01 3.890426000000000301e-02
1.298399999999999999e+01 3.930987999999999843e-02
1.301104999999999912e+01 3.968416999999999778e-02
1.303810000000000002e+01 4.002602000000000243e-02
1.306514999999999915e+01 4.033442000000000277e-02
1.309220000000000006e+01 4.060844999999999733e-02
1.311924999999999919e+01 4.084727999999999970e-02
1.314630000000000010e+01 4.105020000000000197e-02
1.317334999999999923e+01 4.121661000000000075e-02
1.320040000000000013e+01 4.134598999999999913e-02
1.322744999999999926e+01 4.143797999999999926e-02
1.325450000000000017e+01 4.149229000000000112e-02
1.328154999999999930e+01 4.150878000000000206e-02
1.330860000000000021e+01 4.148741000000000234e-02
1.333564999999999934e+01 4.142826000000000147e-02
1.336270000000000024e+01 4.133156000000000330e-02
1.338974999999999937e+01 4.119764000000000065e-02
1.341680000000000028e+01 4.102693999999999785e-02
1.344384999999999941e+01 4.082005999999999829e-02
1.347090000000000032e+01 4.057768999999999959e-02
1.349794999999999945e+01 4.030066000000000204e-02
1.352500000000000036e+01 3.998990000000000183e-02
1.355204999999999949e+01 3.964646000000000142e-02
1.357910000000000039e+01 3.927150000000000085e-02
1.360614999999999952e+01 3.886627000000000137e-02
1.363320000000000043e+01 3.843213999999999658e-02
1.366024999999999956e+01 3.797054999999999875e-02
1.368730000000000047e+01 3.748303000000000051e-02
1.371434999999999960e+01 3.697117999999999932e-02
1.374140000000000050e+01 3.643666000000000266e-02
1.376844999999999963e+01 3.588120999999999672e-02
1.379550000000000054e+01 3.530657999999999713e-02
1.382254999999999967e+01 3.471458000000000182e-02
1.384960000000000058e+01 3.410703999999999819e-02
1.387664999999999971e+01 3.348580000000000306e-02
1.390370000000000061e+01 3.285271000000000025e-02
1.393074999999999974e+01 3.220959999999999795e-02
1.395780000000000065e+01 3.155829999999999746e-02
1.398484999999999978e+01 3.090058999999999861e-02
1.401190000000000069e+01 3.023825000000000124e-02
1.403894999999999982e+01 2.957297000000000051e-02
1.406600000000000072e+01 2.890643000000000032e-02
1.409304999999999986e+01 2.824020000000000002e-02
1.412010000000000076e+01 2.757582000000000089e-02
1.414714999999999989e+01 2.691473000000000129e-02
1.417420000000000080e+01 2.625830999999999998e-02
1.420124999999999993e+01 2.560783000000000156e-02
1.422830000000000084e+01 2.496450000000000058e-02
1.425534999999999997e+01 2.432938999999999935e-02
1.428240000000000087e+01 2.370353000000000043e-02
1.430945000000000000e+01 2.308781999999999848e-02
1.433649999999999913e+01 2.248305999999999916e-02
1.436355000000000004e+01 2.188999000000000153e-02
1.439059999999999917e+01 2.130922000000000024e-02
1.441765000000000008e+01 2.074128000000000083e-02
1.444469999999999921e+01 2.018661999999999887e-02
1.447175000000000011e+01 1.964559000000000097e-02
1.449879999999999924e+01 1.911846000000000032e-02
1.452585000000000015e+01 1.860542999999999919e-02
1.455289999999999928e+01 1.810660999999999868e-02
1.457995000000000019e+01 1.762207999999999830e-02
1.460699999999999932e+01 1.715180999999999997e-02
1.463405000000000022e+01 1.669572999999999890e-02
1.466109999999999935e+01 1.625373999999999916e-02
1.468815000000000026e+01 1.582567000000000002e-02
1.471519999999999939e+01 1.541129999999999931e-02
1.474225000000000030e+01 1.501041000000000007e-02
1.476929999999999943e+01 1.462271000000000057e-02
1.479635000000000034e+01 1.424791000000000078e-02
1.482339999999999947e+01 1.388570000000000082e-02
1.485045000000000037e+01 1.353573999999999923e-02
1.487749999999999950e+01 1.319768999999999977e-02
1.490455000000000041e+01 1.287119999999999931e-02
1.493159999999999954e+01 1.255591999999999993e-02
1.495865000000000045e+01 1.225149000000000030e-02
1.498569999999999958e+01 1.195757000000000070e-02
1.501275000000000048e+01 1.167380999999999974e-02
1.503979999999999961e+01 1.139986999999999945e-02
1.506685000000000052e+01 1.113543999999999992e-02
1.509389999999999965e+01 1.088018999999999965e-02
1.512095000000000056e+01 1.063383000000000037e-02
1.514799999999999969e+01 1.039608000000000025e-02
1.517505000000000059e+01 1.016665999999999924e-02
1.520209999999999972e+01 9.945314999999999711e-03
1.522915000000000063e+01 9.731816000000000771e-03
1.525619999999999976e+01 9.525939000000000628e-03
1.528325000000000067e+01 9.327477000000000684e-03
1.531029999999999980e+01 9.136240000000000333e-03
1.533735000000000070e+01 8.952055000000000429e-03
1.536439999999999984e+01 8.774759000000000031e-03
1.539145000000000074e+01 8.604208000000000342e-03
1.541849999999999987e+01 8.440266999999999561e-03
1.544555000000000078e+01 8.282815000000000663e-03
1.547259999999999991e+01 8.131742000000000831e-03
1.549965000000000082e+01 7.986946999999999450e-03
1.552669999999999995e+01 7.848338999999999316e-03
1.555375000000000085e+01 7.715834999999999881e-03
1.558079999999999998e+01 7.589358000000000042e-03
1.560784999999999911e+01 7.468840000000000028e-03
1.563490000000000002e+01 7.354214999999999884e-03
1.566194999999999915e+01 7.245421999999999627e-03
1.568900000000000006e+01 7.142405999999999582e-03
1.571604999999999919e+01 7.045110999999999735e-03
1.574310000000000009e+01 6.953484000000000227e-03
1.577014999999999922e+01 6.867475999999999962e-03
1.579720000000000013e+01 6.787035999999999764e-03
1.582424999999999926e+01 6.712112999999999587e-03
1.585130000000000017e+01 6.642656999999999728e-03
1.587834999999999930e+01 6.578617000000000145e-03
1.590540000000000020e+01 6.519941999999999925e-03
1.593244999999999933e+01 6.466577999999999736e-03
1.595950000000000024e+01 6.418471000000000246e-03
1.598654999999999937e+01 6.375566000000000046e-03
1.601360000000000028e+01 6.337803999999999834e-03
1.604064999999999941e+01 6.305128000000000121e-03
1.606769999999999854e+01 6.277475999999999716e-03
1.609475000000000122e+01 6.254786000000000026e-03
1.612180000000000035e+01 6.236995999999999860e-03
1.614884999999999948e+01 6.224040999999999602e-03
1.617589999999999861e+01 6.215853000000000350e-03
1.620295000000000130e+01 6.212366999999999889e-03
1.623000000000000043e+01 6.213513999999999843e-03
1.625704999999999956e+01 6.219225000000000100e-03
1.628409999999999869e+01 6.229430000000000210e-03
1.631115000000000137e+01 6.244058999999999721e-03
1.633820000000000050e+01 6.263040000000000100e-03
1.636524999999999963e+01 6.286303000000000030e-03
1.639229999999999876e+01 6.313776000000000110e-03
1.641935000000000144e+01 6.345385999999999735e-03
1.644640000000000057e+01 6.381060000000000031e-03
1.647344999999999970e+01 6.420727999999999679e-03
1.650049999999999883e+01 6.464313999999999651e-03
1.652755000000000152e+01 6.511747000000000021e-03
1.655460000000000065e+01 6.562952000000000369e-03
1.658164999999999978e+01 6.617854999999999745e-03
1.660869999999999891e+01 6.676381000000000329e-03
1.663575000000000159e+01 6.738454999999999966e-03
1.666280000000000072e+01 6.803998999999999811e-03
1.668984999999999985e+01 6.872935999999999629e-03
1.671689999999999898e+01 6.945185999999999894e-03
1.674395000000000167e+01 7.020669000000000215e-03
1.677100000000000080e+01 7.099303000000000384e-03
1.679804999999999993e+01 7.181001999999999698e-03
1.682509999999999906e+01 7.265680000000000055e-03
1.685215000000000174e+01 7.353247999999999729e-03
1.687920000000000087e+01 7.443612999999999966e-03
1.690625000000000000e+01 7.536680999999999936e-03
1.693329999999999913e+01 7.632352999999999707e-03
1.696034999999999826e+01 7.730528000000000399e-03
1.698740000000000094e+01 7.831101000000000034e-03
1.701445000000000007e+01 7.933961999999999265e-03
1.704149999999999920e+01 8.039001000000000480e-03
1.706854999999999833e+01 8.146099999999999869e-03
1.709560000000000102e+01 8.255138000000000406e-03
1.712265000000000015e+01 8.365990999999999705e-03
1.714969999999999928e+01 8.478530999999999221e-03
1.717674999999999841e+01 8.592624999999999569e-03
1.720380000000000109e+01 8.708136000000000002e-03
1.723085000000000022e+01 8.824925000000000824e-03
1.725789999999999935e+01 8.942847000000000296e-03
1.728494999999999848e+01 9.061753999999999989e-03
1.731200000000000117e+01 9.181497000000000269e-03
1.733905000000000030e+01 9.301920999999999454e-03
1.736609999999999943e+01 9.422869999999999857e-03
1.739314999999999856e+01 9.544185000000000169e-03
1.742020000000000124e+01 9.665705000000000130e-03
1.744725000000000037e+01 9.787268000000000009e-03
1.747429999999999950e+01 9.908709999999999393e-03
1.750134999999999863e+01 1.002986999999999976e-02
1.752840000000000131e+01 1.015056999999999938e-02
1.755545000000000044e+01 1.027065999999999917e-02
1.758249999999999957e+01 1.038997000000000011e-02
1.760954999999999870e+01 1.050833999999999969e-02
1.763660000000000139e+01 1.062561000000000061e-02
1.766365000000000052e+01 1.074161000000000039e-02
1.769069999999999965e+01 1.085618999999999994e-02
1.771774999999999878e+01 1.096919000000000019e-02
1.774480000000000146e+01 1.108047000000000025e-02
1.777185000000000059e+01 1.118987999999999927e-02
1.779889999999999972e+01 1.129727999999999982e-02
1.782594999999999885e+01 1.140251999999999932e-02
1.785300000000000153e+01 1.150547000000000028e-02
1.788005000000000067e+01 1.160601999999999988e-02
1.790709999999999980e+01 1.170403000000000068e-02
1.793414999999999893e+01 1.179938999999999988e-02
1.796120000000000161e+01 1.189199999999999979e-02
1.798825000000000074e+01 1.198174999999999935e-02
1.801529999999999987e+01 1.206854000000000086e-02
1.804234999999999900e+01 1.215229999999999956e-02
1.806940000000000168e+01 1.223292999999999950e-02
1.809645000000000081e+01 1.231036999999999930e-02
1.812349999999999994e+01 1.238454999999999938e-02
1.815054999999999907e+01 1.245542000000000003e-02
1.817760000000000176e+01 1.252291999999999988e-02
1.820465000000000089e+01 1.258699999999999923e-02
1.823170000000000002e+01 1.264764999999999986e-02
1.825874999999999915e+01 1.270482000000000035e-02
1.828579999999999828e+01 1.275850000000000074e-02
1.831285000000000096e+01 1.280867999999999937e-02
1.833990000000000009e+01 1.285533999999999982e-02
1.836694999999999922e+01 1.289850000000000024e-02
1.839399999999999835e+01 1.293816000000000063e-02
1.842105000000000103e+01 1.297431999999999926e-02
1.844810000000000016e+01 1.300702999999999929e-02
1.847514999999999930e+01 1.303629000000000072e-02
1.850219999999999843e+01 1.306213999999999986e-02
1.852925000000000111e+01 1.308461999999999993e-02
1.855630000000000024e+01 1.310376000000000075e-02
1.858334999999999937e+01 1.311961000000000030e-02
1.861039999999999850e+01 1.313222999999999994e-02
1.863745000000000118e+01 1.314164999999999951e-02
1.866450000000000031e+01 1.314793000000000038e-02
1.869154999999999944e+01 1.315114000000000040e-02
1.871859999999999857e+01 1.315131999999999933e-02
1.874565000000000126e+01 1.314854000000000023e-02
1.877270000000000039e+01 1.314284999999999932e-02
1.879974999999999952e+01 1.313432999999999962e-02
1.882679999999999865e+01 1.312302000000000086e-02
1.885385000000000133e+01 1.310900000000000086e-02
1.888090000000000046e+01 1.309231999999999931e-02
1.890794999999999959e+01 1.307304999999999925e-02
1.893499999999999872e+01 1.305124000000000041e-02
1.896205000000000140e+01 1.302695000000000068e-02
1.898910000000000053e+01 1.300024999999999965e-02
1.901614999999999966e+01 1.297119000000000050e-02
1.904319999999999879e+01 1.293981999999999945e-02
1.907025000000000148e+01 1.290620999999999956e-02
1.909730000000000061e+01 1.287041000000000053e-02
1.912434999999999974e+01 1.283248000000000028e-02
1.915139999999999887e+01 1.279247000000000023e-02
1.917845000000000155e+01 1.275043000000000010e-02
1.920550000000000068e+01 1.270643999999999940e-02
1.923254999999999981e+01 1.266052999999999970e-02
1.925959999999999894e+01 1.261278000000000052e-02
1.928665000000000163e+01 1.256323999999999982e-02
1.931370000000000076e+01 1.251198000000000067e-02
1.934074999999999989e+01 1.245906999999999917e-02
1.936779999999999902e+01 1.240458000000000012e-02
1.939485000000000170e+01 1.234857999999999963e-02
1.942190000000000083e+01 1.229115000000000069e-02
1.944894999999999996e+01 1.223237999999999930e-02
1.947599999999999909e+01 1.217236000000000012e-02
1.950305000000000177e+01 1.211117999999999917e-02
1.953010000000000090e+01 1.204894999999999924e-02
1.955715000000000003e+01 1.198576999999999976e-02
1.958419999999999916e+01 1.192176000000000000e-02
1.961124999999999829e+01 1.185703999999999925e-02
1.963830000000000098e+01 1.179173000000000027e-02
1.966535000000000011e+01 1.172598000000000043e-02
1.969239999999999924e+01 1.165993000000000064e-02
1.971944999999999837e+01 1.159371000000000013e-02
1.974650000000000105e+01 1.152748999999999961e-02
1.977355000000000018e+01 1.146141999999999994e-02
1.980059999999999931e+01 1.139567000000000010e-02
1.982764999999999844e+01 1.133039999999999915e-02
1.985470000000000113e+01 1.126577999999999954e-02
1.988175000000000026e+01 1.120199000000000021e-02
1.990879999999999939e+01 1.113921000000000008e-02
1.993584999999999852e+01 1.107760999999999989e-02
1.996290000000000120e+01 1.101736000000000035e-02
1.998995000000000033e+01 1.095865000000000034e-02
2.001699999999999946e+01 1.090165000000000058e-02
2.004404999999999859e+01 1.084652000000000012e-02
2.007110000000000127e+01 1.079343999999999963e-02
2.009815000000000040e+01 1.074255999999999996e-02
2.012519999999999953e+01 1.069405000000000008e-02
2.015224999999999866e+01 1.064802999999999930e-02
2.017930000000000135e+01 1.060466000000000013e-02
2.020635000000000048e+01 1.056405000000000018e-02
2.023339999999999961e+01 1.052632000000000047e-02
2.026044999999999874e+01 1.049157000000000041e-02
2.028750000000000142e+01 1.045989999999999941e-02
2.031455000000000055e+01 1.043136000000000063e-02
2.034159999999999968e+01 1.040603000000000014e-02
2.036864999999999881e+01 1.038392999999999955e-02
2.039570000000000149e+01 1.036510000000000035e-02
2.042275000000000063e+01 1.034952999999999915e-02
2.044979999999999976e+01 1.033720999999999945e-02
2.047684999999999889e+01 1.032809999999999978e-02
2.050390000000000157e+01 1.032215000000000042e-02
2.053095000000000070e+01 1.031928000000000012e-02
2.055799999999999983e+01 1.031938999999999947e-02
2.058504999999999896e+01 1.032235999999999917e-02
2.061210000000000164e+01 1.032805000000000008e-02
2.063915000000000077e+01 1.033628999999999971e-02
2.066619999999999990e+01 1.034689999999999915e-02
2.069324999999999903e+01 1.035966999999999964e-02
2.072030000000000172e+01 1.037437000000000081e-02
2.074735000000000085e+01 1.039076000000000062e-02
2.077439999999999998e+01 1.040856000000000073e-02
2.080144999999999911e+01 1.042747999999999939e-02
2.082849999999999824e+01 1.044723000000000006e-02
2.085555000000000092e+01 1.046747999999999949e-02
2.088260000000000005e+01 1.048789999999999965e-02
2.090964999999999918e+01 1.050811999999999927e-02
2.093669999999999831e+01 1.052779000000000041e-02
2.096375000000000099e+01 1.054654000000000008e-02
2.099080000000000013e+01 1.056397000000000065e-02
2.101784999999999926e+01 1.057971000000000085e-02
2.104489999999999839e+01 1.059334999999999964e-02
2.107195000000000107e+01 1.060449999999999934e-02
2.109900000000000020e+01 1.061277000000000054e-02
2.112604999999999933e+01 1.061776000000000039e-02
2.115309999999999846e+01 1.061907999999999949e-02
2.118015000000000114e+01 1.061636999999999997e-02
2.120720000000000027e+01 1.060924000000000068e-02
2.123424999999999940e+01 1.059734000000000023e-02
2.126129999999999853e+01 1.058034000000000058e-02
2.128835000000000122e+01 1.055792000000000015e-02
2.131540000000000035e+01 1.052978000000000074e-02
2.134244999999999948e+01 1.049565000000000047e-02
2.136949999999999861e+01 1.045528000000000082e-02
2.139655000000000129e+01 1.040845999999999959e-02
2.142360000000000042e+01 1.035498999999999968e-02
2.145064999999999955e+01 1.029472000000000026e-02
2.147769999999999868e+01 1.022754000000000024e-02
2.150475000000000136e+01 1.015336000000000016e-02
2.153180000000000049e+01 1.007214000000000026e-02
2.155884999999999962e+01 9.983873000000000747e-03
2.158589999999999876e+01 9.888584000000000609e-03
2.161295000000000144e+01 9.786348000000000269e-03
2.164000000000000057e+01 9.677273999999999599e-03
2.166704999999999970e+01 9.561513000000000650e-03
2.169409999999999883e+01 9.439250999999999198e-03
2.172115000000000151e+01 9.310712000000000502e-03
2.174820000000000064e+01 9.176158999999999705e-03
2.177524999999999977e+01 9.035883999999999236e-03
2.180229999999999890e+01 8.890215999999999397e-03
2.182935000000000159e+01 8.739511999999999628e-03
2.185640000000000072e+01 8.584157999999999719e-03
2.188344999999999985e+01 8.424562000000000023e-03
2.191049999999999898e+01 8.261157999999999349e-03
2.193755000000000166e+01 8.094396999999999703e-03
2.196460000000000079e+01 7.924743999999999192e-03
2.199164999999999992e+01 7.752679999999999641e-03
2.201869999999999905e+01 7.578691999999999721e-03
2.204575000000000173e+01 7.403271999999999804e-03
2.207280000000000086e+01 4.496013999999999566e-03
