-5.016408000000000200e+00 0.000000000000000000e+00
-4.991070556660039514e+00 0.000000000000000000e+00
-4.965733113320079717e+00 0.000000000000000000e+00
-4.940395669980119919e+00 0.000000000000000000e+00
-4.915058226640159234e+00 0.000000000000000000e+00
-4.889720783300198548e+00 0.000000000000000000e+00
-4.864383339960238750e+00 0.000000000000000000e+00
-4.839045896620278953e+00 0.000000000000000000e+00
-4.813708453280318267e+00 0.000000000000000000e+00
-4.788371009940357581e+00 0.000000000000000000e+00
-4.763033566600397783e+00 0.000000000000000000e+00
-4.737696123260437986e+00 0.000000000000000000e+00
-4.712358679920477300e+00 0.000000000000000000e+00
-4.687021236580516614e+00 0.000000000000000000e+00
-4.661683793240556817e+00 0.000000000000000000e+00
-4.636346349900597019e+00 0.000000000000000000e+00
-4.611008906560636333e+00 0.000000000000000000e+00
-4.585671463220675648e+00 0.000000000000000000e+00
-4.560334019880715850e+00 0.000000000000000000e+00
-4.534996576540756053e+00 0.000000000000000000e+00
-4.509659133200795367e+00 0.000000000000000000e+00
-4.484321689860834681e+00 0.000000000000000000e+00
-4.458984246520874883e+00 0.000000000000000000e+00
-4.433646803180915086e+00 0.000000000000000000e+00
-4.408309359840954400e+00 0.000000000000000000e+00
-4.382971916500993714e+00 0.000000000000000000e+00
-4.357634473161033917e+00 0.000000000000000000e+00
-4.332297029821074119e+00 0.000000000000000000e+00
-4.306959586481113433e+00 0.000000000000000000e+00
-4.281622143141152748e+00 0.000000000000000000e+00
-4.256284699801192950e+00 0.000000000000000000e+00
-4.230947256461233152e+00 0.000000000000000000e+00
-4.205609813121272467e+00 0.000000000000000000e+00
-4.180272369781311781e+00 0.000000000000000000e+00
-4.154934926441351983e+00 0.000000000000000000e+00
-4.129597483101392186e+00 0.000000000000000000e+00
-4.104260039761431500e+00 0.000000000000000000e+00
-4.078922596421470814e+00 0.000000000000000000e+00
-4.053585153081511017e+00 0.000000000000000000e+00
-4.028247709741551219e+00 0.000000000000000000e+00
-4.002910266401590533e+00 0.000000000000000000e+00
-3.977572823061630292e+00 0.000000000000000000e+00
-3.952235379721670050e+00 0.000000000000000000e+00
-3.926897936381709808e+00 0.000000000000000000e+00
-3.901560493041749567e+00 0.000000000000000000e+00
-3.876223049701789325e+00 0.000000000000000000e+00
-3.850885606361829083e+00 0.000000000000000000e+00
-3.825548163021868842e+00 0.000000000000000000e+00
-3.800210719681908600e+00 0.000000000000000000e+00
-3.774873276341948358e+00 0.000000000000000000e+00
-3.749535833001988117e+00 0.000000000000000000e+00
-3.724198389662027875e+00 0.000000000000000000e+00
-3.698860946322067633e+00 0.000000000000000000e+00
-3.673523502982107392e+00 0.000000000000000000e+00
-3.648186059642147150e+00 0.000000000000000000e+00
-3.622848616302186908e+00 0.000000000000000000e+00
-3.597511172962226667e+00 0.000000000000000000e+00
-3.572173729622266425e+00 0.000000000000000000e+00
-3.546836286282306183e+00 0.000000000000000000e+00
-3.521498842942345942e+00 0.000000000000000000e+00
-3.496161399602385700e+00 0.000000000000000000e+00
-3.470823956262425458e+00 0.000000000000000000e+00
-3.445486512922465216e+00 0.000000000000000000e+00
-3.420149069582504975e+00 0.000000000000000000e+00
-3.394811626242544733e+00 0.000000000000000000e+00
-3.369474182902584491e+00 0.000000000000000000e+00
-3.344136739562624250e+00 0.000000000000000000e+00
-3.318799296222664008e+00 0.000000000000000000e+00
-3.293461852882703766e+00 0.000000000000000000e+00
-3.268124409542743525e+00 0.000000000000000000e+00
-3.242786966202783283e+00 0.000000000000000000e+00
-3.217449522862823041e+00 0.000000000000000000e+00
-3.192112079522862800e+00 0.000000000000000000e+00
-3.166774636182902558e+00 0.000000000000000000e+00
-3.141437192842942316e+00 0.000000000000000000e+00
-3.116099749502982075e+00 0.000000000000000000e+00
-3.090762306163021833e+00 0.000000000000000000e+00
-3.065424862823061591e+00 0.000000000000000000e+00
-3.040087419483101350e+00 0.000000000000000000e+00
-3.014749976143141108e+00 0.000000000000000000e+00
-2.989412532803180866e+00 0.000000000000000000e+00
-2.964075089463220625e+00 0.000000000000000000e+00
-2.938737646123260383e+00 0.000000000000000000e+00
-2.913400202783300141e+00 0.000000000000000000e+00
-2.888062759443339900e+00 0.000000000000000000e+00
-2.862725316103379658e+00 0.000000000000000000e+00
-2.837387872763419416e+00 0.000000000000000000e+00
-2.812050429423459175e+00 0.000000000000000000e+00
-2.786712986083498933e+00 0.000000000000000000e+00
-2.761375542743538691e+00 0.000000000000000000e+00
-2.736038099403578450e+00 0.000000000000000000e+00
-2.710700656063618208e+00 0.000000000000000000e+00
-2.685363212723657966e+00 0.000000000000000000e+00
-2.660025769383697725e+00 0.000000000000000000e+00
-2.634688326043737483e+00 0.000000000000000000e+00
-2.609350882703777241e+00 0.000000000000000000e+00
-2.584013439363817000e+00 0.000000000000000000e+00
-2.558675996023856758e+00 0.000000000000000000e+00
-2.533338552683896516e+00 0.000000000000000000e+00
-2.508001109343936275e+00 0.000000000000000000e+00
-2.482663666003976033e+00 0.000000000000000000e+00
-2.457326222664015791e+00 0.000000000000000000e+00
-2.431988779324055550e+00 8.163675188838102775e-09
-2.406651335984095308e+00 1.785512742475660681e-08
-2.381313892644135066e+00 2.681599616001740998e-08
-2.355976449304174825e+00 3.905608214319337692e-08
-2.330639005964214583e+00 5.658481055657556155e-08
-2.305301562624254341e+00 8.165009599749542687e-08
-2.279964119284294100e+00 1.173463779919229639e-07
-2.254626675944333858e+00 1.679727779162051283e-07
-2.229289232604373616e+00 2.394774082779132490e-07
-2.203951789264413375e+00 3.400529898772918965e-07
-2.178614345924453133e+00 4.809336508019381950e-07
-2.153276902584492891e+00 6.774548344656314088e-07
-2.127939459244532650e+00 9.504565062297219330e-07
-2.102602015904572408e+00 1.328131019296343383e-06
-2.077264572564612166e+00 1.848444904356625437e-06
-2.051927129224651924e+00 2.562294685843629256e-06
-2.026589685884691683e+00 3.537599858267442111e-06
-2.001252242544731441e+00 4.864581572206972123e-06
-1.975914799204771199e+00 6.662535176584560167e-06
-1.950577355864810958e+00 9.088472164999739146e-06
-1.925239912524850716e+00 1.234808466649663877e-05
-1.899902469184890474e+00 1.670959142963201639e-05
-1.874565025844930233e+00 2.252110237599210351e-05
-1.849227582504969991e+00 3.023229287885263777e-05
-1.823890139165009749e+00 4.042130080932160259e-05
-1.798552695825049508e+00 5.382788165373865458e-05
-1.773215252485089266e+00 7.139407775376246836e-05
-1.747877809145129024e+00 9.431376612285346064e-05
-1.722540365805168783e+00 1.240926395042125149e-04
-1.697202922465208541e+00 1.626204034412422040e-04
-1.671865479125248299e+00 2.122571148187811214e-04
-1.646528035785288058e+00 2.759356433550736896e-04
-1.621190592445327816e+00 3.572824405077621563e-04
-1.595853149105367574e+00 4.607591487704841430e-04
-1.570515705765407333e+00 5.918269839869580440e-04
-1.545178262425447091e+00 7.571364292042210425e-04
-1.519840819085486849e+00 9.647441766815975390e-04
-1.494503375745526608e+00 1.224359214668385449e-03
-1.469165932405566366e+00 1.547620108171192475e-03
-1.443828489065606124e+00 1.948402448965701108e-03
-1.418491045725645883e+00 2.443159830933862818e-03
-1.393153602385685641e+00 3.051294102430029704e-03
-1.367816159045725399e+00 3.795555362677230198e-03
-1.342478715705765158e+00 4.702465980984121482e-03
-1.317141272365804916e+00 5.802767266495791054e-03
-1.291803829025844674e+00 7.131877363383878551e-03
-1.266466385685884433e+00 8.730353530383301239e-03
-1.241128942345924191e+00 1.064435055161245224e-02
-1.215791499005963949e+00 1.292605276091237862e-02
-1.190454055666003708e+00 1.563407020431505784e-02
-1.165116612326043466e+00 1.883379136028674045e-02
-1.139779168986083224e+00 2.259763577162271150e-02
-1.114441725646122983e+00 2.700522849577307108e-02
-1.089104282306162741e+00 3.214344148559492714e-02
-1.063766838966202499e+00 3.810628357654451126e-02
-1.038429395626242258e+00 4.499461826805251086e-02
-1.013091952286282016e+00 5.291567767451120508e-02
-9.877545089463222183e-01 6.198234542527088220e-02
-9.624170656063615326e-01 7.231219769071217662e-02
-9.370796222664008468e-01 8.402626481005284753e-02
-9.117421789264410492e-01 9.724751653416169317e-02
-8.864047355864812516e-01 1.120990800770242934e-01
-8.610672922465205659e-01 1.287021180446348834e-01
-8.357298489065598801e-01 1.471734227175032217e-01
-8.103924055666000825e-01 1.676228414146002654e-01
-7.850549622266402849e-01 1.901503994721346069e-01
-7.597175188866795992e-01 2.148431377740799841e-01
-7.343800755467189134e-01 2.417719793322514188e-01
-7.090426322067591158e-01 2.709884225735111341e-01
-6.837051888667993182e-01 3.025212516768172044e-01
-6.583677455268386325e-01 3.363731761661988839e-01
-6.330303021868779467e-01 3.725179437212157718e-01
-6.076928588469181491e-01 4.108974495545524297e-01
-5.823554155069583516e-01 4.514193205496832562e-01
-5.570179721669976658e-01 4.939548903349314513e-01
-5.316805288270369800e-01 5.383378539787182504e-01
-5.063430854870771824e-01 5.843635028080924609e-01
-4.810056421471173849e-01 6.317885801648113198e-01
-4.556681988071566991e-01 6.803321583447970999e-01
-4.303307554671960133e-01 7.296772363284518281e-01
-4.049933121272362158e-01 7.794732302708710092e-01
-3.796558687872764182e-01 8.293392596573528897e-01
-3.543184254473157324e-01 8.788683913576453843e-01
-3.289809821073550467e-01 9.276329034983245014e-01
-3.036435387673952491e-01 9.751896267807733665e-01
-2.783060954274354515e-01 1.021086815241452062e+00
-2.529686520874747657e-01 1.064870733255048219e+00
-2.276312087475140800e-01 1.106093446046632067e+00
-2.022937654075542824e-01 1.144320058116645056e+00
-1.769563220675944848e-01 1.179135980897929592e+00
-1.516188787276337990e-01 1.210154997686736733e+00
-1.262814353876731133e-01 1.237025853399714270e+00
-1.009439920477133157e-01 1.259439409187711023e+00
-7.560654870775351810e-02 1.277134240867427994e+00
-5.026910536779283234e-02 1.289901409303614299e+00
-2.493166202783214658e-02 1.297589124579073161e+00
4.057813121276510060e-04 1.300105679243402035e+00
2.574322465208744859e-02 1.297420628820299182e+00
5.108066799204813435e-02 1.289566411588174422e+00
7.641811133200882011e-02 1.276636704724531057e+00
1.017555546719686177e-01 1.258781435137117599e+00
1.270929980119284153e-01 1.236214606686032891e+00
1.524304413518891010e-01 1.209200364769251745e+00
1.777678846918497868e-01 1.178049538951012387e+00
2.031053280318095844e-01 1.143114709793043859e+00
2.284427713717693820e-01 1.104783066268277381e+00
2.537802147117300677e-01 1.063470170832764961e+00
2.791176580516907535e-01 1.019611418557028193e+00
3.044551013916505511e-01 9.736549422562001954e-01
3.297925447316103487e-01 9.260545461675612211e-01
3.551299880715710344e-01 8.772617578527768245e-01
3.804674314115317202e-01 8.277191743961067605e-01
4.058048747514915178e-01 7.778538412390212375e-01
4.311423180914513154e-01 7.280718039467675151e-01
4.564797614314120011e-01 6.787528745050206425e-01
4.818172047713726869e-01 6.302464490800041563e-01
5.071546481113324845e-01 5.828682603951339525e-01
5.324920914512922820e-01 5.368979006425105283e-01
5.578295347912529678e-01 4.925772583496604295e-01
5.831669781312136536e-01 4.501096689251036231e-01
6.085044214711734512e-01 4.096601129336380209e-01
6.338418648111332487e-01 3.713559703078964658e-01
6.591793081510939345e-01 3.352883983891200570e-01
6.845167514910546203e-01 3.015143863997951090e-01
7.098541948310144178e-01 2.700591788977447227e-01
7.351916381709742154e-01 2.409191608156646680e-01
7.605290815109349012e-01 2.140647517951389245e-01
7.858665248508955870e-01 1.894438133848480033e-01
8.112039681908553845e-01 1.669848762463140568e-01
8.365414115308151821e-01 1.466004668986370940e-01
8.618788548707758679e-01 1.281902486910760364e-01
8.872162982107365536e-01 1.116441739615296747e-01
9.125537415506963512e-01 9.684532755319549824e-02
9.378911848906561488e-01 8.367250401572171037e-02
9.632286282306168346e-01 7.200262679539136401e-02
9.885660715705775203e-01 6.171282008546178505e-02
1.013903514910537318e+00 5.268220324466321713e-02
1.039240958250497116e+00 4.479339244475773196e-02
1.064578401590457801e+00 3.793372193417163252e-02
1.089915844930418487e+00 3.199620101621224177e-02
1.115253288270378285e+00 2.688022208436265797e-02
1.140590731610338082e+00 2.249203438354444723e-02
1.165928174950298768e+00 1.874502762535126474e-02
1.191265618290259454e+00 1.555983009502967876e-02
1.216603061630219251e+00 1.286426959093943390e-02
1.241940504970179049e+00 1.059318970619265408e-02
1.267277948310139735e+00 8.688200298968372717e-03
1.292615391650100420e+00 7.097318758654507301e-03
1.317952834990060218e+00 5.774576965980856950e-03
1.343290278330020016e+00 4.679585789600435378e-03
1.368627721669980701e+00 3.777144570004336340e-03
1.393965165009941387e+00 3.036600317576910492e-03
1.419302608349901185e+00 2.431505463950198176e-03
1.444640051689860982e+00 1.939212339400029185e-03
1.469977495029821668e+00 1.540415844693578812e-03
1.495314938369782354e+00 1.218745657919147792e-03
1.520652381709742151e+00 9.603968312209193231e-04
1.545989825049701949e+00 7.537908323926513932e-04
1.571327268389662635e+00 5.892688709251468846e-04
1.596664711729623320e+00 4.588161370275261187e-04
1.622002155069583118e+00 3.558167530779202917e-04
1.647339598409542916e+00 2.748378867376879411e-04
1.672677041749503601e+00 2.114410511006355338e-04
1.698014485089464287e+00 1.620184902393452325e-04
1.723351928429424085e+00 1.236523274338875136e-04
1.748689371769383882e+00 9.399451291298092221e-05
1.774026815109344568e+00 7.116479122139857843e-05
1.799364258449305254e+00 5.366489991653753582e-05
1.824701701789265051e+00 4.030676406618051368e-05
1.850039145129224849e+00 3.015282293999361777e-05
1.875376588469185535e+00 2.246676122639079849e-05
1.900714031809146221e+00 1.667306133140573142e-05
1.926051475149106018e+00 1.232402693204884325e-05
1.951388918489065816e+00 9.073029118632319577e-06
1.976726361829026501e+00 6.652950717725067330e-06
2.002063805168987187e+00 4.858907626957917714e-06
2.027401248508946985e+00 3.534478081446282392e-06
2.052738691848906782e+00 2.560791664726660193e-06
2.078076135188867468e+00 1.847929729189599300e-06
2.103413578528828154e+00 1.328186004167077772e-06
2.128751021868787952e+00 9.508118330054221828e-07
2.154088465208747749e+00 6.779418234602559883e-07
2.179425908548708435e+00 4.814513631544149873e-07
2.204763351888669121e+00 3.405450193303382958e-07
2.230100795228628918e+00 2.399157230861000423e-07
2.255438238568588716e+00 1.683468318185643165e-07
2.280775681908549402e+00 1.176557709496127443e-07
2.306113125248510087e+00 8.189992663862061803e-08
2.331450568588469885e+00 5.678265855481480244e-08
2.356788011928429682e+00 3.921117335640906920e-08
2.382125455268390368e+00 2.696906118900054378e-08
2.407462898608351054e+00 1.773838926660567289e-08
2.432800341948310852e+00 7.287188129244774260e-09
2.458137785288270649e+00 1.205471037936882570e-09
2.483475228628231335e+00 9.045484332735491072e-11
2.508812671968192021e+00 0.000000000000000000e+00
2.534150115308151818e+00 0.000000000000000000e+00
2.559487558648111616e+00 0.000000000000000000e+00
2.584825001988072302e+00 0.000000000000000000e+00
2.610162445328032987e+00 0.000000000000000000e+00
2.635499888667992785e+00 0.000000000000000000e+00
2.660837332007952583e+00 0.000000000000000000e+00
2.686174775347913268e+00 0.000000000000000000e+00
2.711512218687873954e+00 0.000000000000000000e+00
2.736849662027833752e+00 0.000000000000000000e+00
2.762187105367793549e+00 0.000000000000000000e+00
2.787524548707754235e+00 0.000000000000000000e+00
2.812861992047714921e+00 0.000000000000000000e+00
2.838199435387674718e+00 0.000000000000000000e+00
2.863536878727634516e+00 0.000000000000000000e+00
2.888874322067595202e+00 0.000000000000000000e+00
2.914211765407555887e+00 0.000000000000000000e+00
2.939549208747515685e+00 0.000000000000000000e+00
2.964886652087475483e+00 0.000000000000000000e+00
2.990224095427436168e+00 0.000000000000000000e+00
3.015561538767396854e+00 0.000000000000000000e+00
3.040898982107355764e+00 0.000000000000000000e+00
3.066236425447316449e+00 0.000000000000000000e+00
3.091573868787277135e+00 0.000000000000000000e+00
3.116911312127237821e+00 0.000000000000000000e+00
3.142248755467198507e+00 0.000000000000000000e+00
3.167586198807157416e+00 0.000000000000000000e+00
3.192923642147118102e+00 0.000000000000000000e+00
3.218261085487078788e+00 0.000000000000000000e+00
3.243598528827037697e+00 0.000000000000000000e+00
3.268935972166998383e+00 0.000000000000000000e+00
3.294273415506959068e+00 0.000000000000000000e+00
3.319610858846919754e+00 0.000000000000000000e+00
3.344948302186880440e+00 0.000000000000000000e+00
3.370285745526839349e+00 0.000000000000000000e+00
3.395623188866800035e+00 0.000000000000000000e+00
3.420960632206760721e+00 0.000000000000000000e+00
3.446298075546719630e+00 0.000000000000000000e+00
3.471635518886680316e+00 0.000000000000000000e+00
3.496972962226641002e+00 0.000000000000000000e+00
3.522310405566601688e+00 0.000000000000000000e+00
3.547647848906562373e+00 0.000000000000000000e+00
3.572985292246521283e+00 0.000000000000000000e+00
3.598322735586481969e+00 0.000000000000000000e+00
3.623660178926442654e+00 0.000000000000000000e+00
3.648997622266401564e+00 0.000000000000000000e+00
3.674335065606362249e+00 0.000000000000000000e+00
3.699672508946322935e+00 0.000000000000000000e+00
3.725009952286283621e+00 0.000000000000000000e+00
3.750347395626244307e+00 0.000000000000000000e+00
3.775684838966203216e+00 0.000000000000000000e+00
3.801022282306163902e+00 0.000000000000000000e+00
3.826359725646124588e+00 0.000000000000000000e+00
3.851697168986083497e+00 0.000000000000000000e+00
3.877034612326044183e+00 0.000000000000000000e+00
3.902372055666004869e+00 0.000000000000000000e+00
3.927709499005965554e+00 0.000000000000000000e+00
3.953046942345926240e+00 0.000000000000000000e+00
3.978384385685885150e+00 0.000000000000000000e+00
4.003721829025845835e+00 0.000000000000000000e+00
4.029059272365806521e+00 0.000000000000000000e+00
4.054396715705765430e+00 0.000000000000000000e+00
4.079734159045726116e+00 0.000000000000000000e+00
4.105071602385686802e+00 0.000000000000000000e+00
4.130409045725647488e+00 0.000000000000000000e+00
4.155746489065608174e+00 0.000000000000000000e+00
4.181083932405567083e+00 0.000000000000000000e+00
4.206421375745527769e+00 0.000000000000000000e+00
4.231758819085488454e+00 0.000000000000000000e+00
4.257096262425447364e+00 0.000000000000000000e+00
4.282433705765408050e+00 0.000000000000000000e+00
4.307771149105368735e+00 0.000000000000000000e+00
4.333108592445329421e+00 0.000000000000000000e+00
4.358446035785290107e+00 0.000000000000000000e+00
4.383783479125249016e+00 0.000000000000000000e+00
4.409120922465209702e+00 0.000000000000000000e+00
4.434458365805170388e+00 0.000000000000000000e+00
4.459795809145129297e+00 0.000000000000000000e+00
4.485133252485089983e+00 0.000000000000000000e+00
4.510470695825050669e+00 0.000000000000000000e+00
4.535808139165011355e+00 0.000000000000000000e+00
4.561145582504972040e+00 0.000000000000000000e+00
4.586483025844930950e+00 0.000000000000000000e+00
4.611820469184891635e+00 0.000000000000000000e+00
4.637157912524852321e+00 0.000000000000000000e+00
4.662495355864811231e+00 0.000000000000000000e+00
4.687832799204771916e+00 0.000000000000000000e+00
4.713170242544732602e+00 0.000000000000000000e+00
4.738507685884693288e+00 0.000000000000000000e+00
4.763845129224653974e+00 0.000000000000000000e+00
4.789182572564612883e+00 0.000000000000000000e+00
4.814520015904573569e+00 0.000000000000000000e+00
4.839857459244534255e+00 0.000000000000000000e+00
4.865194902584493164e+00 0.000000000000000000e+00
4.890532345924453850e+00 0.000000000000000000e+00
4.915869789264414536e+00 0.000000000000000000e+00
4.941207232604375221e+00 0.000000000000000000e+00
4.966544675944335907e+00 0.000000000000000000e+00
4.991882119284294816e+00 0.000000000000000000e+00
5.017219562624255502e+00 0.000000000000000000e+00
5.042557005964216188e+00 0.000000000000000000e+00
5.067894449304175097e+00 0.000000000000000000e+00
5.093231892644135783e+00 0.000000000000000000e+00
5.118569335984096469e+00 0.000000000000000000e+00
5.143906779324057155e+00 0.000000000000000000e+00
5.169244222664017840e+00 0.000000000000000000e+00
5.194581666003976750e+00 0.000000000000000000e+00
5.219919109343937436e+00 0.000000000000000000e+00
5.245256552683898121e+00 0.000000000000000000e+00
5.270593996023857031e+00 0.000000000000000000e+00
5.295931439363817717e+00 0.000000000000000000e+00
5.321268882703778402e+00 0.000000000000000000e+00
5.346606326043739088e+00 0.000000000000000000e+00
5.371943769383699774e+00 0.000000000000000000e+00
5.397281212723658683e+00 0.000000000000000000e+00
5.422618656063619369e+00 0.000000000000000000e+00
5.447956099403580055e+00 0.000000000000000000e+00
5.473293542743538964e+00 0.000000000000000000e+00
5.498630986083499650e+00 0.000000000000000000e+00
5.523968429423460336e+00 0.000000000000000000e+00
5.549305872763421021e+00 0.000000000000000000e+00
5.574643316103381707e+00 0.000000000000000000e+00
5.599980759443340617e+00 0.000000000000000000e+00
5.625318202783301302e+00 0.000000000000000000e+00
5.650655646123261988e+00 0.000000000000000000e+00
5.675993089463220898e+00 0.000000000000000000e+00
5.701330532803181583e+00 0.000000000000000000e+00
5.726667976143142269e+00 0.000000000000000000e+00
5.752005419483102955e+00 0.000000000000000000e+00
5.777342862823063641e+00 0.000000000000000000e+00
5.802680306163022550e+00 0.000000000000000000e+00
5.828017749502983236e+00 0.000000000000000000e+00
5.853355192842943922e+00 0.000000000000000000e+00
5.878692636182902831e+00 0.000000000000000000e+00
5.904030079522863517e+00 0.000000000000000000e+00
5.929367522862824202e+00 0.000000000000000000e+00
5.954704966202784888e+00 0.000000000000000000e+00
5.980042409542745574e+00 0.000000000000000000e+00
6.005379852882704483e+00 0.000000000000000000e+00
6.030717296222665169e+00 0.000000000000000000e+00
6.056054739562625855e+00 0.000000000000000000e+00
6.081392182902584764e+00 0.000000000000000000e+00
6.106729626242545450e+00 0.000000000000000000e+00
6.132067069582506136e+00 0.000000000000000000e+00
6.157404512922466822e+00 0.000000000000000000e+00
6.182741956262427507e+00 0.000000000000000000e+00
6.208079399602386417e+00 0.000000000000000000e+00
6.233416842942347103e+00 0.000000000000000000e+00
6.258754286282307788e+00 0.000000000000000000e+00
6.284091729622266698e+00 0.000000000000000000e+00
6.309429172962227383e+00 0.000000000000000000e+00
6.334766616302188069e+00 0.000000000000000000e+00
6.360104059642148755e+00 0.000000000000000000e+00
6.385441502982109441e+00 0.000000000000000000e+00
6.410778946322068350e+00 0.000000000000000000e+00
6.436116389662029036e+00 0.000000000000000000e+00
6.461453833001989722e+00 0.000000000000000000e+00
6.486791276341948631e+00 0.000000000000000000e+00
6.512128719681909317e+00 0.000000000000000000e+00
6.537466163021870003e+00 0.000000000000000000e+00
6.562803606361830688e+00 0.000000000000000000e+00
6.588141049701791374e+00 0.000000000000000000e+00
6.613478493041750284e+00 0.000000000000000000e+00
6.638815936381710969e+00 0.000000000000000000e+00
6.664153379721671655e+00 0.000000000000000000e+00
6.689490823061630564e+00 0.000000000000000000e+00
6.714828266401591250e+00 0.000000000000000000e+00
6.740165709741551936e+00 0.000000000000000000e+00
6.765503153081512622e+00 0.000000000000000000e+00
6.790840596421473307e+00 0.000000000000000000e+00
6.816178039761432217e+00 0.000000000000000000e+00
6.841515483101392903e+00 0.000000000000000000e+00
6.866852926441353588e+00 0.000000000000000000e+00
6.892190369781312498e+00 0.000000000000000000e+00
6.917527813121273184e+00 0.000000000000000000e+00
6.942865256461233869e+00 0.000000000000000000e+00
6.968202699801194555e+00 0.000000000000000000e+00
6.993540143141155241e+00 0.000000000000000000e+00
7.018877586481114150e+00 0.000000000000000000e+00
7.044215029821074836e+00 0.000000000000000000e+00
7.069552473161035522e+00 0.000000000000000000e+00
7.094889916500994431e+00 0.000000000000000000e+00
7.120227359840955117e+00 0.000000000000000000e+00
7.145564803180915803e+00 0.000000000000000000e+00
7.170902246520876488e+00 0.000000000000000000e+00
7.196239689860837174e+00 0.000000000000000000e+00
7.221577133200796084e+00 0.000000000000000000e+00
7.246914576540756769e+00 0.000000000000000000e+00
7.272252019880717455e+00 0.000000000000000000e+00
7.297589463220676365e+00 0.000000000000000000e+00
7.322926906560637050e+00 0.000000000000000000e+00
7.348264349900597736e+00 0.000000000000000000e+00
7.373601793240558422e+00 0.000000000000000000e+00
7.398939236580519108e+00 0.000000000000000000e+00
7.424276679920478017e+00 0.000000000000000000e+00
7.449614123260438703e+00 0.000000000000000000e+00
7.474951566600399389e+00 0.000000000000000000e+00
7.500289009940358298e+00 0.000000000000000000e+00
7.525626453280318984e+00 0.000000000000000000e+00
7.550963896620279669e+00 0.000000000000000000e+00
7.576301339960240355e+00 0.000000000000000000e+00
7.601638783300201041e+00 0.000000000000000000e+00
7.626976226640159950e+00 0.000000000000000000e+00
7.652313669980120636e+00 0.000000000000000000e+00
7.677651113320081322e+00 0.000000000000000000e+00
7.702988556660040231e+00 0.000000000000000000e+00
7.728326000000000917e+00 0.000000000000000000e+00
7.753663443339961603e+00 0.000000000000000000e+00
7.779000886679922289e+00 0.000000000000000000e+00
7.804338330019882974e+00 0.000000000000000000e+00
7.829675773359841884e+00 0.000000000000000000e+00
7.855013216699802570e+00 0.000000000000000000e+00
7.880350660039763255e+00 0.000000000000000000e+00
7.905688103379722165e+00 0.000000000000000000e+00
7.931025546719682850e+00 0.000000000000000000e+00
7.956362990059643536e+00 0.000000000000000000e+00
7.981700433399604222e+00 0.000000000000000000e+00
8.007037876739564908e+00 0.000000000000000000e+00
8.032375320079523817e+00 0.000000000000000000e+00
8.057712763419484503e+00 0.000000000000000000e+00
8.083050206759445189e+00 0.000000000000000000e+00
8.108387650099404098e+00 0.000000000000000000e+00
8.133725093439364784e+00 0.000000000000000000e+00
8.159062536779325470e+00 0.000000000000000000e+00
8.184399980119286155e+00 0.000000000000000000e+00
8.209737423459246841e+00 0.000000000000000000e+00
8.235074866799205751e+00 0.000000000000000000e+00
8.260412310139166436e+00 0.000000000000000000e+00
8.285749753479127122e+00 0.000000000000000000e+00
8.311087196819086031e+00 0.000000000000000000e+00
8.336424640159046717e+00 0.000000000000000000e+00
8.361762083499007403e+00 0.000000000000000000e+00
8.387099526838968089e+00 0.000000000000000000e+00
8.412436970178928775e+00 0.000000000000000000e+00
8.437774413518887684e+00 0.000000000000000000e+00
8.463111856858848370e+00 0.000000000000000000e+00
8.488449300198809055e+00 0.000000000000000000e+00
8.513786743538767965e+00 0.000000000000000000e+00
8.539124186878728651e+00 0.000000000000000000e+00
8.564461630218689336e+00 0.000000000000000000e+00
8.589799073558650022e+00 0.000000000000000000e+00
8.615136516898610708e+00 0.000000000000000000e+00
8.640473960238569617e+00 0.000000000000000000e+00
8.665811403578530303e+00 0.000000000000000000e+00
8.691148846918490989e+00 0.000000000000000000e+00
8.716486290258449898e+00 0.000000000000000000e+00
8.741823733598410584e+00 0.000000000000000000e+00
8.767161176938371270e+00 0.000000000000000000e+00
8.792498620278331956e+00 0.000000000000000000e+00
8.817836063618292641e+00 0.000000000000000000e+00
8.843173506958251551e+00 0.000000000000000000e+00
8.868510950298212236e+00 0.000000000000000000e+00
8.893848393638172922e+00 0.000000000000000000e+00
8.919185836978131832e+00 0.000000000000000000e+00
8.944523280318092517e+00 0.000000000000000000e+00
8.969860723658053203e+00 0.000000000000000000e+00
8.995198166998013889e+00 0.000000000000000000e+00
9.020535610337974575e+00 0.000000000000000000e+00
9.045873053677933484e+00 0.000000000000000000e+00
9.071210497017894170e+00 0.000000000000000000e+00
9.096547940357854856e+00 0.000000000000000000e+00
9.121885383697813765e+00 0.000000000000000000e+00
9.147222827037774451e+00 0.000000000000000000e+00
9.172560270377735137e+00 0.000000000000000000e+00
9.197897713717695822e+00 0.000000000000000000e+00
9.223235157057656508e+00 0.000000000000000000e+00
9.248572600397615417e+00 0.000000000000000000e+00
9.273910043737576103e+00 0.000000000000000000e+00
9.299247487077536789e+00 0.000000000000000000e+00
9.324584930417495698e+00 0.000000000000000000e+00
9.349922373757456384e+00 0.000000000000000000e+00
9.375259817097417070e+00 0.000000000000000000e+00
9.400597260437377756e+00 0.000000000000000000e+00
9.425934703777338441e+00 0.000000000000000000e+00
9.451272147117297351e+00 0.000000000000000000e+00
9.476609590457258037e+00 0.000000000000000000e+00
9.501947033797218722e+00 0.000000000000000000e+00
9.527284477137177632e+00 0.000000000000000000e+00
9.552621920477138318e+00 0.000000000000000000e+00
9.577959363817099003e+00 0.000000000000000000e+00
9.603296807157059689e+00 0.000000000000000000e+00
9.628634250497020375e+00 0.000000000000000000e+00
9.653971693836979284e+00 0.000000000000000000e+00
9.679309137176939970e+00 0.000000000000000000e+00
9.704646580516900656e+00 0.000000000000000000e+00
9.729984023856859565e+00 0.000000000000000000e+00
9.755321467196820251e+00 0.000000000000000000e+00
9.780658910536780937e+00 0.000000000000000000e+00
9.805996353876741622e+00 0.000000000000000000e+00
9.831333797216702308e+00 0.000000000000000000e+00
9.856671240556661218e+00 0.000000000000000000e+00
9.882008683896621903e+00 0.000000000000000000e+00
9.907346127236582589e+00 0.000000000000000000e+00
9.932683570576541499e+00 0.000000000000000000e+00
9.958021013916502184e+00 0.000000000000000000e+00
9.983358457256462870e+00 0.000000000000000000e+00
1.000869590059642356e+01 0.000000000000000000e+00
1.003403334393638424e+01 0.000000000000000000e+00
1.005937078727634315e+01 0.000000000000000000e+00
1.008470823061630384e+01 0.000000000000000000e+00
1.011004567395626452e+01 0.000000000000000000e+00
1.013538311729622343e+01 0.000000000000000000e+00
1.016072056063618412e+01 0.000000000000000000e+00
1.018605800397614480e+01 0.000000000000000000e+00
1.021139544731610549e+01 0.000000000000000000e+00
1.023673289065606617e+01 0.000000000000000000e+00
1.026207033399602508e+01 0.000000000000000000e+00
1.028740777733598577e+01 0.000000000000000000e+00
1.031274522067594646e+01 0.000000000000000000e+00
1.033808266401590537e+01 0.000000000000000000e+00
1.036342010735586605e+01 0.000000000000000000e+00
1.038875755069582674e+01 0.000000000000000000e+00
1.041409499403578742e+01 0.000000000000000000e+00
1.043943243737574811e+01 0.000000000000000000e+00
1.046476988071570702e+01 0.000000000000000000e+00
1.049010732405566770e+01 0.000000000000000000e+00
1.051544476739562839e+01 0.000000000000000000e+00
1.054078221073558730e+01 0.000000000000000000e+00
1.056611965407554798e+01 0.000000000000000000e+00
1.059145709741550867e+01 0.000000000000000000e+00
1.061679454075546936e+01 0.000000000000000000e+00
1.064213198409543004e+01 0.000000000000000000e+00
1.066746942743538895e+01 0.000000000000000000e+00
1.069280687077534964e+01 0.000000000000000000e+00
1.071814431411531032e+01 0.000000000000000000e+00
1.074348175745526923e+01 0.000000000000000000e+00
1.076881920079522992e+01 0.000000000000000000e+00
1.079415664413519060e+01 0.000000000000000000e+00
1.081949408747515129e+01 0.000000000000000000e+00
1.084483153081511198e+01 0.000000000000000000e+00
1.087016897415507088e+01 0.000000000000000000e+00
1.089550641749503157e+01 0.000000000000000000e+00
1.092084386083499226e+01 0.000000000000000000e+00
1.094618130417495117e+01 0.000000000000000000e+00
1.097151874751491185e+01 0.000000000000000000e+00
1.099685619085487254e+01 0.000000000000000000e+00
1.102219363419483322e+01 0.000000000000000000e+00
1.104753107753479391e+01 0.000000000000000000e+00
1.107286852087475459e+01 0.000000000000000000e+00
1.109820596421471173e+01 0.000000000000000000e+00
1.112354340755467241e+01 0.000000000000000000e+00
1.114888085089463310e+01 0.000000000000000000e+00
1.117421829423459378e+01 0.000000000000000000e+00
1.119955573757455447e+01 0.000000000000000000e+00
1.122489318091451516e+01 0.000000000000000000e+00
1.125023062425447584e+01 0.000000000000000000e+00
1.127556806759443653e+01 0.000000000000000000e+00
1.130090551093439721e+01 0.000000000000000000e+00
1.132624295427435435e+01 0.000000000000000000e+00
1.135158039761431503e+01 0.000000000000000000e+00
1.137691784095427572e+01 0.000000000000000000e+00
1.140225528429423640e+01 0.000000000000000000e+00
1.142759272763419709e+01 0.000000000000000000e+00
1.145293017097415778e+01 0.000000000000000000e+00
1.147826761431411846e+01 0.000000000000000000e+00
1.150360505765407559e+01 0.000000000000000000e+00
1.152894250099403628e+01 0.000000000000000000e+00
1.155427994433399697e+01 0.000000000000000000e+00
1.157961738767395765e+01 0.000000000000000000e+00
1.160495483101391834e+01 0.000000000000000000e+00
1.163029227435387902e+01 0.000000000000000000e+00
1.165562971769383971e+01 0.000000000000000000e+00
1.168096716103380039e+01 0.000000000000000000e+00
1.170630460437376108e+01 0.000000000000000000e+00
1.173164204771371821e+01 0.000000000000000000e+00
1.175697949105367890e+01 0.000000000000000000e+00
1.178231693439363958e+01 0.000000000000000000e+00
1.180765437773360027e+01 0.000000000000000000e+00
1.183299182107356096e+01 0.000000000000000000e+00
1.185832926441352164e+01 0.000000000000000000e+00
1.188366670775348233e+01 0.000000000000000000e+00
1.190900415109343946e+01 0.000000000000000000e+00
1.193434159443340015e+01 0.000000000000000000e+00
1.195967903777336083e+01 0.000000000000000000e+00
1.198501648111332152e+01 0.000000000000000000e+00
1.201035392445328220e+01 0.000000000000000000e+00
1.203569136779324289e+01 0.000000000000000000e+00
1.206102881113320358e+01 0.000000000000000000e+00
1.208636625447316426e+01 0.000000000000000000e+00
1.211170369781312495e+01 0.000000000000000000e+00
1.213704114115308208e+01 0.000000000000000000e+00
1.216237858449304277e+01 0.000000000000000000e+00
1.218771602783300345e+01 0.000000000000000000e+00
1.221305347117296414e+01 0.000000000000000000e+00
1.223839091451292482e+01 0.000000000000000000e+00
1.226372835785288551e+01 0.000000000000000000e+00
1.228906580119284619e+01 0.000000000000000000e+00
1.231440324453280333e+01 0.000000000000000000e+00
1.233974068787276401e+01 0.000000000000000000e+00
1.236507813121272470e+01 0.000000000000000000e+00
1.239041557455268538e+01 0.000000000000000000e+00
1.241575301789264607e+01 0.000000000000000000e+00
1.244109046123260676e+01 0.000000000000000000e+00
1.246642790457256744e+01 0.000000000000000000e+00
1.249176534791252813e+01 0.000000000000000000e+00
1.251710279125248881e+01 0.000000000000000000e+00
1.254244023459244595e+01 0.000000000000000000e+00
1.256777767793240663e+01 0.000000000000000000e+00
1.259311512127236732e+01 0.000000000000000000e+00
1.261845256461232800e+01 0.000000000000000000e+00
1.264379000795228869e+01 0.000000000000000000e+00
1.266912745129224938e+01 0.000000000000000000e+00
1.269446489463221006e+01 0.000000000000000000e+00
1.271980233797216719e+01 0.000000000000000000e+00
1.274513978131212788e+01 0.000000000000000000e+00
1.277047722465208857e+01 0.000000000000000000e+00
1.279581466799204925e+01 0.000000000000000000e+00
1.282115211133200994e+01 0.000000000000000000e+00
1.284648955467197062e+01 0.000000000000000000e+00
1.287182699801193131e+01 0.000000000000000000e+00
1.289716444135189199e+01 0.000000000000000000e+00
1.292250188469185268e+01 0.000000000000000000e+00
1.294783932803180981e+01 0.000000000000000000e+00
1.297317677137177050e+01 0.000000000000000000e+00
1.299851421471173119e+01 0.000000000000000000e+00
1.302385165805169187e+01 0.000000000000000000e+00
1.304918910139165256e+01 0.000000000000000000e+00
1.307452654473161324e+01 0.000000000000000000e+00
1.309986398807157393e+01 0.000000000000000000e+00
1.312520143141153106e+01 0.000000000000000000e+00
1.315053887475149175e+01 0.000000000000000000e+00
1.317587631809145243e+01 0.000000000000000000e+00
1.320121376143141312e+01 0.000000000000000000e+00
1.322655120477137380e+01 0.000000000000000000e+00
1.325188864811133449e+01 0.000000000000000000e+00
1.327722609145129518e+01 0.000000000000000000e+00
1.330256353479125586e+01 0.000000000000000000e+00
1.332790097813121655e+01 0.000000000000000000e+00
1.335323842147117368e+01 0.000000000000000000e+00
1.337857586481113437e+01 0.000000000000000000e+00
1.340391330815109505e+01 0.000000000000000000e+00
1.342925075149105574e+01 0.000000000000000000e+00
1.345458819483101642e+01 0.000000000000000000e+00
1.347992563817097711e+01 0.000000000000000000e+00
1.350526308151093779e+01 0.000000000000000000e+00
1.353060052485089493e+01 0.000000000000000000e+00
1.355593796819085561e+01 0.000000000000000000e+00
1.358127541153081630e+01 0.000000000000000000e+00
1.360661285487077699e+01 0.000000000000000000e+00
1.363195029821073767e+01 0.000000000000000000e+00
1.365728774155069836e+01 0.000000000000000000e+00
1.368262518489065904e+01 0.000000000000000000e+00
1.370796262823061973e+01 0.000000000000000000e+00
1.373330007157058041e+01 0.000000000000000000e+00
1.375863751491053755e+01 0.000000000000000000e+00
1.378397495825049823e+01 0.000000000000000000e+00
1.380931240159045892e+01 0.000000000000000000e+00
1.383464984493041960e+01 0.000000000000000000e+00
1.385998728827038029e+01 0.000000000000000000e+00
1.388532473161034098e+01 0.000000000000000000e+00
1.391066217495030166e+01 0.000000000000000000e+00
1.393599961829025879e+01 0.000000000000000000e+00
1.396133706163021948e+01 0.000000000000000000e+00
1.398667450497018017e+01 0.000000000000000000e+00
1.401201194831014085e+01 0.000000000000000000e+00
1.403734939165010154e+01 0.000000000000000000e+00
1.406268683499006222e+01 0.000000000000000000e+00
1.408802427833002291e+01 0.000000000000000000e+00
1.411336172166998360e+01 0.000000000000000000e+00
1.413869916500994428e+01 0.000000000000000000e+00
1.416403660834990141e+01 0.000000000000000000e+00
1.418937405168986210e+01 0.000000000000000000e+00
1.421471149502982279e+01 0.000000000000000000e+00
1.424004893836978347e+01 0.000000000000000000e+00
1.426538638170974416e+01 0.000000000000000000e+00
1.429072382504970484e+01 0.000000000000000000e+00
1.431606126838966553e+01 0.000000000000000000e+00
1.434139871172962266e+01 0.000000000000000000e+00
1.436673615506958335e+01 0.000000000000000000e+00
1.439207359840954403e+01 0.000000000000000000e+00
1.441741104174950472e+01 0.000000000000000000e+00
1.444274848508946540e+01 0.000000000000000000e+00
1.446808592842942609e+01 0.000000000000000000e+00
1.449342337176938678e+01 0.000000000000000000e+00
1.451876081510934746e+01 0.000000000000000000e+00
1.454409825844930815e+01 0.000000000000000000e+00
1.456943570178926528e+01 0.000000000000000000e+00
1.459477314512922597e+01 0.000000000000000000e+00
1.462011058846918665e+01 0.000000000000000000e+00
1.464544803180914734e+01 0.000000000000000000e+00
1.467078547514910802e+01 0.000000000000000000e+00
1.469612291848906871e+01 0.000000000000000000e+00
1.472146036182902940e+01 0.000000000000000000e+00
1.474679780516898653e+01 0.000000000000000000e+00
1.477213524850894721e+01 0.000000000000000000e+00
1.479747269184890790e+01 0.000000000000000000e+00
1.482281013518886859e+01 0.000000000000000000e+00
1.484814757852882927e+01 0.000000000000000000e+00
1.487348502186878996e+01 0.000000000000000000e+00
1.489882246520875064e+01 0.000000000000000000e+00
1.492415990854871133e+01 0.000000000000000000e+00
1.494949735188867201e+01 0.000000000000000000e+00
1.497483479522862915e+01 0.000000000000000000e+00
1.500017223856858983e+01 0.000000000000000000e+00
1.502550968190855052e+01 0.000000000000000000e+00
1.505084712524851120e+01 0.000000000000000000e+00
1.507618456858847189e+01 0.000000000000000000e+00
1.510152201192843258e+01 0.000000000000000000e+00
1.512685945526839326e+01 0.000000000000000000e+00
1.515219689860835039e+01 0.000000000000000000e+00
1.517753434194831108e+01 0.000000000000000000e+00
1.520287178528827177e+01 0.000000000000000000e+00
1.522820922862823245e+01 0.000000000000000000e+00
1.525354667196819314e+01 0.000000000000000000e+00
1.527888411530815382e+01 0.000000000000000000e+00
1.530422155864811451e+01 0.000000000000000000e+00
1.532955900198807520e+01 0.000000000000000000e+00
1.535489644532803588e+01 0.000000000000000000e+00
1.538023388866799301e+01 0.000000000000000000e+00
1.540557133200795370e+01 0.000000000000000000e+00
1.543090877534791439e+01 0.000000000000000000e+00
1.545624621868787507e+01 0.000000000000000000e+00
1.548158366202783576e+01 0.000000000000000000e+00
1.550692110536779644e+01 0.000000000000000000e+00
1.553225854870775713e+01 0.000000000000000000e+00
1.555759599204771426e+01 0.000000000000000000e+00
1.558293343538767495e+01 0.000000000000000000e+00
1.560827087872763563e+01 0.000000000000000000e+00
1.563360832206759632e+01 0.000000000000000000e+00
1.565894576540755700e+01 0.000000000000000000e+00
1.568428320874751769e+01 0.000000000000000000e+00
1.570962065208747838e+01 0.000000000000000000e+00
1.573495809542743906e+01 0.000000000000000000e+00
1.576029553876739975e+01 0.000000000000000000e+00
1.578563298210735688e+01 0.000000000000000000e+00
1.581097042544731757e+01 0.000000000000000000e+00
1.583630786878727825e+01 0.000000000000000000e+00
1.586164531212723894e+01 0.000000000000000000e+00
1.588698275546719962e+01 0.000000000000000000e+00
1.591232019880716031e+01 0.000000000000000000e+00
1.593765764214712100e+01 0.000000000000000000e+00
1.596299508548707813e+01 0.000000000000000000e+00
1.598833252882703881e+01 0.000000000000000000e+00
1.601366997216700128e+01 0.000000000000000000e+00
1.603900741550695841e+01 0.000000000000000000e+00
1.606434485884692265e+01 0.000000000000000000e+00
1.608968230218687978e+01 0.000000000000000000e+00
1.611501974552684402e+01 0.000000000000000000e+00
1.614035718886680115e+01 0.000000000000000000e+00
1.616569463220676539e+01 0.000000000000000000e+00
1.619103207554672252e+01 0.000000000000000000e+00
1.621636951888667966e+01 0.000000000000000000e+00
1.624170696222664390e+01 0.000000000000000000e+00
1.626704440556660103e+01 0.000000000000000000e+00
1.629238184890656527e+01 0.000000000000000000e+00
1.631771929224652240e+01 0.000000000000000000e+00
1.634305673558648664e+01 0.000000000000000000e+00
1.636839417892644377e+01 0.000000000000000000e+00
1.639373162226640090e+01 0.000000000000000000e+00
1.641906906560636514e+01 0.000000000000000000e+00
1.644440650894632228e+01 0.000000000000000000e+00
1.646974395228628651e+01 0.000000000000000000e+00
1.649508139562624365e+01 0.000000000000000000e+00
1.652041883896620789e+01 0.000000000000000000e+00
1.654575628230616502e+01 0.000000000000000000e+00
1.657109372564612926e+01 0.000000000000000000e+00
1.659643116898608639e+01 0.000000000000000000e+00
1.662176861232604352e+01 0.000000000000000000e+00
1.664710605566600776e+01 0.000000000000000000e+00
1.667244349900596490e+01 0.000000000000000000e+00
1.669778094234592913e+01 0.000000000000000000e+00
1.672311838568588627e+01 0.000000000000000000e+00
1.674845582902585051e+01 0.000000000000000000e+00
1.677379327236580764e+01 0.000000000000000000e+00
1.679913071570576477e+01 0.000000000000000000e+00
1.682446815904572901e+01 0.000000000000000000e+00
1.684980560238568614e+01 0.000000000000000000e+00
1.687514304572565038e+01 0.000000000000000000e+00
1.690048048906560751e+01 0.000000000000000000e+00
1.692581793240557175e+01 0.000000000000000000e+00
1.695115537574552889e+01 0.000000000000000000e+00
1.697649281908549312e+01 0.000000000000000000e+00
1.700183026242545026e+01 0.000000000000000000e+00
1.702716770576540739e+01 0.000000000000000000e+00
1.705250514910537163e+01 0.000000000000000000e+00
1.707784259244532876e+01 0.000000000000000000e+00
1.710318003578529300e+01 0.000000000000000000e+00
1.712851747912525013e+01 0.000000000000000000e+00
1.715385492246521437e+01 0.000000000000000000e+00
1.717919236580517151e+01 0.000000000000000000e+00
1.720452980914512864e+01 0.000000000000000000e+00
1.722986725248509288e+01 0.000000000000000000e+00
1.725520469582505001e+01 0.000000000000000000e+00
1.728054213916501425e+01 0.000000000000000000e+00
1.730587958250497138e+01 0.000000000000000000e+00
1.733121702584493562e+01 0.000000000000000000e+00
1.735655446918489275e+01 0.000000000000000000e+00
1.738189191252485699e+01 0.000000000000000000e+00
1.740722935586481412e+01 0.000000000000000000e+00
1.743256679920477126e+01 0.000000000000000000e+00
1.745790424254473550e+01 0.000000000000000000e+00
1.748324168588469263e+01 0.000000000000000000e+00
1.750857912922465687e+01 0.000000000000000000e+00
1.753391657256461400e+01 0.000000000000000000e+00
1.755925401590457824e+01 0.000000000000000000e+00
1.758459145924453537e+01 0.000000000000000000e+00
1.760992890258449250e+01 0.000000000000000000e+00
1.763526634592445674e+01 0.000000000000000000e+00
1.766060378926441388e+01 0.000000000000000000e+00
1.768594123260437811e+01 0.000000000000000000e+00
1.771127867594433525e+01 0.000000000000000000e+00
1.773661611928429949e+01 0.000000000000000000e+00
1.776195356262425662e+01 0.000000000000000000e+00
1.778729100596422086e+01 0.000000000000000000e+00
1.781262844930417799e+01 0.000000000000000000e+00
1.783796589264413512e+01 0.000000000000000000e+00
1.786330333598409936e+01 0.000000000000000000e+00
1.788864077932405650e+01 0.000000000000000000e+00
1.791397822266402073e+01 0.000000000000000000e+00
1.793931566600397787e+01 0.000000000000000000e+00
1.796465310934394211e+01 0.000000000000000000e+00
1.798999055268389924e+01 0.000000000000000000e+00
1.801532799602385637e+01 0.000000000000000000e+00
1.804066543936382061e+01 0.000000000000000000e+00
1.806600288270377774e+01 0.000000000000000000e+00
1.809134032604374198e+01 0.000000000000000000e+00
1.811667776938369911e+01 0.000000000000000000e+00
1.814201521272366335e+01 0.000000000000000000e+00
1.816735265606362049e+01 0.000000000000000000e+00
1.819269009940358472e+01 0.000000000000000000e+00
1.821802754274354186e+01 0.000000000000000000e+00
1.824336498608349899e+01 0.000000000000000000e+00
1.826870242942346323e+01 0.000000000000000000e+00
1.829403987276342036e+01 0.000000000000000000e+00
1.831937731610338460e+01 0.000000000000000000e+00
1.834471475944334173e+01 0.000000000000000000e+00
1.837005220278330597e+01 0.000000000000000000e+00
1.839538964612326311e+01 0.000000000000000000e+00
1.842072708946322024e+01 0.000000000000000000e+00
1.844606453280318448e+01 0.000000000000000000e+00
1.847140197614314161e+01 0.000000000000000000e+00
1.849673941948310585e+01 0.000000000000000000e+00
1.852207686282306298e+01 0.000000000000000000e+00
1.854741430616302722e+01 0.000000000000000000e+00
1.857275174950298435e+01 0.000000000000000000e+00
1.859808919284294859e+01 0.000000000000000000e+00
1.862342663618290572e+01 0.000000000000000000e+00
1.864876407952286286e+01 0.000000000000000000e+00
1.867410152286282710e+01 0.000000000000000000e+00
1.869943896620278423e+01 0.000000000000000000e+00
1.872477640954274847e+01 0.000000000000000000e+00
1.875011385288270560e+01 0.000000000000000000e+00
1.877545129622266984e+01 0.000000000000000000e+00
1.880078873956262697e+01 0.000000000000000000e+00
1.882612618290258411e+01 0.000000000000000000e+00
1.885146362624254834e+01 0.000000000000000000e+00
1.887680106958250548e+01 0.000000000000000000e+00
1.890213851292246972e+01 0.000000000000000000e+00
1.892747595626242685e+01 0.000000000000000000e+00
1.895281339960239109e+01 0.000000000000000000e+00
1.897815084294234822e+01 0.000000000000000000e+00
1.900348828628231246e+01 0.000000000000000000e+00
1.902882572962226959e+01 0.000000000000000000e+00
1.905416317296222672e+01 0.000000000000000000e+00
1.907950061630219096e+01 0.000000000000000000e+00
1.910483805964214810e+01 0.000000000000000000e+00
1.913017550298211233e+01 0.000000000000000000e+00
1.915551294632206947e+01 0.000000000000000000e+00
1.918085038966203371e+01 0.000000000000000000e+00
1.920618783300199084e+01 0.000000000000000000e+00
1.923152527634194797e+01 0.000000000000000000e+00
1.925686271968191221e+01 0.000000000000000000e+00
1.928220016302186934e+01 0.000000000000000000e+00
1.930753760636183358e+01 0.000000000000000000e+00
1.933287504970179072e+01 0.000000000000000000e+00
1.935821249304175495e+01 0.000000000000000000e+00
1.938354993638171209e+01 0.000000000000000000e+00
1.940888737972167633e+01 0.000000000000000000e+00
1.943422482306163346e+01 0.000000000000000000e+00
1.945956226640159059e+01 0.000000000000000000e+00
1.948489970974155483e+01 0.000000000000000000e+00
1.951023715308151196e+01 0.000000000000000000e+00
1.953557459642147620e+01 0.000000000000000000e+00
1.956091203976143333e+01 0.000000000000000000e+00
1.958624948310139757e+01 0.000000000000000000e+00
1.961158692644135471e+01 0.000000000000000000e+00
1.963692436978131184e+01 0.000000000000000000e+00
1.966226181312127608e+01 0.000000000000000000e+00
1.968759925646123321e+01 0.000000000000000000e+00
1.971293669980119745e+01 0.000000000000000000e+00
1.973827414314115458e+01 0.000000000000000000e+00
1.976361158648111882e+01 0.000000000000000000e+00
1.978894902982107595e+01 0.000000000000000000e+00
1.981428647316104019e+01 0.000000000000000000e+00
1.983962391650099732e+01 0.000000000000000000e+00
1.986496135984095446e+01 0.000000000000000000e+00
1.989029880318091870e+01 0.000000000000000000e+00
1.991563624652087583e+01 0.000000000000000000e+00
1.994097368986084007e+01 0.000000000000000000e+00
1.996631113320079720e+01 0.000000000000000000e+00
1.999164857654076144e+01 0.000000000000000000e+00
2.001698601988071857e+01 0.000000000000000000e+00
2.004232346322067571e+01 0.000000000000000000e+00
2.006766090656063994e+01 0.000000000000000000e+00
2.009299834990059708e+01 0.000000000000000000e+00
2.011833579324056132e+01 0.000000000000000000e+00
2.014367323658051845e+01 0.000000000000000000e+00
2.016901067992048269e+01 0.000000000000000000e+00
2.019434812326043982e+01 0.000000000000000000e+00
2.021968556660040406e+01 0.000000000000000000e+00
2.024502300994036119e+01 0.000000000000000000e+00
2.027036045328031832e+01 0.000000000000000000e+00
2.029569789662028256e+01 0.000000000000000000e+00
2.032103533996023970e+01 0.000000000000000000e+00
2.034637278330020393e+01 0.000000000000000000e+00
2.037171022664016107e+01 0.000000000000000000e+00
2.039704766998012531e+01 0.000000000000000000e+00
2.042238511332008244e+01 0.000000000000000000e+00
2.044772255666003957e+01 0.000000000000000000e+00
