5.294475e+02 0.000000e+00 0.000000e+00 0.000000e+00 0.000000e+00
5.294851e+02 0.000000e+00 0.000000e+00 0.000000e+00 0.000000e+00
5.295226e+02 0.000000e+00 0.000000e+00 0.000000e+00 0.000000e+00
5.295602e+02 0.000000e+00 0.000000e+00 0.000000e+00 0.000000e+00
5.295977e+02 0.000000e+00 0.000000e+00 0.000000e+00 0.000000e+00
5.296353e+02 0.000000e+00 0.000000e+00 0.000000e+00 0.000000e+00
5.296728e+02 0.000000e+00 0.000000e+00 0.000000e+00 0.000000e+00
5.297104e+02 0.000000e+00 0.000000e+00 0.000000e+00 0.000000e+00
5.297479e+02 0.000000e+00 0.000000e+00 0.000000e+00 0.000000e+00
5.297855e+02 0.000000e+00 0.000000e+00 0.000000e+00 0.000000e+00
5.298230e+02 0.000000e+00 0.000000e+00 0.000000e+00 0.000000e+00
5.298606e+02 0.000000e+00 0.000000e+00 0.000000e+00 0.000000e+00
5.298981e+02 0.000000e+00 0.000000e+00 0.000000e+00 0.000000e+00
5.299357e+02 0.000000e+00 0.000000e+00 0.000000e+00 0.000000e+00
5.299732e+02 0.000000e+00 0.000000e+00 0.000000e+00 0.000000e+00
5.300108e+02 0.000000e+00 0.000000e+00 0.000000e+00 0.000000e+00
5.300483e+02 0.000000e+00 0.000000e+00 0.000000e+00 0.000000e+00
5.300859e+02 0.000000e+00 0.000000e+00 0.000000e+00 0.000000e+00
5.301234e+02 0.000000e+00 0.000000e+00 0.000000e+00 0.000000e+00
5.301610e+02 0.000000e+00 0.000000e+00 0.000000e+00 0.000000e+00
5.301985e+02 0.000000e+00 0.000000e+00 0.000000e+00 0.000000e+00
5.302361e+02 0.000000e+00 0.000000e+00 0.000000e+00 0.000000e+00
5.302737e+02 0.000000e+00 0.000000e+00 0.000000e+00 0.000000e+00
5.303112e+02 0.000000e+00 0.000000e+00 0.000000e+00 0.000000e+00
5.303488e+02 0.000000e+00 0.000000e+00 0.000000e+00 0.000000e+00
5.303863e+02 0.000000e+00 0.000000e+00 0.000000e+00 0.000000e+00
5.304239e+02 0.000000e+00 0.000000e+00 0.000000e+00 0.000000e+00
5.304614e+02 0.000000e+00 0.000000e+00 0.000000e+00 0.000000e+00
5.304990e+02 0.000000e+00 0.000000e+00 0.000000e+00 0.000000e+00
5.305365e+02 0.000000e+00 0.000000e+00 0.000000e+00 0.000000e+00
5.305741e+02 0.000000e+00 0.000000e+00 0.000000e+00 0.000000e+00
5.306116e+02 0.000000e+00 0.000000e+00 0.000000e+00 0.000000e+00
5.306492e+02 0.000000e+00 0.000000e+00 0.000000e+00 0.000000e+00
5.306867e+02 0.000000e+00 0.000000e+00 0.000000e+00 0.000000e+00
5.307243e+02 0.000000e+00 0.000000e+00 0.000000e+00 0.000000e+00
5.307618e+02 0.000000e+00 0.000000e+00 0.000000e+00 0.000000e+00
5.307994e+02 0.000000e+00 0.000000e+00 0.000000e+00 0.000000e+00
5.308369e+02 0.000000e+00 0.000000e+00 0.000000e+00 0.000000e+00
5.308745e+02 0.000000e+00 0.000000e+00 0.000000e+00 0.000000e+00
5.309120e+02 0.000000e+00 0.000000e+00 0.000000e+00 0.000000e+00
5.309496e+02 0.000000e+00 0.000000e+00 0.000000e+00 0.000000e+00
5.309871e+02 0.000000e+00 0.000000e+00 0.000000e+00 0.000000e+00
5.310247e+02 0.000000e+00 0.000000e+00 0.000000e+00 0.000000e+00
5.310622e+02 0.000000e+00 0.000000e+00 0.000000e+00 0.000000e+00
5.310998e+02 0.000000e+00 0.000000e+00 0.000000e+00 0.000000e+00
5.311373e+02 0.000000e+00 0.000000e+00 0.000000e+00 0.000000e+00
5.311749e+02 0.000000e+00 0.000000e+00 0.000000e+00 0.000000e+00
5.312125e+02 0.000000e+00 0.000000e+00 0.000000e+00 0.000000e+00
5.312500e+02 0.000000e+00 0.000000e+00 0.000000e+00 0.000000e+00
5.312876e+02 0.000000e+00 0.000000e+00 0.000000e+00 0.000000e+00
5.313251e+02 0.000000e+00 0.000000e+00 0.000000e+00 0.000000e+00
5.313627e+02 0.000000e+00 0.000000e+00 0.000000e+00 0.000000e+00
5.314002e+02 0.000000e+00 0.000000e+00 0.000000e+00 0.000000e+00
5.314378e+02 0.000000e+00 0.000000e+00 0.000000e+00 0.000000e+00
5.314753e+02 0.000000e+00 0.000000e+00 0.000000e+00 0.000000e+00
5.315129e+02 0.000000e+00 0.000000e+00 0.000000e+00 0.000000e+00
5.315504e+02 0.000000e+00 0.000000e+00 0.000000e+00 0.000000e+00
5.315880e+02 0.000000e+00 0.000000e+00 0.000000e+00 0.000000e+00
5.316255e+02 0.000000e+00 0.000000e+00 0.000000e+00 0.000000e+00
5.316631e+02 0.000000e+00 0.000000e+00 0.000000e+00 0.000000e+00
5.317006e+02 0.000000e+00 0.000000e+00 0.000000e+00 0.000000e+00
5.317382e+02 0.000000e+00 0.000000e+00 0.000000e+00 0.000000e+00
5.317757e+02 0.000000e+00 0.000000e+00 0.000000e+00 0.000000e+00
5.318133e+02 0.000000e+00 0.000000e+00 0.000000e+00 0.000000e+00
5.318508e+02 0.000000e+00 0.000000e+00 0.000000e+00 0.000000e+00
5.318884e+02 0.000000e+00 0.000000e+00 0.000000e+00 0.000000e+00
5.319259e+02 0.000000e+00 0.000000e+00 0.000000e+00 0.000000e+00
5.319635e+02 0.000000e+00 0.000000e+00 0.000000e+00 0.000000e+00
5.320010e+02 0.000000e+00 0.000000e+00 0.000000e+00 0.000000e+00
5.320386e+02 0.000000e+00 0.000000e+00 0.000000e+00 0.000000e+00
5.320761e+02 0.000000e+00 0.000000e+00 0.000000e+00 0.000000e+00
5.321137e+02 0.000000e+00 0.000000e+00 0.000000e+00 0.000000e+00
5.321513e+02 0.000000e+00 0.000000e+00 0.000000e+00 0.000000e+00
5.321888e+02 0.000000e+00 0.000000e+00 0.000000e+00 0.000000e+00
5.322264e+02 0.000000e+00 0.000000e+00 0.000000e+00 0.000000e+00
5.322639e+02 0.000000e+00 0.000000e+00 0.000000e+00 0.000000e+00
5.323015e+02 0.000000e+00 0.000000e+00 0.000000e+00 0.000000e+00
5.323390e+02 0.000000e+00 0.000000e+00 0.000000e+00 0.000000e+00
5.323766e+02 0.000000e+00 0.000000e+00 0.000000e+00 0.000000e+00
5.324141e+02 0.000000e+00 0.000000e+00 0.000000e+00 0.000000e+00
5.324517e+02 0.000000e+00 0.000000e+00 0.000000e+00 0.000000e+00
5.324892e+02 0.000000e+00 0.000000e+00 0.000000e+00 0.000000e+00
5.325268e+02 0.000000e+00 0.000000e+00 0.000000e+00 0.000000e+00
5.325643e+02 0.000000e+00 0.000000e+00 0.000000e+00 0.000000e+00
5.326019e+02 0.000000e+00 0.000000e+00 0.000000e+00 0.000000e+00
5.326394e+02 0.000000e+00 0.000000e+00 0.000000e+00 0.000000e+00
5.326770e+02 0.000000e+00 0.000000e+00 0.000000e+00 0.000000e+00
5.327145e+02 0.000000e+00 0.000000e+00 0.000000e+00 0.000000e+00
5.327521e+02 0.000000e+00 0.000000e+00 0.000000e+00 0.000000e+00
5.327896e+02 0.000000e+00 0.000000e+00 0.000000e+00 0.000000e+00
5.328272e+02 0.000000e+00 0.000000e+00 0.000000e+00 0.000000e+00
5.328647e+02 0.000000e+00 0.000000e+00 0.000000e+00 0.000000e+00
5.329023e+02 0.000000e+00 0.000000e+00 0.000000e+00 0.000000e+00
5.329398e+02 0.000000e+00 0.000000e+00 0.000000e+00 0.000000e+00
5.329774e+02 0.000000e+00 0.000000e+00 0.000000e+00 0.000000e+00
5.330149e+02 0.000000e+00 0.000000e+00 0.000000e+00 0.000000e+00
5.330525e+02 0.000000e+00 0.000000e+00 0.000000e+00 0.000000e+00
5.330901e+02 0.000000e+00 0.000000e+00 0.000000e+00 0.000000e+00
5.331276e+02 0.000000e+00 0.000000e+00 0.000000e+00 0.000000e+00
5.331652e+02 0.000000e+00 0.000000e+00 0.000000e+00 0.000000e+00
5.332027e+02 0.000000e+00 0.000000e+00 0.000000e+00 0.000000e+00
5.332403e+02 0.000000e+00 0.000000e+00 0.000000e+00 0.000000e+00
5.332778e+02 1.744461e-10 2.765680e-10 9.290361e-11 1.538669e-10
5.333154e+02 6.605317e-10 8.416053e-10 2.827218e-10 8.572680e-10
5.333529e+02 1.948292e-09 2.471470e-09 8.302467e-10 2.543161e-09
5.333905e+02 5.547754e-09 7.006355e-09 2.353667e-09 7.283239e-09
5.334280e+02 1.525045e-08 1.917428e-08 6.441292e-09 2.013579e-08
5.334656e+02 4.047166e-08 5.065661e-08 1.701731e-08 5.374107e-08
5.335031e+02 1.036864e-07 1.291943e-07 4.340093e-08 1.384641e-07
5.335407e+02 2.564458e-07 3.180829e-07 1.068556e-07 3.443989e-07
5.335782e+02 6.123109e-07 7.560101e-07 2.539718e-07 8.269509e-07
5.336158e+02 1.411404e-06 1.734622e-06 5.827252e-07 1.916863e-06
5.336533e+02 3.140749e-06 3.842132e-06 1.290720e-06 4.289395e-06
5.336909e+02 6.747116e-06 8.215419e-06 2.759883e-06 9.266046e-06
5.337284e+02 1.399285e-05 1.695810e-05 5.696908e-06 1.932353e-05
5.337660e+02 2.801540e-05 3.379207e-05 1.135214e-05 3.890199e-05
5.338035e+02 5.414903e-05 6.500436e-05 2.183768e-05 7.560506e-05
5.338411e+02 1.010387e-04 1.207147e-04 4.055322e-05 1.418481e-04
5.338786e+02 1.820068e-04 2.164054e-04 7.269997e-05 2.569150e-04
5.339162e+02 3.165124e-04 3.745122e-04 1.258152e-04 4.492097e-04
5.339537e+02 5.313699e-04 6.256824e-04 2.101950e-04 7.582324e-04
5.339913e+02 8.612048e-04 1.009095e-03 3.390013e-04 1.235518e-03
5.340289e+02 1.347470e-03 1.571087e-03 5.278015e-04 1.943523e-03
5.340664e+02 2.035332e-03 2.361339e-03 7.932863e-04 2.951370e-03
5.341040e+02 2.967936e-03 3.426152e-03 1.151011e-03 4.326645e-03
5.341415e+02 4.178084e-03 4.798937e-03 1.612200e-03 6.123117e-03
5.341791e+02 5.678103e-03 6.488936e-03 2.179959e-03 8.365415e-03
5.342166e+02 7.449597e-03 8.470168e-03 2.845562e-03 1.103306e-02
5.342542e+02 9.435519e-03 1.067335e-02 3.585732e-03 1.404748e-02
5.342917e+02 1.153725e-02 1.298373e-02 4.361920e-03 1.726610e-02
5.343293e+02 1.361891e-02 1.524713e-02 5.122331e-03 2.048726e-02
5.343668e+02 1.551979e-02 1.728491e-02 5.806945e-03 2.346751e-02
5.344044e+02 1.707391e-02 1.891629e-02 6.355033e-03 2.595040e-02
5.344419e+02 1.813359e-02 1.998458e-02 6.713949e-03 2.770223e-02
5.344795e+02 1.859252e-02 2.038188e-02 6.847442e-03 2.854823e-02
5.345170e+02 1.840333e-02 2.006705e-02 6.741690e-03 2.840125e-02
5.345546e+02 1.758564e-02 1.907273e-02 6.407658e-03 2.727655e-02
5.345921e+02 1.622273e-02 1.749977e-02 5.879223e-03 2.528920e-02
5.346297e+02 1.444752e-02 1.550036e-02 5.207517e-03 2.263469e-02
5.346672e+02 1.242129e-02 1.325383e-02 4.452783e-03 1.955725e-02
5.347048e+02 1.030965e-02 1.094035e-02 3.675551e-03 1.631304e-02
5.347423e+02 8.260850e-03 8.717879e-03 2.928893e-03 1.313578e-02
5.347799e+02 6.390129e-03 6.706266e-03 2.253070e-03 1.021105e-02
5.348174e+02 4.771978e-03 4.980131e-03 1.673154e-03 7.662650e-03
5.348550e+02 3.440260e-03 3.570186e-03 1.199464e-03 5.551129e-03
5.348925e+02 2.394352e-03 2.470763e-03 8.300966e-04 3.882197e-03
5.349301e+02 1.608751e-03 1.650674e-03 5.545749e-04 2.621004e-03
5.349677e+02 1.043503e-03 1.064588e-03 3.576696e-04 1.708251e-03
5.350052e+02 6.534354e-04 6.628150e-04 2.226867e-04 1.074804e-03
5.350428e+02 3.950173e-04 3.983764e-04 1.338439e-04 6.528316e-04
5.350803e+02 2.305342e-04 2.311466e-04 7.766062e-05 3.827955e-04
5.351179e+02 1.298874e-04 1.294740e-04 4.350423e-05 2.166839e-04
5.351554e+02 7.065454e-05 7.001975e-05 2.353582e-05 1.184081e-04
5.351930e+02 3.711849e-05 3.657562e-05 1.231523e-05 6.246461e-05
5.352305e+02 1.886011e-05 1.849180e-05 6.275792e-06 3.181274e-05
5.352681e+02 9.330019e-06 9.133407e-06 3.212216e-06 1.564444e-05
5.353056e+02 4.628211e-06 4.590624e-06 1.858949e-06 7.435061e-06
5.353432e+02 2.578461e-06 2.718062e-06 1.588219e-06 3.429102e-06
5.353807e+02 2.094728e-06 2.490368e-06 2.228494e-06 1.565322e-06
5.354183e+02 2.794238e-06 3.620930e-06 3.992013e-06 7.697692e-07
5.354558e+02 4.800725e-06 6.382104e-06 7.497735e-06 5.223373e-07
5.354934e+02 8.686211e-06 1.157180e-05 1.387680e-05 6.100346e-07
5.355309e+02 1.550854e-05 2.058006e-05 2.494565e-05 9.999041e-07
5.355685e+02 2.690728e-05 3.551272e-05 4.342353e-05 1.785579e-06
5.356060e+02 4.521956e-05 5.932537e-05 7.315465e-05 3.178656e-06
5.356436e+02 7.357053e-05 9.591084e-05 1.192729e-04 5.527818e-06
5.356811e+02 1.158842e-04 1.500730e-04 1.882243e-04 9.355230e-06
5.357187e+02 1.767559e-04 2.273176e-04 2.875479e-04 1.540228e-05
5.357562e+02 2.611367e-04 3.334054e-04 4.253264e-04 2.467819e-05
5.357938e+02 3.738002e-04 4.736501e-04 6.092522e-04 3.849816e-05
5.358313e+02 5.186167e-04 6.520069e-04 8.453382e-04 5.850511e-05
5.358689e+02 6.977089e-04 8.700720e-04 1.136398e-03 8.665619e-05
5.359065e+02 9.106301e-04 1.126184e-03 1.480543e-03 1.251635e-04
5.359440e+02 1.153748e-03 1.414859e-03 1.870008e-03 1.763779e-04
5.359816e+02 1.420020e-03 1.726773e-03 2.290675e-03 2.426126e-04
5.360191e+02 1.699298e-03 2.049435e-03 2.722546e-03 3.259149e-04
5.360567e+02 1.979212e-03 2.368532e-03 3.141297e-03 4.278066e-04
5.360942e+02 2.246541e-03 2.669789e-03 3.520802e-03 5.490310e-04
5.361318e+02 2.488878e-03 2.941026e-03 3.836255e-03 6.893514e-04
5.361693e+02 2.696276e-03 3.173999e-03 4.067378e-03 8.474506e-04
5.362069e+02 2.862572e-03 3.365656e-03 4.201098e-03 1.020963e-03
5.362444e+02 2.986119e-03 3.518530e-03 4.233179e-03 1.206649e-03
5.362820e+02 3.069785e-03 3.640168e-03 4.168508e-03 1.400679e-03
5.363195e+02 3.120227e-03 3.741725e-03 4.019994e-03 1.598962e-03
5.363571e+02 3.146592e-03 3.835981e-03 3.806374e-03 1.797422e-03
5.363946e+02 3.158887e-03 3.935148e-03 3.549370e-03 1.992142e-03
5.364322e+02 3.166319e-03 4.048857e-03 3.270780e-03 2.179320e-03
5.364697e+02 3.175884e-03 4.182603e-03 2.989989e-03 2.355060e-03
5.365073e+02 3.191409e-03 4.336866e-03 2.722279e-03 2.515083e-03
5.365448e+02 3.213178e-03 4.506976e-03 2.478054e-03 2.654503e-03
5.365824e+02 3.238161e-03 4.683699e-03 2.262948e-03 2.767836e-03
5.366199e+02 3.260794e-03 4.854444e-03 2.078593e-03 2.849344e-03
5.366575e+02 3.274143e-03 5.004919e-03 1.923780e-03 2.893729e-03
5.366950e+02 3.271276e-03 5.121032e-03 1.795710e-03 2.897086e-03
5.367326e+02 3.246595e-03 5.190792e-03 1.691112e-03 2.857881e-03
5.367701e+02 3.196908e-03 5.205945e-03 1.607073e-03 2.777707e-03
5.368077e+02 3.122066e-03 5.163122e-03 1.541510e-03 2.661565e-03
5.368453e+02 3.025057e-03 5.064311e-03 1.493306e-03 2.517555e-03
5.368828e+02 2.911575e-03 4.916574e-03 1.462167e-03 2.355985e-03
5.369204e+02 2.789149e-03 4.731069e-03 1.448306e-03 2.188070e-03
5.369579e+02 2.666038e-03 4.521537e-03 1.452068e-03 2.024510e-03
5.369955e+02 2.550113e-03 4.302534e-03 1.473575e-03 1.874230e-03
5.370330e+02 2.447910e-03 4.087684e-03 1.512495e-03 1.743550e-03
5.370706e+02 2.364033e-03 3.888258e-03 1.567954e-03 1.635888e-03
5.371081e+02 2.300940e-03 3.712229e-03 1.638605e-03 1.551987e-03
5.371457e+02 2.259092e-03 3.563915e-03 1.722826e-03 1.490534e-03
5.371832e+02 2.237365e-03 3.444148e-03 1.818989e-03 1.448957e-03
5.372208e+02 2.233594e-03 3.350862e-03 1.925719e-03 1.424201e-03
5.372583e+02 2.245112e-03 3.279920e-03 2.042093e-03 1.413321e-03
5.372959e+02 2.269187e-03 3.226030e-03 2.167706e-03 1.413825e-03
5.373334e+02 2.303313e-03 3.183572e-03 2.302603e-03 1.423764e-03
5.373710e+02 2.345335e-03 3.147281e-03 2.447088e-03 1.441636e-03
5.374085e+02 2.393460e-03 3.112699e-03 2.601472e-03 1.466207e-03
5.374461e+02 2.446198e-03 3.076431e-03 2.765833e-03 1.496331e-03
5.374836e+02 2.502300e-03 3.036206e-03 2.939872e-03 1.530823e-03
5.375212e+02 2.560724e-03 2.990814e-03 3.122933e-03 1.568425e-03
5.375587e+02 2.620669e-03 2.939965e-03 3.314208e-03 1.607835e-03
5.375963e+02 2.681667e-03 2.884115e-03 3.513093e-03 1.647791e-03
5.376338e+02 2.743695e-03 2.824308e-03 3.719631e-03 1.687146e-03
5.376714e+02 2.807291e-03 2.762030e-03 3.934908e-03 1.724935e-03
5.377089e+02 2.873596e-03 2.699096e-03 4.161288e-03 1.760404e-03
5.377465e+02 2.944304e-03 2.637532e-03 4.402381e-03 1.792998e-03
5.377841e+02 3.021498e-03 2.579452e-03 4.662705e-03 1.822338e-03
5.378216e+02 3.107385e-03 2.526904e-03 4.947089e-03 1.848161e-03
5.378592e+02 3.203974e-03 2.481676e-03 5.259970e-03 1.870277e-03
5.378967e+02 3.312787e-03 2.445101e-03 5.604754e-03 1.888507e-03
5.379343e+02 3.434658e-03 2.417863e-03 5.983471e-03 1.902639e-03
5.379718e+02 3.569697e-03 2.399867e-03 6.396828e-03 1.912395e-03
5.380094e+02 3.717431e-03 2.390195e-03 6.844681e-03 1.917417e-03
5.380469e+02 3.877078e-03 2.387173e-03 7.326771e-03 1.917290e-03
5.380845e+02 4.047862e-03 2.388561e-03 7.843433e-03 1.911592e-03
5.381220e+02 4.229263e-03 2.391831e-03 8.395985e-03 1.899974e-03
5.381596e+02 4.421085e-03 2.394495e-03 8.986512e-03 1.882248e-03
5.381971e+02 4.623302e-03 2.394445e-03 9.616988e-03 1.858471e-03
5.382347e+02 4.835701e-03 2.390234e-03 1.028787e-02 1.828995e-03
5.382722e+02 5.057427e-03 2.381267e-03 1.099654e-02 1.794470e-03
5.383098e+02 5.286575e-03 2.367878e-03 1.173604e-02 1.755811e-03
5.383473e+02 5.519974e-03 2.351281e-03 1.249452e-02 1.714125e-03
5.383849e+02 5.753259e-03 2.333403e-03 1.325575e-02 1.670627e-03
5.384224e+02 5.981225e-03 2.316619e-03 1.400050e-02 1.626554e-03
5.384600e+02 6.198387e-03 2.303428e-03 1.470864e-02 1.583096e-03
5.384975e+02 6.399587e-03 2.296088e-03 1.536133e-02 1.541342e-03
5.385351e+02 6.580502e-03 2.296266e-03 1.594300e-02 1.502243e-03
5.385726e+02 6.737921e-03 2.304760e-03 1.644242e-02 1.466582e-03
5.386102e+02 6.869763e-03 2.321309e-03 1.685303e-02 1.434946e-03
5.386477e+02 6.974880e-03 2.344573e-03 1.717236e-02 1.407712e-03
5.386853e+02 7.052748e-03 2.372262e-03 1.740094e-02 1.385046e-03
5.387229e+02 7.103167e-03 2.401437e-03 1.754114e-02 1.366922e-03
5.387604e+02 7.126070e-03 2.428912e-03 1.759613e-02 1.353166e-03
5.387980e+02 7.121482e-03 2.451721e-03 1.756921e-02 1.343512e-03
5.388355e+02 7.089609e-03 2.467547e-03 1.746361e-02 1.337669e-03
5.388731e+02 7.031004e-03 2.475045e-03 1.728260e-02 1.335366e-03
5.389106e+02 6.946733e-03 2.474001e-03 1.702981e-02 1.336386e-03
5.389482e+02 6.838490e-03 2.465313e-03 1.670960e-02 1.340559e-03
5.389857e+02 6.708624e-03 2.450786e-03 1.632735e-02 1.347736e-03
5.390233e+02 6.560094e-03 2.432807e-03 1.588973e-02 1.357748e-03
5.390608e+02 6.396358e-03 2.413943e-03 1.540478e-02 1.370351e-03
5.390984e+02 6.221232e-03 2.396556e-03 1.488195e-02 1.385189e-03
5.391359e+02 6.038722e-03 2.382486e-03 1.433190e-02 1.401775e-03
5.391735e+02 5.852853e-03 2.372872e-03 1.376620e-02 1.419491e-03
5.392110e+02 5.667482e-03 2.368124e-03 1.319670e-02 1.437621e-03
5.392486e+02 5.486104e-03 2.368040e-03 1.263488e-02 1.455396e-03
5.392861e+02 5.311668e-03 2.372033e-03 1.209092e-02 1.472054e-03
5.393237e+02 5.146419e-03 2.379389e-03 1.157297e-02 1.486897e-03
5.393612e+02 4.991818e-03 2.389491e-03 1.108661e-02 1.499350e-03
5.393988e+02 4.848532e-03 2.401948e-03 1.063464e-02 1.509003e-03
5.394363e+02 4.716538e-03 2.416589e-03 1.021738e-02 1.515647e-03
5.394739e+02 4.595311e-03 2.433342e-03 9.833287e-03 1.519304e-03
5.395114e+02 4.484056e-03 2.452040e-03 9.479876e-03 1.520251e-03
5.395490e+02 4.381958e-03 2.472230e-03 9.154608e-03 1.519037e-03
5.395865e+02 4.288377e-03 2.493045e-03 8.855606e-03 1.516479e-03
5.396241e+02 4.202951e-03 2.513200e-03 8.582018e-03 1.513636e-03
5.396617e+02 4.125601e-03 2.531112e-03 8.333960e-03 1.511732e-03
5.396992e+02 4.056416e-03 2.545114e-03 8.112109e-03 1.512024e-03
5.397368e+02 3.995469e-03 2.553717e-03 7.917074e-03 1.515617e-03
5.397743e+02 3.942610e-03 2.555830e-03 7.748753e-03 1.523247e-03
5.398119e+02 3.897273e-03 2.550910e-03 7.605854e-03 1.535055e-03
5.398494e+02 3.858376e-03 2.538990e-03 7.485715e-03 1.550424e-03
5.398870e+02 3.824326e-03 2.520610e-03 7.384460e-03 1.567907e-03
5.399245e+02 3.793155e-03 2.496691e-03 7.297463e-03 1.585311e-03
5.399621e+02 3.762764e-03 2.468380e-03 7.219982e-03 1.599931e-03
5.399996e+02 3.731232e-03 2.436933e-03 7.147824e-03 1.608940e-03
5.400372e+02 3.697117e-03 2.403635e-03 7.077874e-03 1.609842e-03
5.400747e+02 3.659690e-03 2.369760e-03 7.008377e-03 1.600931e-03
5.401123e+02 3.619033e-03 2.336541e-03 6.938925e-03 1.581633e-03
5.401498e+02 3.575979e-03 2.305119e-03 6.870156e-03 1.552663e-03
5.401874e+02 3.531892e-03 2.276465e-03 6.803259e-03 1.515952e-03
5.402249e+02 3.488335e-03 2.251268e-03 6.739384e-03 1.474354e-03
5.402625e+02 3.446711e-03 2.229829e-03 6.679108e-03 1.431197e-03
5.403000e+02 3.407940e-03 2.211997e-03 6.622048e-03 1.389774e-03
5.403376e+02 3.372258e-03 2.197175e-03 6.566725e-03 1.352874e-03
5.403751e+02 3.339189e-03 2.184428e-03 6.510693e-03 1.322446e-03
5.404127e+02 3.307678e-03 2.172662e-03 6.450923e-03 1.299449e-03
5.404502e+02 3.276370e-03 2.160855e-03 6.384371e-03 1.283884e-03
5.404878e+02 3.243959e-03 2.148277e-03 6.308623e-03 1.274977e-03
5.405253e+02 3.209535e-03 2.134655e-03 6.222482e-03 1.271468e-03
5.405629e+02 3.172847e-03 2.120244e-03 6.126378e-03 1.271919e-03
5.406005e+02 3.134419e-03 2.105787e-03 6.022484e-03 1.274986e-03
5.406380e+02 3.095493e-03 2.092366e-03 5.914492e-03 1.279621e-03
5.406756e+02 3.057810e-03 2.081193e-03 5.807070e-03 1.285166e-03
5.407131e+02 3.023266e-03 2.073358e-03 5.705096e-03 1.291343e-03
5.407507e+02 2.993522e-03 2.069607e-03 5.612796e-03 1.298163e-03
5.407882e+02 2.969642e-03 2.070182e-03 5.532972e-03 1.305771e-03
5.408258e+02 2.951831e-03 2.074751e-03 5.466469e-03 1.314272e-03
5.408633e+02 2.939329e-03 2.082448e-03 5.411971e-03 1.323568e-03
5.409009e+02 2.930470e-03 2.092002e-03 5.366160e-03 1.333249e-03
5.409384e+02 2.922901e-03 2.101951e-03 5.324192e-03 1.342560e-03
5.409760e+02 2.913903e-03 2.110874e-03 5.280385e-03 1.350451e-03
5.410135e+02 2.900780e-03 2.117621e-03 5.228996e-03 1.355722e-03
5.410511e+02 2.881229e-03 2.121483e-03 5.164979e-03 1.357224e-03
5.410886e+02 2.853659e-03 2.122265e-03 5.084619e-03 1.354092e-03
5.411262e+02 2.817403e-03 2.120268e-03 4.985988e-03 1.345953e-03
5.411637e+02 2.772808e-03 2.116150e-03 4.869198e-03 1.333077e-03
5.412013e+02 2.721189e-03 2.110732e-03 4.736420e-03 1.316415e-03
5.412388e+02 2.664653e-03 2.104772e-03 4.591671e-03 1.297516e-03
5.412764e+02 2.605828e-03 2.098761e-03 4.440391e-03 1.278331e-03
5.413139e+02 2.547520e-03 2.092808e-03 4.288820e-03 1.260931e-03
5.413515e+02 2.492362e-03 2.086623e-03 4.143268e-03 1.247196e-03
5.413890e+02 2.442504e-03 2.079624e-03 4.009358e-03 1.238530e-03
5.414266e+02 2.399391e-03 2.071125e-03 3.891383e-03 1.235665e-03
5.414641e+02 2.363673e-03 2.060569e-03 3.791872e-03 1.238577e-03
5.415017e+02 2.335256e-03 2.047746e-03 3.711472e-03 1.246550e-03
5.415393e+02 2.313479e-03 2.032936e-03 3.649157e-03 1.258344e-03
5.415768e+02 2.297371e-03 2.016948e-03 3.602708e-03 1.272456e-03
5.416144e+02 2.285941e-03 2.001036e-03 3.569373e-03 1.287413e-03
5.416519e+02 2.278427e-03 1.986722e-03 3.546520e-03 1.302037e-03
5.416895e+02 2.274446e-03 1.975543e-03 3.532157e-03 1.315638e-03
5.417270e+02 2.274019e-03 1.968785e-03 3.525170e-03 1.328101e-03
5.417646e+02 2.277446e-03 1.967249e-03 3.525241e-03 1.339849e-03
5.418021e+02 2.285085e-03 1.971081e-03 3.532488e-03 1.351686e-03
5.418397e+02 2.297065e-03 1.979706e-03 3.546923e-03 1.364565e-03
5.418772e+02 2.313028e-03 1.991872e-03 3.567905e-03 1.379306e-03
5.419148e+02 2.331969e-03 2.005803e-03 3.593757e-03 1.396346e-03
5.419523e+02 2.352220e-03 2.019439e-03 3.621665e-03 1.415556e-03
5.419899e+02 2.371612e-03 2.030735e-03 3.647926e-03 1.436177e-03
5.420274e+02 2.387770e-03 2.037948e-03 3.668473e-03 1.456890e-03
5.420650e+02 2.398490e-03 2.039893e-03 3.679570e-03 1.476007e-03
5.421025e+02 2.402102e-03 2.036083e-03 3.678477e-03 1.491746e-03
5.421401e+02 2.397744e-03 2.026769e-03 3.663930e-03 1.502534e-03
5.421776e+02 2.385477e-03 2.012845e-03 3.636311e-03 1.507275e-03
5.422152e+02 2.366231e-03 1.995666e-03 3.597490e-03 1.505537e-03
5.422527e+02 2.341617e-03 1.976821e-03 3.550408e-03 1.497622e-03
5.422903e+02 2.313649e-03 1.957916e-03 3.498514e-03 1.484518e-03
5.423278e+02 2.284460e-03 1.940397e-03 3.445229e-03 1.467755e-03
5.423654e+02 2.256060e-03 1.925458e-03 3.393533e-03 1.449188e-03
5.424029e+02 2.230173e-03 1.914006e-03 3.345747e-03 1.430765e-03
5.424405e+02 2.208156e-03 1.906680e-03 3.303498e-03 1.414289e-03
5.424781e+02 2.190966e-03 1.903873e-03 3.267794e-03 1.401229e-03
5.425156e+02 2.179159e-03 1.905756e-03 3.239144e-03 1.392578e-03
5.425532e+02 2.172890e-03 1.912262e-03 3.217636e-03 1.388772e-03
5.425907e+02 2.171905e-03 1.923066e-03 3.202959e-03 1.389689e-03
5.426283e+02 2.175546e-03 1.937565e-03 3.194365e-03 1.394709e-03
5.426658e+02 2.182776e-03 1.954879e-03 3.190618e-03 1.402831e-03
5.427034e+02 2.192240e-03 1.973898e-03 3.189978e-03 1.412844e-03
5.427409e+02 2.202380e-03 1.993371e-03 3.190263e-03 1.423506e-03
5.427785e+02 2.211582e-03 2.012028e-03 3.189002e-03 1.433715e-03
5.428160e+02 2.218340e-03 2.028717e-03 3.183668e-03 1.442636e-03
5.428536e+02 2.221420e-03 2.042528e-03 3.171959e-03 1.449774e-03
5.428911e+02 2.219980e-03 2.052889e-03 3.152083e-03 1.454967e-03
5.429287e+02 2.213643e-03 2.059616e-03 3.122994e-03 1.458320e-03
5.429662e+02 2.202519e-03 2.062919e-03 3.084544e-03 1.460094e-03
5.430038e+02 2.187154e-03 2.063358e-03 3.037529e-03 1.460575e-03
5.430413e+02 2.168447e-03 2.061766e-03 2.983615e-03 1.459959e-03
5.430789e+02 2.147525e-03 2.059143e-03 2.925160e-03 1.458272e-03
5.431164e+02 2.125615e-03 2.056546e-03 2.864949e-03 1.455350e-03
5.431540e+02 2.103914e-03 2.054979e-03 2.805879e-03 1.450885e-03
5.431915e+02 2.083484e-03 2.055298e-03 2.750643e-03 1.444511e-03
5.432291e+02 2.065171e-03 2.058145e-03 2.701434e-03 1.435934e-03
5.432666e+02 2.049563e-03 2.063902e-03 2.659734e-03 1.425053e-03
5.433042e+02 2.036975e-03 2.072676e-03 2.626190e-03 1.412057e-03
5.433417e+02 2.027458e-03 2.084303e-03 2.600604e-03 1.397467e-03
5.433793e+02 2.020838e-03 2.098377e-03 2.582024e-03 1.382113e-03
5.434169e+02 2.016756e-03 2.114291e-03 2.568928e-03 1.367049e-03
5.434544e+02 2.014730e-03 2.131306e-03 2.559458e-03 1.353427e-03
5.434920e+02 2.014212e-03 2.148619e-03 2.551673e-03 1.342343e-03
5.435295e+02 2.014639e-03 2.165446e-03 2.543773e-03 1.334697e-03
5.435671e+02 2.015486e-03 2.181094e-03 2.534280e-03 1.331083e-03
5.436046e+02 2.016290e-03 2.195017e-03 2.522131e-03 1.331723e-03
5.436422e+02 2.016665e-03 2.206847e-03 2.506705e-03 1.336445e-03
5.436797e+02 2.016295e-03 2.216396e-03 2.487778e-03 1.344711e-03
5.437173e+02 2.014919e-03 2.223640e-03 2.465442e-03 1.355674e-03
5.437548e+02 2.012313e-03 2.228686e-03 2.439999e-03 1.368253e-03
5.437924e+02 2.008282e-03 2.231744e-03 2.411868e-03 1.381233e-03
5.438299e+02 2.002663e-03 2.233105e-03 2.381516e-03 1.393369e-03
5.438675e+02 1.995347e-03 2.233128e-03 2.349413e-03 1.403499e-03
5.439050e+02 1.986304e-03 2.232223e-03 2.316024e-03 1.410665e-03
5.439426e+02 1.975618e-03 2.230826e-03 2.281814e-03 1.414216e-03
5.439801e+02 1.963506e-03 2.229356e-03 2.247264e-03 1.413897e-03
5.440177e+02 1.950311e-03 2.228159e-03 2.212874e-03 1.409899e-03
5.440552e+02 1.936482e-03 2.227454e-03 2.179153e-03 1.402840e-03
5.440928e+02 1.922528e-03 2.227298e-03 2.146585e-03 1.393701e-03
5.441303e+02 1.908950e-03 2.227587e-03 2.115584e-03 1.383679e-03
5.441679e+02 1.896187e-03 2.228108e-03 2.086444e-03 1.374011e-03
5.442054e+02 1.884558e-03 2.228615e-03 2.059302e-03 1.365757e-03
5.442430e+02 1.874230e-03 2.228933e-03 2.034135e-03 1.359623e-03
5.442805e+02 1.865211e-03 2.229039e-03 2.010777e-03 1.355816e-03
5.443181e+02 1.857361e-03 2.229105e-03 1.988979e-03 1.354000e-03
5.443557e+02 1.850432e-03 2.229489e-03 1.968467e-03 1.353341e-03
5.443932e+02 1.844113e-03 2.230669e-03 1.949005e-03 1.352665e-03
5.444308e+02 1.838086e-03 2.233155e-03 1.930419e-03 1.350683e-03
5.444683e+02 1.832077e-03 2.237383e-03 1.912591e-03 1.346259e-03
5.445059e+02 1.825907e-03 2.243639e-03 1.895413e-03 1.338668e-03
5.445434e+02 1.819515e-03 2.252021e-03 1.878733e-03 1.327791e-03
5.445810e+02 1.812981e-03 2.262440e-03 1.862300e-03 1.314203e-03
5.446185e+02 1.806523e-03 2.274665e-03 1.845752e-03 1.299152e-03
5.446561e+02 1.800474e-03 2.288377e-03 1.828647e-03 1.284398e-03
5.446936e+02 1.795251e-03 2.303236e-03 1.810552e-03 1.271965e-03
5.447312e+02 1.791305e-03 2.318929e-03 1.791157e-03 1.263829e-03
5.447687e+02 1.789062e-03 2.335181e-03 1.770400e-03 1.261605e-03
5.448063e+02 1.788855e-03 2.351748e-03 1.748543e-03 1.266272e-03
5.448438e+02 1.790855e-03 2.368366e-03 1.726197e-03 1.278002e-03
5.448814e+02 1.795012e-03 2.384681e-03 1.704244e-03 1.296111e-03
5.449189e+02 1.801005e-03 2.400169e-03 1.683698e-03 1.319148e-03
5.449565e+02 1.808228e-03 2.414075e-03 1.665506e-03 1.345103e-03
5.449940e+02 1.815811e-03 2.425390e-03 1.650339e-03 1.371705e-03
5.450316e+02 1.822693e-03 2.432893e-03 1.638439e-03 1.396748e-03
5.450691e+02 1.827731e-03 2.435273e-03 1.629540e-03 1.418381e-03
5.451067e+02 1.829845e-03 2.431317e-03 1.622899e-03 1.435321e-03
5.451442e+02 1.828172e-03 2.420146e-03 1.617432e-03 1.446938e-03
5.451818e+02 1.822193e-03 2.401440e-03 1.611911e-03 1.453228e-03
5.452193e+02 1.811824e-03 2.375603e-03 1.605200e-03 1.454670e-03
5.452569e+02 1.797435e-03 2.343804e-03 1.596450e-03 1.452051e-03
5.452945e+02 1.779797e-03 2.307888e-03 1.585236e-03 1.446268e-03
5.453320e+02 1.759983e-03 2.270140e-03 1.571611e-03 1.438198e-03
5.453696e+02 1.739213e-03 2.232960e-03 1.556062e-03 1.428617e-03
5.454071e+02 1.718708e-03 2.198508e-03 1.539413e-03 1.418203e-03
5.454447e+02 1.699551e-03 2.168402e-03 1.522672e-03 1.407578e-03
5.454822e+02 1.682594e-03 2.143531e-03 1.506881e-03 1.397369e-03
5.455198e+02 1.668401e-03 2.124014e-03 1.492953e-03 1.388236e-03
5.455573e+02 1.657245e-03 2.109314e-03 1.481552e-03 1.380868e-03
5.455949e+02 1.649124e-03 2.098465e-03 1.472986e-03 1.375920e-03
5.456324e+02 1.643810e-03 2.090357e-03 1.467162e-03 1.373910e-03
5.456700e+02 1.640898e-03 2.084004e-03 1.463576e-03 1.375115e-03
5.457075e+02 1.639866e-03 2.078752e-03 1.461375e-03 1.379471e-03
5.457451e+02 1.640128e-03 2.074383e-03 1.459465e-03 1.386536e-03
5.457826e+02 1.641091e-03 2.071103e-03 1.456672e-03 1.395499e-03
5.458202e+02 1.642211e-03 2.069442e-03 1.451918e-03 1.405273e-03
5.458577e+02 1.643039e-03 2.070096e-03 1.444388e-03 1.414633e-03
5.458953e+02 1.643267e-03 2.073748e-03 1.433659e-03 1.422393e-03
5.459328e+02 1.642746e-03 2.080907e-03 1.419754e-03 1.427577e-03
5.459704e+02 1.641496e-03 2.091791e-03 1.403124e-03 1.429571e-03
5.460079e+02 1.639678e-03 2.106263e-03 1.384563e-03 1.428209e-03
5.460455e+02 1.637553e-03 2.123812e-03 1.365058e-03 1.423789e-03
5.460830e+02 1.635411e-03 2.143577e-03 1.345638e-03 1.417019e-03
5.461206e+02 1.633509e-03 2.164406e-03 1.327226e-03 1.408896e-03
5.461581e+02 1.632001e-03 2.184927e-03 1.310523e-03 1.400553e-03
5.461957e+02 1.630901e-03 2.203654e-03 1.295960e-03 1.393090e-03
5.462333e+02 1.630074e-03 2.219103e-03 1.283689e-03 1.387430e-03
5.462708e+02 1.629256e-03 2.229921e-03 1.273637e-03 1.384209e-03
5.463084e+02 1.628104e-03 2.235017e-03 1.265575e-03 1.383721e-03
5.463459e+02 1.626265e-03 2.233677e-03 1.259206e-03 1.385912e-03
5.463835e+02 1.623433e-03 2.225645e-03 1.254249e-03 1.390407e-03
5.464210e+02 1.619407e-03 2.211156e-03 1.250489e-03 1.396576e-03
5.464586e+02 1.614114e-03 2.190916e-03 1.247821e-03 1.403605e-03
5.464961e+02 1.607616e-03 2.166027e-03 1.246241e-03 1.410579e-03
5.465337e+02 1.600093e-03 2.137882e-03 1.245826e-03 1.416571e-03
5.465712e+02 1.591810e-03 2.108029e-03 1.246678e-03 1.420723e-03
5.466088e+02 1.583077e-03 2.078043e-03 1.248849e-03 1.422338e-03
5.466463e+02 1.574209e-03 2.049402e-03 1.252264e-03 1.420961e-03
5.466839e+02 1.565493e-03 2.023395e-03 1.256646e-03 1.416439e-03
5.467214e+02 1.557162e-03 2.001052e-03 1.261478e-03 1.408954e-03
5.467590e+02 1.549382e-03 1.983122e-03 1.266009e-03 1.399016e-03
5.467965e+02 1.542263e-03 1.970064e-03 1.269318e-03 1.387407e-03
5.468341e+02 1.535868e-03 1.962079e-03 1.270442e-03 1.375083e-03
5.468716e+02 1.530245e-03 1.959153e-03 1.268528e-03 1.363055e-03
5.469092e+02 1.525461e-03 1.961108e-03 1.263013e-03 1.352261e-03
5.469467e+02 1.521622e-03 1.967661e-03 1.253756e-03 1.343449e-03
5.469843e+02 1.518891e-03 1.978456e-03 1.241120e-03 1.337097e-03
5.470218e+02 1.517476e-03 1.993097e-03 1.225970e-03 1.333360e-03
5.470594e+02 1.517596e-03 2.011137e-03 1.209581e-03 1.332070e-03
5.470969e+02 1.519433e-03 2.032063e-03 1.193478e-03 1.332757e-03
5.471345e+02 1.523063e-03 2.055254e-03 1.179231e-03 1.334704e-03
5.471721e+02 1.528399e-03 2.079936e-03 1.168240e-03 1.337020e-03
5.472096e+02 1.535139e-03 2.105141e-03 1.161544e-03 1.338731e-03
5.472472e+02 1.542753e-03 2.129689e-03 1.159682e-03 1.338889e-03
5.472847e+02 1.550501e-03 2.152197e-03 1.162626e-03 1.336680e-03
5.473223e+02 1.557488e-03 2.171131e-03 1.169791e-03 1.331543e-03
5.473598e+02 1.562761e-03 2.184903e-03 1.180113e-03 1.323266e-03
5.473974e+02 1.565420e-03 2.192012e-03 1.192194e-03 1.312055e-03
5.474349e+02 1.564743e-03 2.191208e-03 1.204479e-03 1.298541e-03
5.474725e+02 1.560289e-03 2.181676e-03 1.215457e-03 1.283733e-03
5.475100e+02 1.551979e-03 2.163198e-03 1.223841e-03 1.268898e-03
5.475476e+02 1.540126e-03 2.136263e-03 1.228725e-03 1.255389e-03
5.475851e+02 1.525409e-03 2.102105e-03 1.229673e-03 1.244448e-03
5.476227e+02 1.508800e-03 2.062647e-03 1.226743e-03 1.237012e-03
5.476602e+02 1.491448e-03 2.020339e-03 1.220438e-03 1.233567e-03
5.476978e+02 1.474530e-03 1.977920e-03 1.211600e-03 1.234071e-03
5.477353e+02 1.459114e-03 1.938123e-03 1.201252e-03 1.237968e-03
5.477729e+02 1.446032e-03 1.903375e-03 1.190435e-03 1.244286e-03
5.478104e+02 1.435797e-03 1.875541e-03 1.180052e-03 1.251798e-03
5.478480e+02 1.428573e-03 1.855749e-03 1.170754e-03 1.259217e-03
5.478855e+02 1.424192e-03 1.844317e-03 1.162880e-03 1.265380e-03
5.479231e+02 1.422219e-03 1.840797e-03 1.156459e-03 1.269399e-03
5.479606e+02 1.422040e-03 1.844109e-03 1.151256e-03 1.270755e-03
5.479982e+02 1.422971e-03 1.852730e-03 1.146854e-03 1.269330e-03
5.480357e+02 1.424352e-03 1.864909e-03 1.142755e-03 1.265392e-03
5.480733e+02 1.425618e-03 1.878856e-03 1.138466e-03 1.259532e-03
5.481109e+02 1.426351e-03 1.892898e-03 1.133571e-03 1.252584e-03
5.481484e+02 1.426297e-03 1.905579e-03 1.127780e-03 1.245532e-03
5.481860e+02 1.425362e-03 1.915727e-03 1.120949e-03 1.239409e-03
5.482235e+02 1.423592e-03 1.922492e-03 1.113085e-03 1.235200e-03
5.482611e+02 1.421151e-03 1.925371e-03 1.104340e-03 1.233741e-03
5.482986e+02 1.418285e-03 1.924228e-03 1.094986e-03 1.235640e-03
5.483362e+02 1.415297e-03 1.919291e-03 1.085395e-03 1.241204e-03
5.483737e+02 1.412508e-03 1.911129e-03 1.076003e-03 1.250392e-03
5.484113e+02 1.410219e-03 1.900574e-03 1.067276e-03 1.262807e-03
5.484488e+02 1.408659e-03 1.888601e-03 1.059665e-03 1.277710e-03
5.484864e+02 1.407937e-03 1.876167e-03 1.053576e-03 1.294068e-03
5.485239e+02 1.408001e-03 1.864036e-03 1.049332e-03 1.310634e-03
5.485615e+02 1.408611e-03 1.852634e-03 1.047153e-03 1.326045e-03
5.485990e+02 1.409345e-03 1.841954e-03 1.047142e-03 1.338938e-03
5.486366e+02 1.409631e-03 1.831541e-03 1.049275e-03 1.348078e-03
5.486741e+02 1.408819e-03 1.820574e-03 1.053403e-03 1.352481e-03
5.487117e+02 1.406270e-03 1.808025e-03 1.059250e-03 1.351534e-03
5.487492e+02 1.401454e-03 1.792872e-03 1.066418e-03 1.345072e-03
5.487868e+02 1.394048e-03 1.774319e-03 1.074400e-03 1.333427e-03
5.488243e+02 1.384001e-03 1.751999e-03 1.082594e-03 1.317410e-03
5.488619e+02 1.371565e-03 1.726098e-03 1.090347e-03 1.298252e-03
5.488994e+02 1.357289e-03 1.697385e-03 1.097000e-03 1.277481e-03
5.489370e+02 1.341955e-03 1.667136e-03 1.101955e-03 1.256774e-03
5.489745e+02 1.326491e-03 1.636954e-03 1.104740e-03 1.237779e-03
5.490121e+02 1.311845e-03 1.608525e-03 1.105062e-03 1.221948e-03
5.490497e+02 1.298859e-03 1.583343e-03 1.102846e-03 1.210387e-03
5.490872e+02 1.288151e-03 1.562463e-03 1.098243e-03 1.203746e-03
5.491248e+02 1.280030e-03 1.546328e-03 1.091603e-03 1.202158e-03
5.491623e+02 1.274457e-03 1.534702e-03 1.083430e-03 1.205238e-03
5.491999e+02 1.271064e-03 1.526724e-03 1.074319e-03 1.212149e-03
5.492374e+02 1.269226e-03 1.521072e-03 1.064888e-03 1.221716e-03
5.492750e+02 1.268169e-03 1.516204e-03 1.055724e-03 1.232581e-03
5.493125e+02 1.267111e-03 1.510620e-03 1.047337e-03 1.243376e-03
5.493501e+02 1.265378e-03 1.503107e-03 1.040139e-03 1.252888e-03
5.493876e+02 1.262508e-03 1.492912e-03 1.034421e-03 1.260190e-03
5.494252e+02 1.258298e-03 1.479826e-03 1.030354e-03 1.264714e-03
5.494627e+02 1.252809e-03 1.464173e-03 1.027977e-03 1.266278e-03
5.495003e+02 1.246323e-03 1.446722e-03 1.027199e-03 1.265047e-03
5.495378e+02 1.239270e-03 1.428541e-03 1.027805e-03 1.261463e-03
5.495754e+02 1.232149e-03 1.410837e-03 1.029464e-03 1.256145e-03
5.496129e+02 1.225451e-03 1.394802e-03 1.031758e-03 1.249793e-03
5.496505e+02 1.219597e-03 1.381480e-03 1.034212e-03 1.243098e-03
5.496880e+02 1.214897e-03 1.371681e-03 1.036337e-03 1.236673e-03
5.497256e+02 1.211536e-03 1.365919e-03 1.037674e-03 1.231013e-03
5.497631e+02 1.209567e-03 1.364394e-03 1.037828e-03 1.226479e-03
5.498007e+02 1.208930e-03 1.366991e-03 1.036497e-03 1.223301e-03
5.498382e+02 1.209467e-03 1.373304e-03 1.033493e-03 1.221603e-03
5.498758e+02 1.210955e-03 1.382676e-03 1.028752e-03 1.221436e-03
5.499133e+02 1.213130e-03 1.394251e-03 1.022342e-03 1.222797e-03
5.499509e+02 1.215716e-03 1.407036e-03 1.014463e-03 1.225650e-03
5.499885e+02 1.218452e-03 1.419977e-03 1.005455e-03 1.229923e-03
5.500260e+02 1.221100e-03 1.432030e-03 9.957824e-04 1.235487e-03
5.500636e+02 1.223463e-03 1.442236e-03 9.860210e-04 1.242132e-03
5.501011e+02 1.225380e-03 1.449785e-03 9.768194e-04 1.249536e-03
5.501387e+02 1.226720e-03 1.454058e-03 9.688444e-04 1.257257e-03
5.501762e+02 1.227367e-03 1.454658e-03 9.627109e-04 1.264733e-03
5.502138e+02 1.227209e-03 1.451406e-03 9.589045e-04 1.271315e-03
5.502513e+02 1.226117e-03 1.444327e-03 9.577111e-04 1.276312e-03
5.502889e+02 1.223946e-03 1.433612e-03 9.591663e-04 1.279060e-03
5.503264e+02 1.220535e-03 1.419577e-03 9.630385e-04 1.278989e-03
5.503640e+02 1.215726e-03 1.402632e-03 9.688485e-04 1.275697e-03
5.504015e+02 1.209392e-03 1.383239e-03 9.759265e-04 1.269011e-03
5.504391e+02 1.201476e-03 1.361903e-03 9.834935e-04 1.259030e-03
5.504766e+02 1.192021e-03 1.339153e-03 9.907549e-04 1.246154e-03
5.505142e+02 1.181199e-03 1.315540e-03 9.969867e-04 1.231069e-03
5.505517e+02 1.169311e-03 1.291633e-03 1.001603e-03 1.214698e-03
5.505893e+02 1.156772e-03 1.268008e-03 1.004193e-03 1.198113e-03
5.506268e+02 1.144063e-03 1.245234e-03 1.004535e-03 1.182420e-03
5.506644e+02 1.131681e-03 1.223854e-03 1.002570e-03 1.168620e-03
5.507019e+02 1.120076e-03 1.204359e-03 9.983767e-04 1.157492e-03
5.507395e+02 1.109594e-03 1.187167e-03 9.921237e-04 1.149491e-03
5.507770e+02 1.100445e-03 1.172599e-03 9.840314e-04 1.144706e-03
5.508146e+02 1.092691e-03 1.160865e-03 9.743435e-04 1.142865e-03
5.508521e+02 1.086257e-03 1.152054e-03 9.633110e-04 1.143405e-03
5.508897e+02 1.080964e-03 1.146131e-03 9.511904e-04 1.145571e-03
5.509273e+02 1.076575e-03 1.142941e-03 9.382498e-04 1.148535e-03
5.509648e+02 1.072836e-03 1.142211e-03 9.247762e-04 1.151520e-03
5.510024e+02 1.069510e-03 1.143568e-03 9.110771e-04 1.153886e-03
5.510399e+02 1.066405e-03 1.146554e-03 8.974710e-04 1.155192e-03
5.510775e+02 1.063376e-03 1.150650e-03 8.842684e-04 1.155209e-03
5.511150e+02 1.060325e-03 1.155317e-03 8.717478e-04 1.153909e-03
5.511526e+02 1.057193e-03 1.160031e-03 8.601346e-04 1.151414e-03
5.511901e+02 1.053957e-03 1.164328e-03 8.495925e-04 1.147951e-03
5.512277e+02 1.050618e-03 1.167837e-03 8.402290e-04 1.143789e-03
5.512652e+02 1.047206e-03 1.170306e-03 8.321164e-04 1.139195e-03
5.513028e+02 1.043771e-03 1.171599e-03 8.253194e-04 1.134394e-03
5.513403e+02 1.040383e-03 1.171679e-03 8.199204e-04 1.129548e-03
5.513779e+02 1.037113e-03 1.170567e-03 8.160314e-04 1.124741e-03
5.514154e+02 1.034025e-03 1.168293e-03 8.137873e-04 1.119994e-03
5.514530e+02 1.031148e-03 1.164848e-03 8.133198e-04 1.115275e-03
5.514905e+02 1.028469e-03 1.160155e-03 8.147167e-04 1.110535e-03
5.515281e+02 1.025926e-03 1.154053e-03 8.179779e-04 1.105746e-03
5.515656e+02 1.023412e-03 1.146322e-03 8.229766e-04 1.100938e-03
5.516032e+02 1.020798e-03 1.136724e-03 8.294382e-04 1.096232e-03
5.516407e+02 1.017954e-03 1.125068e-03 8.369401e-04 1.091853e-03
5.516783e+02 1.014778e-03 1.111284e-03 8.449348e-04 1.088116e-03
5.517158e+02 1.011222e-03 1.095487e-03 8.527940e-04 1.085384e-03
5.517534e+02 1.007298e-03 1.078023e-03 8.598645e-04 1.084006e-03
5.517909e+02 1.003078e-03 1.059477e-03 8.655302e-04 1.084227e-03
5.518285e+02 9.986685e-04 1.040629e-03 8.692688e-04 1.086108e-03
5.518661e+02 9.941770e-04 1.022378e-03 8.706975e-04 1.089455e-03
5.519036e+02 9.896723e-04 1.005624e-03 8.696009e-04 1.093792e-03
5.519412e+02 9.851484e-04 9.911334e-04 8.659403e-04 1.098371e-03
5.519787e+02 9.805043e-04 9.794312e-04 8.598434e-04 1.102238e-03
5.520163e+02 9.755473e-04 9.707146e-04 8.515800e-04 1.104347e-03
5.520538e+02 9.700209e-04 9.648321e-04 8.415266e-04 1.103704e-03
5.520914e+02 9.636574e-04 9.613205e-04 8.301290e-04 1.099523e-03
5.521289e+02 9.562417e-04 9.594944e-04 8.178663e-04 1.091364e-03
5.521665e+02 9.476753e-04 9.585676e-04 8.052222e-04 1.079236e-03
5.522040e+02 9.380240e-04 9.577802e-04 7.926646e-04 1.063627e-03
5.522416e+02 9.275378e-04 9.565058e-04 7.806340e-04 1.045473e-03
5.522791e+02 9.166366e-04 9.543197e-04 7.695346e-04 1.026056e-03
5.523167e+02 9.058643e-04 9.510220e-04 7.597279e-04 1.006843e-03
5.523542e+02 8.958185e-04 9.466186e-04 7.515219e-04 9.893149e-04
5.523918e+02 8.870716e-04 9.412733e-04 7.451568e-04 9.747847e-04
5.524293e+02 8.800982e-04 9.352477e-04 7.407884e-04 9.642585e-04
5.524669e+02 8.752211e-04 9.288445e-04 7.384730e-04 9.583456e-04
5.525044e+02 8.725843e-04 9.223660e-04 7.381586e-04 9.572282e-04
5.525420e+02 8.721545e-04 9.160907e-04 7.396872e-04 9.606858e-04
5.525795e+02 8.737458e-04 9.102677e-04 7.428085e-04 9.681613e-04
5.526171e+02 8.770578e-04 9.051214e-04 7.472022e-04 9.788498e-04
5.526546e+02 8.817184e-04 9.008570e-04 7.525058e-04 9.917923e-04
5.526922e+02 8.873206e-04 8.976613e-04 7.583390e-04 1.005962e-03
5.527297e+02 8.934487e-04 8.956925e-04 7.643229e-04 1.020331e-03
5.527673e+02 8.996921e-04 8.950611e-04 7.700905e-04 1.033925e-03
5.528049e+02 9.056509e-04 8.958046e-04 7.752908e-04 1.045857e-03
5.528424e+02 9.109384e-04 8.978651e-04 7.795926e-04 1.055357e-03
5.528800e+02 9.151873e-04 9.010763e-04 7.826924e-04 1.061793e-03
5.529175e+02 9.180653e-04 9.051674e-04 7.843308e-04 1.064698e-03
5.529551e+02 9.192999e-04 9.097846e-04 7.843177e-04 1.063797e-03
5.529926e+02 9.187106e-04 9.145283e-04 7.825612e-04 1.059042e-03
5.530302e+02 9.162410e-04 9.189992e-04 7.790936e-04 1.050630e-03
5.530677e+02 9.119821e-04 9.228417e-04 7.740845e-04 1.039020e-03
5.531053e+02 9.061769e-04 9.257786e-04 7.678355e-04 1.024917e-03
5.531428e+02 8.992046e-04 9.276280e-04 7.607522e-04 1.009234e-03
5.531804e+02 8.915398e-04 9.283036e-04 7.532989e-04 9.930168e-04
5.532179e+02 8.836954e-04 9.277993e-04 7.459409e-04 9.773459e-04
5.532555e+02 8.761579e-04 9.261645e-04 7.390867e-04 9.632224e-04
5.532930e+02 8.693259e-04 9.234759e-04 7.330404e-04 9.514613e-04
5.533306e+02 8.634637e-04 9.198121e-04 7.279713e-04 9.426076e-04
5.533681e+02 8.586771e-04 9.152330e-04 7.239066e-04 9.368918e-04
5.534057e+02 8.549154e-04 9.097682e-04 7.207462e-04 9.342317e-04
5.534432e+02 8.519959e-04 9.034140e-04 7.182950e-04 9.342788e-04
5.534808e+02 8.496486e-04 8.961417e-04 7.163080e-04 9.364962e-04
5.535183e+02 8.475686e-04 8.879151e-04 7.145379e-04 9.402528e-04
5.535559e+02 8.454709e-04 8.787173e-04 7.127811e-04 9.449143e-04
5.535934e+02 8.431361e-04 8.685806e-04 7.109122e-04 9.499155e-04
5.536310e+02 8.404415e-04 8.576131e-04 7.089055e-04 9.548060e-04
5.536685e+02 8.373725e-04 8.460144e-04 7.068387e-04 9.592644e-04
5.537061e+02 8.340123e-04 8.340719e-04 7.048792e-04 9.630858e-04
5.537437e+02 8.305135e-04 8.221373e-04 7.032540e-04 9.661493e-04
5.537812e+02 8.270561e-04 8.105849e-04 7.022072e-04 9.683761e-04
5.538188e+02 8.237999e-04 7.997607e-04 7.019500e-04 9.696890e-04
5.538563e+02 8.208430e-04 7.899345e-04 7.026100e-04 9.699844e-04
5.538939e+02 8.181932e-04 7.812669e-04 7.041872e-04 9.691256e-04
5.539314e+02 8.157607e-04 7.737987e-04 7.065250e-04 9.669586e-04
5.539690e+02 8.133728e-04 7.674658e-04 7.093007e-04 9.633519e-04
5.540065e+02 8.108075e-04 7.621336e-04 7.120415e-04 9.582475e-04
5.540441e+02 8.078389e-04 7.576421e-04 7.141637e-04 9.517110e-04
5.540816e+02 8.042818e-04 7.538483e-04 7.150327e-04 9.439642e-04
5.541192e+02 8.000268e-04 7.506579e-04 7.140358e-04 9.353867e-04
5.541567e+02 7.950585e-04 7.480370e-04 7.106576e-04 9.264809e-04
5.541943e+02 7.894543e-04 7.460078e-04 7.045493e-04 9.178058e-04
5.542318e+02 7.833681e-04 7.446295e-04 6.955821e-04 9.098927e-04
5.542694e+02 7.770060e-04 7.439750e-04 6.838797e-04 9.031633e-04
5.543069e+02 7.706012e-04 7.441088e-04 6.698249e-04 8.978700e-04
5.543445e+02 7.643955e-04 7.450725e-04 6.540412e-04 8.940729e-04
5.543820e+02 7.586280e-04 7.468772e-04 6.373502e-04 8.916567e-04
5.544196e+02 7.535291e-04 7.495001e-04 6.207062e-04 8.903812e-04
5.544571e+02 7.493155e-04 7.528812e-04 6.051139e-04 8.899515e-04
5.544947e+02 7.461798e-04 7.569158e-04 5.915349e-04 8.900886e-04
5.545322e+02 7.442728e-04 7.614427e-04 5.807905e-04 8.905851e-04
5.545698e+02 7.436794e-04 7.662316e-04 5.734730e-04 8.913334e-04
5.546073e+02 7.443928e-04 7.709759e-04 5.698770e-04 8.923255e-04
5.546449e+02 7.462950e-04 7.752983e-04 5.699625e-04 8.936243e-04
5.546825e+02 7.491503e-04 7.787737e-04 5.733591e-04 8.953182e-04
5.547200e+02 7.526173e-04 7.809706e-04 5.794137e-04 8.974675e-04
5.547576e+02 7.562793e-04 7.815047e-04 5.872778e-04 9.000554e-04
5.547951e+02 7.596894e-04 7.800952e-04 5.960211e-04 9.029520e-04
5.548327e+02 7.624208e-04 7.766109e-04 6.047528e-04 9.058986e-04
5.548702e+02 7.641129e-04 7.710942e-04 6.127272e-04 9.085173e-04
5.549078e+02 7.645048e-04 7.637545e-04 6.194161e-04 9.103436e-04
5.549453e+02 7.634485e-04 7.549304e-04 6.245345e-04 9.108806e-04
5.549829e+02 7.609036e-04 7.450268e-04 6.280174e-04 9.096667e-04
5.550204e+02 7.569153e-04 7.344422e-04 6.299582e-04 9.063455e-04
5.550580e+02 7.515853e-04 7.235036e-04 6.305263e-04 9.007260e-04
5.550955e+02 7.450442e-04 7.124248e-04 6.298862e-04 8.928215e-04
5.551331e+02 7.374323e-04 7.013005e-04 6.281384e-04 8.828579e-04
5.551706e+02 7.288933e-04 6.901361e-04 6.252959e-04 8.712478e-04
5.552082e+02 7.195785e-04 6.789048e-04 6.212973e-04 8.585335e-04
5.552457e+02 7.096576e-04 6.676122e-04 6.160514e-04 8.453092e-04
5.552833e+02 6.993274e-04 6.563508e-04 6.094949e-04 8.321366e-04
5.553208e+02 6.888140e-04 6.453246e-04 6.016461e-04 8.194712e-04
5.553584e+02 6.783632e-04 6.348371e-04 5.926382e-04 8.076142e-04
5.553959e+02 6.682213e-04 6.252443e-04 5.827222e-04 7.966975e-04
5.554335e+02 6.586108e-04 6.168872e-04 5.722406e-04 7.867047e-04
5.554710e+02 6.497060e-04 6.100203e-04 5.615790e-04 7.775188e-04
5.555086e+02 6.416171e-04 6.047555e-04 5.511114e-04 7.689845e-04
5.555461e+02 6.343845e-04 6.010337e-04 5.411522e-04 7.609677e-04
5.555837e+02 6.279857e-04 5.986300e-04 5.319294e-04 7.533977e-04
5.556213e+02 6.223509e-04 5.971873e-04 5.235813e-04 7.462843e-04
5.556588e+02 6.173842e-04 5.962715e-04 5.161749e-04 7.397063e-04
5.556964e+02 6.129833e-04 5.954346e-04 5.097370e-04 7.337783e-04
5.557339e+02 6.090553e-04 5.942753e-04 5.042840e-04 7.286065e-04
5.557715e+02 6.055255e-04 5.924887e-04 4.998423e-04 7.242456e-04
5.558090e+02 6.023385e-04 5.898987e-04 4.964489e-04 7.206679e-04
5.558466e+02 5.994525e-04 5.864713e-04 4.941346e-04 7.177516e-04
5.558841e+02 5.968303e-04 5.823080e-04 4.928941e-04 7.152889e-04
5.559217e+02 5.944285e-04 5.776223e-04 4.926533e-04 7.130098e-04
5.559592e+02 5.921872e-04 5.726999e-04 4.932458e-04 7.106161e-04
5.559968e+02 5.900236e-04 5.678505e-04 4.944061e-04 7.078142e-04
5.560343e+02 5.878283e-04 5.633552e-04 4.957855e-04 7.043440e-04
5.560719e+02 5.854676e-04 5.594185e-04 4.969878e-04 6.999963e-04
5.561094e+02 5.827902e-04 5.561307e-04 4.976177e-04 6.946223e-04
5.561470e+02 5.796387e-04 5.534485e-04 4.973326e-04 6.881350e-04
5.561845e+02 5.758642e-04 5.511976e-04 4.958855e-04 6.805096e-04
5.562221e+02 5.713437e-04 5.490965e-04 4.931507e-04 6.717839e-04
5.562596e+02 5.659967e-04 5.468003e-04 4.891289e-04 6.620608e-04
5.562972e+02 5.597989e-04 5.439566e-04 4.839297e-04 6.515105e-04
5.563347e+02 5.527903e-04 5.402639e-04 4.777391e-04 6.403680e-04
5.563723e+02 5.450739e-04 5.355225e-04 4.707793e-04 6.289200e-04
5.564098e+02 5.368057e-04 5.296685e-04 4.632683e-04 6.174803e-04
5.564474e+02 5.281753e-04 5.227838e-04 4.553890e-04 6.063532e-04
5.564849e+02 5.193809e-04 5.150800e-04 4.472712e-04 5.957914e-04
5.565225e+02 5.106014e-04 5.068595e-04 4.389888e-04 5.859560e-04
5.565601e+02 5.019727e-04 4.984601e-04 4.305688e-04 5.768892e-04
5.565976e+02 4.935702e-04 4.901942e-04 4.220098e-04 5.685068e-04
5.566352e+02 4.854025e-04 4.822935e-04 4.133020e-04 5.606121e-04
5.566727e+02 4.774149e-04 4.748700e-04 4.044447e-04 5.529299e-04
5.567103e+02 4.695022e-04 4.678989e-04 3.954560e-04 5.451518e-04
5.567478e+02 4.615280e-04 4.612268e-04 3.863737e-04 5.369834e-04
5.567854e+02 4.533443e-04 4.546019e-04 3.772478e-04 5.281834e-04
5.568229e+02 4.448104e-04 4.477185e-04 3.681265e-04 5.185863e-04
5.568605e+02 4.358056e-04 4.402675e-04 3.590417e-04 5.081077e-04
5.568980e+02 4.262363e-04 4.319805e-04 3.499968e-04 4.967317e-04
5.569356e+02 4.160362e-04 4.226620e-04 3.409594e-04 4.844871e-04
5.569731e+02 4.051608e-04 4.122019e-04 3.318614e-04 4.714189e-04
5.570107e+02 3.935790e-04 4.005701e-04 3.226045e-04 4.575623e-04
5.570482e+02 3.812629e-04 3.877962e-04 3.130687e-04 4.429238e-04
5.570858e+02 3.681793e-04 3.739414e-04 3.031227e-04 4.274738e-04
5.571233e+02 3.542844e-04 3.590708e-04 2.926323e-04 4.111500e-04
5.571609e+02 3.395243e-04 3.432329e-04 2.814692e-04 3.938709e-04
5.571984e+02 3.238415e-04 3.264516e-04 2.695182e-04 3.755546e-04
5.572360e+02 3.071862e-04 3.087314e-04 2.566857e-04 3.561416e-04
5.572735e+02 2.895333e-04 2.900739e-04 2.429109e-04 3.356153e-04
5.573111e+02 2.708991e-04 2.705017e-04 2.281769e-04 3.140186e-04
5.573486e+02 2.513570e-04 2.500827e-04 2.125238e-04 2.914643e-04
5.573862e+02 2.310484e-04 2.289507e-04 1.960572e-04 2.681373e-04
5.574237e+02 2.101856e-04 2.073152e-04 1.789517e-04 2.442899e-04
5.574613e+02 1.890458e-04 1.854613e-04 1.614461e-04 2.202302e-04
5.574989e+02 1.679572e-04 1.637350e-04 1.438307e-04 1.963057e-04
5.575364e+02 1.472767e-04 1.425200e-04 1.264270e-04 1.728833e-04
5.575740e+02 1.273653e-04 1.222058e-04 1.095627e-04 1.503273e-04
5.576115e+02 1.085599e-04 1.031550e-04 9.354690e-05 1.289777e-04
5.576491e+02 9.114978e-05 8.567240e-05 7.864686e-05 1.091301e-04
5.576866e+02 7.535697e-05 6.998160e-05 6.507100e-05 9.101832e-05
5.577242e+02 6.132445e-05 5.621196e-05 5.295866e-05 7.480273e-05
5.577617e+02 4.911260e-05 4.439652e-05 4.237731e-05 6.056396e-05
5.577993e+02 3.870351e-05 3.448036e-05 3.332649e-05 4.830369e-05
5.578368e+02 3.001184e-05 2.633689e-05 2.574682e-05 3.795180e-05
5.578744e+02 2.289999e-05 1.978862e-05 1.953245e-05 2.937891e-05
5.579119e+02 1.719546e-05 1.462892e-05 1.454495e-05 2.241250e-05
5.579495e+02 1.270776e-05 1.064189e-05 1.062716e-05 1.685422e-05
5.579870e+02 9.243435e-06 7.618189e-06 7.615593e-06 1.249652e-05
5.580246e+02 6.617802e-06 5.366137e-06 5.350703e-06 9.136566e-06
5.580621e+02 4.663105e-06 3.718102e-06 3.684577e-06 6.586635e-06
5.580997e+02 3.233150e-06 2.532908e-06 2.485964e-06 4.680579e-06
5.581372e+02 2.204988e-06 1.695375e-06 1.642878e-06 3.276712e-06
5.581748e+02 1.478367e-06 1.114041e-06 1.063173e-06 2.257885e-06
5.582123e+02 9.737426e-07 7.179821e-07 6.735732e-07 1.529673e-06
5.582499e+02 6.295262e-07 4.533755e-07 4.176824e-07 1.017521e-06
5.582874e+02 3.990745e-07 2.802035e-07 2.534464e-07 6.635735e-07
5.583250e+02 2.477897e-07 1.693169e-07 1.504509e-07 4.236014e-07
5.583625e+02 1.505196e-07 9.992932e-08 8.734662e-08 2.642829e-07
5.584001e+02 8.934380e-08 5.754787e-08 4.957857e-08 1.609050e-07
5.584377e+02 5.175849e-08 3.230837e-08 2.750199e-08 9.546509e-08
5.584752e+02 2.923121e-08 1.766809e-08 1.490225e-08 5.512327e-08
5.585128e+02 1.607639e-08 9.404271e-09 7.883532e-09 3.094137e-08
5.585503e+02 8.601399e-09 4.868765e-09 4.069183e-09 1.686625e-08
5.585879e+02 4.472872e-09 2.450193e-09 2.047975e-09 8.920448e-09
5.586254e+02 2.258774e-09 1.197906e-09 1.004266e-09 4.574150e-09
5.586630e+02 1.106890e-09 5.686468e-10 4.794903e-10 2.272533e-09
5.587005e+02 5.259904e-10 2.619737e-10 2.227233e-10 1.093274e-09
5.587381e+02 2.422011e-10 1.170541e-10 1.005314e-10 5.090177e-10
5.587756e+02 1.080338e-10 5.071624e-11 4.409030e-11 2.292948e-10
5.588132e+02 4.665169e-11 2.129755e-11 1.875466e-11 9.990286e-11
5.588507e+02 1.948459e-11 8.667561e-12 7.730063e-12 4.205615e-11
5.588883e+02 7.871071e-12 3.405274e-12 3.093577e-12 1.711436e-11
5.589258e+02 3.070364e-12 1.297701e-12 1.185522e-12 6.727867e-12
5.589634e+02 1.158175e-12 4.775890e-13 4.417428e-13 2.555194e-12
5.590009e+02 4.130320e-13 1.622246e-13 1.512098e-13 9.256616e-13
5.590385e+02 1.468236e-13 5.678574e-14 5.399644e-14 3.296887e-13
5.590760e+02 4.847319e-14 1.483264e-14 1.808264e-14 1.125043e-13
5.591136e+02 1.556426e-14 4.902844e-15 5.852496e-15 3.593744e-14
5.591511e+02 0.000000e+00 0.000000e+00 0.000000e+00 0.000000e+00
5.591887e+02 0.000000e+00 0.000000e+00 0.000000e+00 0.000000e+00
5.592262e+02 0.000000e+00 0.000000e+00 0.000000e+00 0.000000e+00
5.592638e+02 0.000000e+00 0.000000e+00 0.000000e+00 0.000000e+00
5.593013e+02 0.000000e+00 0.000000e+00 0.000000e+00 0.000000e+00
5.593389e+02 0.000000e+00 0.000000e+00 0.000000e+00 0.000000e+00
5.593765e+02 0.000000e+00 0.000000e+00 0.000000e+00 0.000000e+00
5.594140e+02 0.000000e+00 0.000000e+00 0.000000e+00 0.000000e+00
5.594516e+02 0.000000e+00 0.000000e+00 0.000000e+00 0.000000e+00
5.594891e+02 0.000000e+00 0.000000e+00 0.000000e+00 0.000000e+00
5.595267e+02 0.000000e+00 0.000000e+00 0.000000e+00 0.000000e+00
5.595642e+02 0.000000e+00 0.000000e+00 0.000000e+00 0.000000e+00
5.596018e+02 0.000000e+00 0.000000e+00 0.000000e+00 0.000000e+00
5.596393e+02 0.000000e+00 0.000000e+00 0.000000e+00 0.000000e+00
5.596769e+02 0.000000e+00 0.000000e+00 0.000000e+00 0.000000e+00
5.597144e+02 0.000000e+00 0.000000e+00 0.000000e+00 0.000000e+00
5.597520e+02 0.000000e+00 0.000000e+00 0.000000e+00 0.000000e+00
5.597895e+02 0.000000e+00 0.000000e+00 0.000000e+00 0.000000e+00
5.598271e+02 0.000000e+00 0.000000e+00 0.000000e+00 0.000000e+00
5.598646e+02 0.000000e+00 0.000000e+00 0.000000e+00 0.000000e+00
5.599022e+02 0.000000e+00 0.000000e+00 0.000000e+00 0.000000e+00
5.599397e+02 0.000000e+00 0.000000e+00 0.000000e+00 0.000000e+00
5.599773e+02 0.000000e+00 0.000000e+00 0.000000e+00 0.000000e+00
5.600148e+02 0.000000e+00 0.000000e+00 0.000000e+00 0.000000e+00
5.600524e+02 0.000000e+00 0.000000e+00 0.000000e+00 0.000000e+00
5.600899e+02 0.000000e+00 0.000000e+00 0.000000e+00 0.000000e+00
5.601275e+02 0.000000e+00 0.000000e+00 0.000000e+00 0.000000e+00
5.601650e+02 0.000000e+00 0.000000e+00 0.000000e+00 0.000000e+00
5.602026e+02 0.000000e+00 0.000000e+00 0.000000e+00 0.000000e+00
5.602401e+02 0.000000e+00 0.000000e+00 0.000000e+00 0.000000e+00
5.602777e+02 0.000000e+00 0.000000e+00 0.000000e+00 0.000000e+00
5.603153e+02 0.000000e+00 0.000000e+00 0.000000e+00 0.000000e+00
5.603528e+02 0.000000e+00 0.000000e+00 0.000000e+00 0.000000e+00
5.603904e+02 0.000000e+00 0.000000e+00 0.000000e+00 0.000000e+00
5.604279e+02 0.000000e+00 0.000000e+00 0.000000e+00 0.000000e+00
5.604655e+02 0.000000e+00 0.000000e+00 0.000000e+00 0.000000e+00
5.605030e+02 0.000000e+00 0.000000e+00 0.000000e+00 0.000000e+00
5.605406e+02 0.000000e+00 0.000000e+00 0.000000e+00 0.000000e+00
5.605781e+02 0.000000e+00 0.000000e+00 0.000000e+00 0.000000e+00
5.606157e+02 0.000000e+00 0.000000e+00 0.000000e+00 0.000000e+00
5.606532e+02 0.000000e+00 0.000000e+00 0.000000e+00 0.000000e+00
5.606908e+02 0.000000e+00 0.000000e+00 0.000000e+00 0.000000e+00
5.607283e+02 0.000000e+00 0.000000e+00 0.000000e+00 0.000000e+00
5.607659e+02 0.000000e+00 0.000000e+00 0.000000e+00 0.000000e+00
5.608034e+02 0.000000e+00 0.000000e+00 0.000000e+00 0.000000e+00
5.608410e+02 0.000000e+00 0.000000e+00 0.000000e+00 0.000000e+00
5.608785e+02 0.000000e+00 0.000000e+00 0.000000e+00 0.000000e+00
5.609161e+02 0.000000e+00 0.000000e+00 0.000000e+00 0.000000e+00
5.609536e+02 0.000000e+00 0.000000e+00 0.000000e+00 0.000000e+00
5.609912e+02 0.000000e+00 0.000000e+00 0.000000e+00 0.000000e+00
5.610287e+02 0.000000e+00 0.000000e+00 0.000000e+00 0.000000e+00
5.610663e+02 0.000000e+00 0.000000e+00 0.000000e+00 0.000000e+00
5.611038e+02 0.000000e+00 0.000000e+00 0.000000e+00 0.000000e+00
5.611414e+02 0.000000e+00 0.000000e+00 0.000000e+00 0.000000e+00
5.611789e+02 0.000000e+00 0.000000e+00 0.000000e+00 0.000000e+00
5.612165e+02 0.000000e+00 0.000000e+00 0.000000e+00 0.000000e+00
5.612541e+02 0.000000e+00 0.000000e+00 0.000000e+00 0.000000e+00
5.612916e+02 0.000000e+00 0.000000e+00 0.000000e+00 0.000000e+00
5.613292e+02 0.000000e+00 0.000000e+00 0.000000e+00 0.000000e+00
5.613667e+02 0.000000e+00 0.000000e+00 0.000000e+00 0.000000e+00
5.614043e+02 0.000000e+00 0.000000e+00 0.000000e+00 0.000000e+00
5.614418e+02 0.000000e+00 0.000000e+00 0.000000e+00 0.000000e+00
5.614794e+02 0.000000e+00 0.000000e+00 0.000000e+00 0.000000e+00
5.615169e+02 0.000000e+00 0.000000e+00 0.000000e+00 0.000000e+00
5.615545e+02 0.000000e+00 0.000000e+00 0.000000e+00 0.000000e+00
5.615920e+02 0.000000e+00 0.000000e+00 0.000000e+00 0.000000e+00
5.616296e+02 0.000000e+00 0.000000e+00 0.000000e+00 0.000000e+00
5.616671e+02 0.000000e+00 0.000000e+00 0.000000e+00 0.000000e+00
5.617047e+02 0.000000e+00 0.000000e+00 0.000000e+00 0.000000e+00
5.617422e+02 0.000000e+00 0.000000e+00 0.000000e+00 0.000000e+00
5.617798e+02 0.000000e+00 0.000000e+00 0.000000e+00 0.000000e+00
5.618173e+02 0.000000e+00 0.000000e+00 0.000000e+00 0.000000e+00
5.618549e+02 0.000000e+00 0.000000e+00 0.000000e+00 0.000000e+00
5.618924e+02 0.000000e+00 0.000000e+00 0.000000e+00 0.000000e+00
5.619300e+02 0.000000e+00 0.000000e+00 0.000000e+00 0.000000e+00
5.619675e+02 0.000000e+00 0.000000e+00 0.000000e+00 0.000000e+00
5.620051e+02 0.000000e+00 0.000000e+00 0.000000e+00 0.000000e+00
5.620426e+02 0.000000e+00 0.000000e+00 0.000000e+00 0.000000e+00
5.620802e+02 0.000000e+00 0.000000e+00 0.000000e+00 0.000000e+00
5.621177e+02 0.000000e+00 0.000000e+00 0.000000e+00 0.000000e+00
5.621553e+02 0.000000e+00 0.000000e+00 0.000000e+00 0.000000e+00
5.621929e+02 0.000000e+00 0.000000e+00 0.000000e+00 0.000000e+00
5.622304e+02 0.000000e+00 0.000000e+00 0.000000e+00 0.000000e+00
5.622680e+02 0.000000e+00 0.000000e+00 0.000000e+00 0.000000e+00
5.623055e+02 0.000000e+00 0.000000e+00 0.000000e+00 0.000000e+00
5.623431e+02 0.000000e+00 0.000000e+00 0.000000e+00 0.000000e+00
5.623806e+02 0.000000e+00 0.000000e+00 0.000000e+00 0.000000e+00
5.624182e+02 0.000000e+00 0.000000e+00 0.000000e+00 0.000000e+00
5.624557e+02 0.000000e+00 0.000000e+00 0.000000e+00 0.000000e+00
5.624933e+02 0.000000e+00 0.000000e+00 0.000000e+00 0.000000e+00
5.625308e+02 0.000000e+00 0.000000e+00 0.000000e+00 0.000000e+00
5.625684e+02 0.000000e+00 0.000000e+00 0.000000e+00 0.000000e+00
5.626059e+02 0.000000e+00 0.000000e+00 0.000000e+00 0.000000e+00
5.626435e+02 0.000000e+00 0.000000e+00 0.000000e+00 0.000000e+00
5.626810e+02 0.000000e+00 0.000000e+00 0.000000e+00 0.000000e+00
5.627186e+02 0.000000e+00 0.000000e+00 0.000000e+00 0.000000e+00
5.627561e+02 0.000000e+00 0.000000e+00 0.000000e+00 0.000000e+00
5.627937e+02 0.000000e+00 0.000000e+00 0.000000e+00 0.000000e+00
5.628312e+02 0.000000e+00 0.000000e+00 0.000000e+00 0.000000e+00
5.628688e+02 0.000000e+00 0.000000e+00 0.000000e+00 0.000000e+00
5.629063e+02 0.000000e+00 0.000000e+00 0.000000e+00 0.000000e+00
5.629439e+02 0.000000e+00 0.000000e+00 0.000000e+00 0.000000e+00
5.629814e+02 0.000000e+00 0.000000e+00 0.000000e+00 0.000000e+00
5.630190e+02 0.000000e+00 0.000000e+00 0.000000e+00 0.000000e+00
5.630565e+02 0.000000e+00 0.000000e+00 0.000000e+00 0.000000e+00
5.630941e+02 0.000000e+00 0.000000e+00 0.000000e+00 0.000000e+00
5.631317e+02 0.000000e+00 0.000000e+00 0.000000e+00 0.000000e+00
5.631692e+02 0.000000e+00 0.000000e+00 0.000000e+00 0.000000e+00
5.632068e+02 0.000000e+00 0.000000e+00 0.000000e+00 0.000000e+00
5.632443e+02 0.000000e+00 0.000000e+00 0.000000e+00 0.000000e+00
5.632819e+02 0.000000e+00 0.000000e+00 0.000000e+00 0.000000e+00
5.633194e+02 0.000000e+00 0.000000e+00 0.000000e+00 0.000000e+00
5.633570e+02 0.000000e+00 0.000000e+00 0.000000e+00 0.000000e+00
5.633945e+02 0.000000e+00 0.000000e+00 0.000000e+00 0.000000e+00
5.634321e+02 0.000000e+00 0.000000e+00 0.000000e+00 0.000000e+00
5.634696e+02 0.000000e+00 0.000000e+00 0.000000e+00 0.000000e+00
5.635072e+02 0.000000e+00 0.000000e+00 0.000000e+00 0.000000e+00
5.635447e+02 0.000000e+00 0.000000e+00 0.000000e+00 0.000000e+00
5.635823e+02 0.000000e+00 0.000000e+00 0.000000e+00 0.000000e+00
5.636198e+02 0.000000e+00 0.000000e+00 0.000000e+00 0.000000e+00
5.636574e+02 0.000000e+00 0.000000e+00 0.000000e+00 0.000000e+00
5.636949e+02 0.000000e+00 0.000000e+00 0.000000e+00 0.000000e+00
5.637325e+02 0.000000e+00 0.000000e+00 0.000000e+00 0.000000e+00
5.637700e+02 0.000000e+00 0.000000e+00 0.000000e+00 0.000000e+00
5.638076e+02 0.000000e+00 0.000000e+00 0.000000e+00 0.000000e+00
5.638451e+02 0.000000e+00 0.000000e+00 0.000000e+00 0.000000e+00
5.638827e+02 0.000000e+00 0.000000e+00 0.000000e+00 0.000000e+00
5.639202e+02 0.000000e+00 0.000000e+00 0.000000e+00 0.000000e+00
5.639578e+02 0.000000e+00 0.000000e+00 0.000000e+00 0.000000e+00
5.639953e+02 0.000000e+00 0.000000e+00 0.000000e+00 0.000000e+00
5.640329e+02 0.000000e+00 0.000000e+00 0.000000e+00 0.000000e+00
5.640705e+02 0.000000e+00 0.000000e+00 0.000000e+00 0.000000e+00
5.641080e+02 0.000000e+00 0.000000e+00 0.000000e+00 0.000000e+00
5.641456e+02 0.000000e+00 0.000000e+00 0.000000e+00 0.000000e+00
5.641831e+02 0.000000e+00 0.000000e+00 0.000000e+00 0.000000e+00
5.642207e+02 0.000000e+00 0.000000e+00 0.000000e+00 0.000000e+00
5.642582e+02 0.000000e+00 0.000000e+00 0.000000e+00 0.000000e+00
5.642958e+02 0.000000e+00 0.000000e+00 0.000000e+00 0.000000e+00
5.643333e+02 0.000000e+00 0.000000e+00 0.000000e+00 0.000000e+00
5.643709e+02 0.000000e+00 0.000000e+00 0.000000e+00 0.000000e+00
5.644084e+02 0.000000e+00 0.000000e+00 0.000000e+00 0.000000e+00
5.644460e+02 0.000000e+00 0.000000e+00 0.000000e+00 0.000000e+00
5.644835e+02 0.000000e+00 0.000000e+00 0.000000e+00 0.000000e+00
5.645211e+02 0.000000e+00 0.000000e+00 0.000000e+00 0.000000e+00
5.645586e+02 0.000000e+00 0.000000e+00 0.000000e+00 0.000000e+00
5.645962e+02 0.000000e+00 0.000000e+00 0.000000e+00 0.000000e+00
5.646337e+02 0.000000e+00 0.000000e+00 0.000000e+00 0.000000e+00
5.646713e+02 0.000000e+00 0.000000e+00 0.000000e+00 0.000000e+00
5.647088e+02 0.000000e+00 0.000000e+00 0.000000e+00 0.000000e+00
5.647464e+02 0.000000e+00 0.000000e+00 0.000000e+00 0.000000e+00
5.647839e+02 0.000000e+00 0.000000e+00 0.000000e+00 0.000000e+00
5.648215e+02 0.000000e+00 0.000000e+00 0.000000e+00 0.000000e+00
5.648590e+02 0.000000e+00 0.000000e+00 0.000000e+00 0.000000e+00
5.648966e+02 0.000000e+00 0.000000e+00 0.000000e+00 0.000000e+00
5.649341e+02 0.000000e+00 0.000000e+00 0.000000e+00 0.000000e+00
5.649717e+02 0.000000e+00 0.000000e+00 0.000000e+00 0.000000e+00
5.650093e+02 0.000000e+00 0.000000e+00 0.000000e+00 0.000000e+00
5.650468e+02 0.000000e+00 0.000000e+00 0.000000e+00 0.000000e+00
5.650844e+02 0.000000e+00 0.000000e+00 0.000000e+00 0.000000e+00
5.651219e+02 0.000000e+00 0.000000e+00 0.000000e+00 0.000000e+00
5.651595e+02 0.000000e+00 0.000000e+00 0.000000e+00 0.000000e+00
5.651970e+02 0.000000e+00 0.000000e+00 0.000000e+00 0.000000e+00
5.652346e+02 0.000000e+00 0.000000e+00 0.000000e+00 0.000000e+00
5.652721e+02 0.000000e+00 0.000000e+00 0.000000e+00 0.000000e+00
5.653097e+02 0.000000e+00 0.000000e+00 0.000000e+00 0.000000e+00
5.653472e+02 0.000000e+00 0.000000e+00 0.000000e+00 0.000000e+00
5.653848e+02 0.000000e+00 0.000000e+00 0.000000e+00 0.000000e+00
5.654223e+02 0.000000e+00 0.000000e+00 0.000000e+00 0.000000e+00
5.654599e+02 0.000000e+00 0.000000e+00 0.000000e+00 0.000000e+00
5.654974e+02 0.000000e+00 0.000000e+00 0.000000e+00 0.000000e+00
5.655350e+02 0.000000e+00 0.000000e+00 0.000000e+00 0.000000e+00
5.655725e+02 0.000000e+00 0.000000e+00 0.000000e+00 0.000000e+00
5.656101e+02 0.000000e+00 0.000000e+00 0.000000e+00 0.000000e+00
5.656476e+02 0.000000e+00 0.000000e+00 0.000000e+00 0.000000e+00
5.656852e+02 0.000000e+00 0.000000e+00 0.000000e+00 0.000000e+00
5.657227e+02 0.000000e+00 0.000000e+00 0.000000e+00 0.000000e+00
5.657603e+02 0.000000e+00 0.000000e+00 0.000000e+00 0.000000e+00
5.657978e+02 0.000000e+00 0.000000e+00 0.000000e+00 0.000000e+00
5.658354e+02 0.000000e+00 0.000000e+00 0.000000e+00 0.000000e+00
5.658729e+02 0.000000e+00 0.000000e+00 0.000000e+00 0.000000e+00
5.659105e+02 0.000000e+00 0.000000e+00 0.000000e+00 0.000000e+00
5.659481e+02 0.000000e+00 0.000000e+00 0.000000e+00 0.000000e+00
5.659856e+02 0.000000e+00 0.000000e+00 0.000000e+00 0.000000e+00
5.660232e+02 0.000000e+00 0.000000e+00 0.000000e+00 0.000000e+00
5.660607e+02 0.000000e+00 0.000000e+00 0.000000e+00 0.000000e+00
5.660983e+02 0.000000e+00 0.000000e+00 0.000000e+00 0.000000e+00
5.661358e+02 0.000000e+00 0.000000e+00 0.000000e+00 0.000000e+00
5.661734e+02 0.000000e+00 0.000000e+00 0.000000e+00 0.000000e+00
5.662109e+02 0.000000e+00 0.000000e+00 0.000000e+00 0.000000e+00
5.662485e+02 0.000000e+00 0.000000e+00 0.000000e+00 0.000000e+00
5.662860e+02 0.000000e+00 0.000000e+00 0.000000e+00 0.000000e+00
5.663236e+02 0.000000e+00 0.000000e+00 0.000000e+00 0.000000e+00
5.663611e+02 0.000000e+00 0.000000e+00 0.000000e+00 0.000000e+00
5.663987e+02 0.000000e+00 0.000000e+00 0.000000e+00 0.000000e+00
5.664362e+02 0.000000e+00 0.000000e+00 0.000000e+00 0.000000e+00
5.664738e+02 0.000000e+00 0.000000e+00 0.000000e+00 0.000000e+00
5.665113e+02 0.000000e+00 0.000000e+00 0.000000e+00 0.000000e+00
5.665489e+02 0.000000e+00 0.000000e+00 0.000000e+00 0.000000e+00
5.665864e+02 0.000000e+00 0.000000e+00 0.000000e+00 0.000000e+00
5.666240e+02 0.000000e+00 0.000000e+00 0.000000e+00 0.000000e+00
5.666615e+02 0.000000e+00 0.000000e+00 0.000000e+00 0.000000e+00
5.666991e+02 0.000000e+00 0.000000e+00 0.000000e+00 0.000000e+00
5.667366e+02 0.000000e+00 0.000000e+00 0.000000e+00 0.000000e+00
5.667742e+02 0.000000e+00 0.000000e+00 0.000000e+00 0.000000e+00
5.668117e+02 0.000000e+00 0.000000e+00 0.000000e+00 0.000000e+00
5.668493e+02 0.000000e+00 0.000000e+00 0.000000e+00 0.000000e+00
5.668869e+02 0.000000e+00 0.000000e+00 0.000000e+00 0.000000e+00
5.669244e+02 0.000000e+00 0.000000e+00 0.000000e+00 0.000000e+00
5.669620e+02 0.000000e+00 0.000000e+00 0.000000e+00 0.000000e+00
5.669995e+02 0.000000e+00 0.000000e+00 0.000000e+00 0.000000e+00
5.670371e+02 0.000000e+00 0.000000e+00 0.000000e+00 0.000000e+00
