5.294475e+02 0.000000e+00 0.000000e+00 0.000000e+00 0.000000e+00
5.294851e+02 0.000000e+00 0.000000e+00 0.000000e+00 0.000000e+00
5.295226e+02 0.000000e+00 0.000000e+00 0.000000e+00 0.000000e+00
5.295602e+02 0.000000e+00 0.000000e+00 0.000000e+00 0.000000e+00
5.295977e+02 0.000000e+00 0.000000e+00 0.000000e+00 0.000000e+00
5.296353e+02 0.000000e+00 0.000000e+00 0.000000e+00 0.000000e+00
5.296728e+02 0.000000e+00 0.000000e+00 0.000000e+00 0.000000e+00
5.297104e+02 0.000000e+00 0.000000e+00 0.000000e+00 0.000000e+00
5.297479e+02 0.000000e+00 0.000000e+00 0.000000e+00 0.000000e+00
5.297855e+02 0.000000e+00 0.000000e+00 0.000000e+00 0.000000e+00
5.298230e+02 0.000000e+00 0.000000e+00 0.000000e+00 0.000000e+00
5.298606e+02 0.000000e+00 0.000000e+00 0.000000e+00 0.000000e+00
5.298981e+02 0.000000e+00 0.000000e+00 0.000000e+00 0.000000e+00
5.299357e+02 0.000000e+00 0.000000e+00 0.000000e+00 0.000000e+00
5.299732e+02 0.000000e+00 0.000000e+00 0.000000e+00 0.000000e+00
5.300108e+02 0.000000e+00 0.000000e+00 0.000000e+00 0.000000e+00
5.300483e+02 0.000000e+00 0.000000e+00 0.000000e+00 0.000000e+00
5.300859e+02 0.000000e+00 0.000000e+00 0.000000e+00 0.000000e+00
5.301234e+02 0.000000e+00 0.000000e+00 0.000000e+00 0.000000e+00
5.301610e+02 0.000000e+00 0.000000e+00 0.000000e+00 0.000000e+00
5.301985e+02 0.000000e+00 0.000000e+00 0.000000e+00 0.000000e+00
5.302361e+02 0.000000e+00 0.000000e+00 0.000000e+00 0.000000e+00
5.302737e+02 0.000000e+00 0.000000e+00 0.000000e+00 0.000000e+00
5.303112e+02 0.000000e+00 0.000000e+00 0.000000e+00 0.000000e+00
5.303488e+02 0.000000e+00 0.000000e+00 0.000000e+00 0.000000e+00
5.303863e+02 0.000000e+00 0.000000e+00 0.000000e+00 0.000000e+00
5.304239e+02 0.000000e+00 0.000000e+00 0.000000e+00 0.000000e+00
5.304614e+02 0.000000e+00 0.000000e+00 0.000000e+00 0.000000e+00
5.304990e+02 0.000000e+00 0.000000e+00 0.000000e+00 0.000000e+00
5.305365e+02 0.000000e+00 0.000000e+00 0.000000e+00 0.000000e+00
5.305741e+02 0.000000e+00 0.000000e+00 0.000000e+00 0.000000e+00
5.306116e+02 0.000000e+00 0.000000e+00 0.000000e+00 0.000000e+00
5.306492e+02 0.000000e+00 0.000000e+00 0.000000e+00 0.000000e+00
5.306867e+02 0.000000e+00 0.000000e+00 0.000000e+00 0.000000e+00
5.307243e+02 0.000000e+00 0.000000e+00 0.000000e+00 0.000000e+00
5.307618e+02 0.000000e+00 0.000000e+00 0.000000e+00 0.000000e+00
5.307994e+02 0.000000e+00 0.000000e+00 0.000000e+00 0.000000e+00
5.308369e+02 0.000000e+00 0.000000e+00 0.000000e+00 0.000000e+00
5.308745e+02 0.000000e+00 0.000000e+00 0.000000e+00 0.000000e+00
5.309120e+02 0.000000e+00 0.000000e+00 0.000000e+00 0.000000e+00
5.309496e+02 0.000000e+00 0.000000e+00 0.000000e+00 0.000000e+00
5.309871e+02 0.000000e+00 0.000000e+00 0.000000e+00 0.000000e+00
5.310247e+02 0.000000e+00 0.000000e+00 0.000000e+00 0.000000e+00
5.310622e+02 0.000000e+00 0.000000e+00 0.000000e+00 0.000000e+00
5.310998e+02 0.000000e+00 0.000000e+00 0.000000e+00 0.000000e+00
5.311373e+02 0.000000e+00 0.000000e+00 0.000000e+00 0.000000e+00
5.311749e+02 0.000000e+00 0.000000e+00 0.000000e+00 0.000000e+00
5.312125e+02 0.000000e+00 0.000000e+00 0.000000e+00 0.000000e+00
5.312500e+02 0.000000e+00 0.000000e+00 0.000000e+00 0.000000e+00
5.312876e+02 0.000000e+00 0.000000e+00 0.000000e+00 0.000000e+00
5.313251e+02 0.000000e+00 0.000000e+00 0.000000e+00 0.000000e+00
5.313627e+02 0.000000e+00 0.000000e+00 0.000000e+00 0.000000e+00
5.314002e+02 0.000000e+00 0.000000e+00 0.000000e+00 0.000000e+00
5.314378e+02 0.000000e+00 0.000000e+00 0.000000e+00 0.000000e+00
5.314753e+02 0.000000e+00 0.000000e+00 0.000000e+00 0.000000e+00
5.315129e+02 0.000000e+00 0.000000e+00 0.000000e+00 0.000000e+00
5.315504e+02 0.000000e+00 0.000000e+00 0.000000e+00 0.000000e+00
5.315880e+02 0.000000e+00 0.000000e+00 0.000000e+00 0.000000e+00
5.316255e+02 0.000000e+00 0.000000e+00 0.000000e+00 0.000000e+00
5.316631e+02 0.000000e+00 0.000000e+00 0.000000e+00 0.000000e+00
5.317006e+02 0.000000e+00 0.000000e+00 0.000000e+00 0.000000e+00
5.317382e+02 0.000000e+00 0.000000e+00 0.000000e+00 0.000000e+00
5.317757e+02 0.000000e+00 0.000000e+00 0.000000e+00 0.000000e+00
5.318133e+02 0.000000e+00 0.000000e+00 0.000000e+00 0.000000e+00
5.318508e+02 0.000000e+00 0.000000e+00 0.000000e+00 0.000000e+00
5.318884e+02 0.000000e+00 0.000000e+00 0.000000e+00 0.000000e+00
5.319259e+02 0.000000e+00 0.000000e+00 0.000000e+00 0.000000e+00
5.319635e+02 0.000000e+00 0.000000e+00 0.000000e+00 0.000000e+00
5.320010e+02 0.000000e+00 0.000000e+00 0.000000e+00 0.000000e+00
5.320386e+02 0.000000e+00 0.000000e+00 0.000000e+00 0.000000e+00
5.320761e+02 0.000000e+00 0.000000e+00 0.000000e+00 0.000000e+00
5.321137e+02 0.000000e+00 0.000000e+00 0.000000e+00 0.000000e+00
5.321513e+02 0.000000e+00 0.000000e+00 0.000000e+00 0.000000e+00
5.321888e+02 0.000000e+00 0.000000e+00 0.000000e+00 0.000000e+00
5.322264e+02 0.000000e+00 0.000000e+00 0.000000e+00 0.000000e+00
5.322639e+02 0.000000e+00 0.000000e+00 0.000000e+00 0.000000e+00
5.323015e+02 0.000000e+00 0.000000e+00 0.000000e+00 0.000000e+00
5.323390e+02 0.000000e+00 0.000000e+00 0.000000e+00 0.000000e+00
5.323766e+02 0.000000e+00 0.000000e+00 0.000000e+00 0.000000e+00
5.324141e+02 0.000000e+00 0.000000e+00 0.000000e+00 0.000000e+00
5.324517e+02 0.000000e+00 0.000000e+00 0.000000e+00 0.000000e+00
5.324892e+02 0.000000e+00 0.000000e+00 0.000000e+00 0.000000e+00
5.325268e+02 0.000000e+00 0.000000e+00 0.000000e+00 0.000000e+00
5.325643e+02 0.000000e+00 0.000000e+00 0.000000e+00 0.000000e+00
5.326019e+02 0.000000e+00 0.000000e+00 0.000000e+00 0.000000e+00
5.326394e+02 0.000000e+00 0.000000e+00 0.000000e+00 0.000000e+00
5.326770e+02 0.000000e+00 0.000000e+00 0.000000e+00 0.000000e+00
5.327145e+02 0.000000e+00 0.000000e+00 0.000000e+00 0.000000e+00
5.327521e+02 0.000000e+00 0.000000e+00 0.000000e+00 0.000000e+00
5.327896e+02 0.000000e+00 0.000000e+00 0.000000e+00 0.000000e+00
5.328272e+02 0.000000e+00 0.000000e+00 0.000000e+00 0.000000e+00
5.328647e+02 0.000000e+00 0.000000e+00 0.000000e+00 0.000000e+00
5.329023e+02 0.000000e+00 0.000000e+00 0.000000e+00 0.000000e+00
5.329398e+02 0.000000e+00 0.000000e+00 0.000000e+00 0.000000e+00
5.329774e+02 0.000000e+00 0.000000e+00 0.000000e+00 0.000000e+00
5.330149e+02 0.000000e+00 0.000000e+00 0.000000e+00 0.000000e+00
5.330525e+02 0.000000e+00 0.000000e+00 0.000000e+00 0.000000e+00
5.330901e+02 0.000000e+00 0.000000e+00 0.000000e+00 0.000000e+00
5.331276e+02 0.000000e+00 0.000000e+00 0.000000e+00 0.000000e+00
5.331652e+02 0.000000e+00 0.000000e+00 0.000000e+00 0.000000e+00
5.332027e+02 0.000000e+00 0.000000e+00 0.000000e+00 0.000000e+00
5.332403e+02 0.000000e+00 0.000000e+00 0.000000e+00 0.000000e+00
5.332778e+02 1.382752e-10 2.368242e-10 9.389856e-11 8.410290e-11
5.333154e+02 4.916094e-10 7.206619e-10 2.857498e-10 4.684165e-10
5.333529e+02 1.448347e-09 2.116306e-09 8.391385e-10 1.389598e-09
5.333905e+02 4.119326e-09 5.999504e-09 2.378874e-09 3.979600e-09
5.334280e+02 1.131047e-08 1.641884e-08 6.510275e-09 1.100229e-08
5.334656e+02 2.998030e-08 4.337699e-08 1.719956e-08 2.936434e-08
5.335031e+02 7.671714e-08 1.106284e-07 4.386572e-08 7.565731e-08
5.335407e+02 1.895178e-07 2.723729e-07 1.079999e-07 1.881806e-07
5.335782e+02 4.519692e-07 6.473678e-07 2.566915e-07 4.518481e-07
5.336158e+02 1.040564e-06 1.485349e-06 5.889653e-07 1.047378e-06
5.336533e+02 2.312758e-06 3.290000e-06 1.304542e-06 2.343732e-06
5.336909e+02 4.962414e-06 7.034827e-06 2.789436e-06 5.062978e-06
5.337284e+02 1.027915e-05 1.452115e-05 5.757911e-06 1.055839e-05
5.337660e+02 2.055525e-05 2.893601e-05 1.147370e-05 2.125605e-05
5.338035e+02 3.968168e-05 5.566297e-05 2.207151e-05 4.131057e-05
5.338411e+02 7.395354e-05 1.033675e-04 4.098744e-05 7.750564e-05
5.338786e+02 1.330545e-04 1.853071e-04 7.347839e-05 1.403780e-04
5.339162e+02 2.311010e-04 3.206934e-04 1.271623e-04 2.454473e-04
5.339537e+02 3.875038e-04 5.357696e-04 2.124455e-04 4.142963e-04
5.339913e+02 6.272662e-04 8.640844e-04 3.426309e-04 6.750834e-04
5.340289e+02 9.802341e-04 1.345316e-03 5.334524e-04 1.061934e-03
5.340664e+02 1.478801e-03 2.022007e-03 8.017795e-04 1.612616e-03
5.341040e+02 2.153732e-03 2.933803e-03 1.163334e-03 2.364059e-03
5.341415e+02 3.028138e-03 4.109315e-03 1.629460e-03 3.345640e-03
5.341791e+02 4.110190e-03 5.556457e-03 2.203298e-03 4.570815e-03
5.342166e+02 5.385801e-03 7.252981e-03 2.876026e-03 6.028396e-03
5.342542e+02 6.813041e-03 9.139559e-03 3.624119e-03 7.675446e-03
5.342917e+02 8.320206e-03 1.111793e-02 4.408615e-03 9.434070e-03
5.343293e+02 9.809108e-03 1.305608e-02 5.177166e-03 1.119408e-02
5.343668e+02 1.116420e-02 1.480102e-02 5.869107e-03 1.282245e-02
5.344044e+02 1.226670e-02 1.619798e-02 6.423062e-03 1.417907e-02
5.344419e+02 1.301160e-02 1.711276e-02 6.785818e-03 1.513624e-02
5.344795e+02 1.332406e-02 1.745296e-02 6.920739e-03 1.559847e-02
5.345170e+02 1.317179e-02 1.718337e-02 6.813854e-03 1.551815e-02
5.345546e+02 1.257060e-02 1.633194e-02 6.476245e-03 1.490361e-02
5.345921e+02 1.158163e-02 1.498502e-02 5.942153e-03 1.381773e-02
5.346297e+02 1.030117e-02 1.327293e-02 5.263256e-03 1.236732e-02
5.346672e+02 8.845171e-03 1.134923e-02 4.500442e-03 1.068584e-02
5.347048e+02 7.332108e-03 9.368203e-03 3.714891e-03 8.913231e-03
5.347423e+02 5.867519e-03 7.465109e-03 2.960241e-03 7.177209e-03
5.347799e+02 4.532975e-03 5.742567e-03 2.277184e-03 5.579173e-03
5.348174e+02 3.380767e-03 4.264480e-03 1.691061e-03 4.186759e-03
5.348550e+02 2.434167e-03 3.057147e-03 1.212301e-03 3.033052e-03
5.348925e+02 1.691954e-03 2.115712e-03 8.389805e-04 2.121171e-03
5.349301e+02 1.135351e-03 1.413471e-03 5.605100e-04 1.432073e-03
5.349677e+02 7.354876e-04 9.116063e-04 3.614973e-04 9.333592e-04
5.350052e+02 4.599641e-04 5.675681e-04 2.250698e-04 5.872543e-04
5.350428e+02 2.777004e-04 3.411296e-04 1.352761e-04 3.566954e-04
5.350803e+02 1.618583e-04 1.979308e-04 7.849158e-05 2.091524e-04
5.351179e+02 9.107677e-05 1.108689e-04 4.396948e-05 1.183920e-04
5.351554e+02 4.948049e-05 5.995866e-05 2.378693e-05 6.469587e-05
5.351930e+02 2.596541e-05 3.132155e-05 1.244519e-05 3.412949e-05
5.352305e+02 1.318651e-05 1.583887e-05 6.338625e-06 1.738204e-05
5.352681e+02 6.538605e-06 7.830811e-06 3.236695e-06 8.548309e-06
5.353056e+02 3.291046e-06 3.952638e-06 1.856946e-06 4.063554e-06
5.353432e+02 1.936045e-06 2.373529e-06 1.558353e-06 1.876253e-06
5.353807e+02 1.747803e-06 2.227061e-06 2.155340e-06 8.610085e-07
5.354183e+02 2.520494e-06 3.288354e-06 3.840521e-06 4.326067e-07
5.354558e+02 4.445699e-06 5.825502e-06 7.201832e-06 3.097626e-07
5.354934e+02 8.093387e-06 1.057839e-05 1.332054e-05 3.812311e-07
5.355309e+02 1.446595e-05 1.882506e-05 2.393499e-05 6.377878e-07
5.355685e+02 2.509679e-05 3.249822e-05 4.164704e-05 1.145095e-06
5.356060e+02 4.216151e-05 5.430995e-05 7.013272e-05 2.041860e-06
5.356436e+02 6.856144e-05 8.783295e-05 1.142973e-04 3.554068e-06
5.356811e+02 1.079299e-04 1.374767e-04 1.802934e-04 6.019519e-06
5.357187e+02 1.645066e-04 2.082938e-04 2.753079e-04 9.918151e-06
5.357562e+02 2.428342e-04 3.055659e-04 4.070324e-04 1.590410e-05
5.357938e+02 3.472500e-04 4.341505e-04 5.827682e-04 2.483141e-05
5.358313e+02 4.811975e-04 5.976311e-04 8.081923e-04 3.776898e-05
5.358689e+02 6.464275e-04 7.973796e-04 1.085910e-03 5.599316e-05
5.359065e+02 8.422270e-04 1.031708e-03 1.414023e-03 8.095057e-05
5.359440e+02 1.064846e-03 1.295326e-03 1.785027e-03 1.141840e-04
5.359816e+02 1.307300e-03 1.579310e-03 2.185372e-03 1.572193e-04
5.360191e+02 1.559687e-03 1.871708e-03 2.595935e-03 2.114174e-04
5.360567e+02 1.810046e-03 2.158799e-03 2.993532e-03 2.778063e-04
5.360942e+02 2.045698e-03 2.426841e-03 3.353337e-03 3.569165e-04
5.361318e+02 2.254848e-03 2.664016e-03 3.651880e-03 4.486489e-04
5.361693e+02 2.428178e-03 2.862220e-03 3.870106e-03 5.522076e-04
5.362069e+02 2.560109e-03 3.018299e-03 3.995910e-03 6.661188e-04
5.362444e+02 2.649503e-03 3.134492e-03 4.025675e-03 7.883411e-04
5.362820e+02 2.699632e-03 3.217957e-03 3.964492e-03 9.164455e-04
5.363195e+02 2.717463e-03 3.279492e-03 3.825074e-03 1.047822e-03
5.363571e+02 2.712376e-03 3.331676e-03 3.625598e-03 1.179853e-03
5.363946e+02 2.694575e-03 3.386782e-03 3.386948e-03 1.309995e-03
5.364322e+02 2.673489e-03 3.454830e-03 3.129894e-03 1.435744e-03
5.364697e+02 2.656413e-03 3.542056e-03 2.872695e-03 1.554487e-03
5.365073e+02 2.647600e-03 3.650024e-03 2.629468e-03 1.663308e-03
5.365448e+02 2.647919e-03 3.775440e-03 2.409467e-03 1.758850e-03
5.365824e+02 2.655073e-03 3.910666e-03 2.217230e-03 1.837325e-03
5.366199e+02 2.664318e-03 4.044819e-03 2.053376e-03 1.894760e-03
5.366575e+02 2.669529e-03 4.165306e-03 1.915803e-03 1.927478e-03
5.366950e+02 2.664432e-03 4.259564e-03 1.800984e-03 1.932746e-03
5.367326e+02 2.643794e-03 4.316796e-03 1.705140e-03 1.909444e-03
5.367701e+02 2.604379e-03 4.329449e-03 1.625112e-03 1.858575e-03
5.368077e+02 2.545524e-03 4.294239e-03 1.558875e-03 1.783458e-03
5.368453e+02 2.469253e-03 4.212558e-03 1.505683e-03 1.689518e-03
5.368828e+02 2.379936e-03 4.090224e-03 1.465904e-03 1.583682e-03
5.369204e+02 2.283589e-03 3.936614e-03 1.440650e-03 1.473503e-03
5.369579e+02 2.186953e-03 3.763352e-03 1.431316e-03 1.366192e-03
5.369955e+02 2.096559e-03 3.582770e-03 1.439131e-03 1.267775e-03
5.370330e+02 2.017920e-03 3.406417e-03 1.464818e-03 1.182524e-03
5.370706e+02 1.955005e-03 3.243835e-03 1.508416e-03 1.112763e-03
5.371081e+02 1.910018e-03 3.101763e-03 1.569275e-03 1.059015e-03
5.371457e+02 1.883487e-03 2.983823e-03 1.646214e-03 1.020425e-03
5.371832e+02 1.874576e-03 2.890666e-03 1.737771e-03 9.952905e-04
5.372208e+02 1.881513e-03 2.820462e-03 1.842485e-03 9.815901e-04
5.372583e+02 1.902039e-03 2.769604e-03 1.959133e-03 9.773781e-04
5.372959e+02 1.933780e-03 2.733473e-03 2.086855e-03 9.810114e-04
5.373334e+02 1.974506e-03 2.707147e-03 2.225164e-03 9.912063e-04
5.373710e+02 2.022259e-03 2.685985e-03 2.373822e-03 1.006972e-03
5.374085e+02 2.075386e-03 2.666024e-03 2.532653e-03 1.027483e-03
5.374461e+02 2.132503e-03 2.644205e-03 2.701346e-03 1.051959e-03
5.374836e+02 2.192451e-03 2.618441e-03 2.879332e-03 1.079581e-03
5.375212e+02 2.254280e-03 2.587572e-03 3.065798e-03 1.109469e-03
5.375587e+02 2.317274e-03 2.551246e-03 3.259866e-03 1.140712e-03
5.375963e+02 2.381037e-03 2.509781e-03 3.460911e-03 1.172420e-03
5.376338e+02 2.445597e-03 2.464026e-03 3.668973e-03 1.203791e-03
5.376714e+02 2.511505e-03 2.415245e-03 3.885122e-03 1.234148e-03
5.377089e+02 2.579890e-03 2.365018e-03 4.111685e-03 1.262965e-03
5.377465e+02 2.652408e-03 2.315148e-03 4.352216e-03 1.289859e-03
5.377841e+02 2.731095e-03 2.267556e-03 4.611169e-03 1.314562e-03
5.378216e+02 2.818118e-03 2.224139e-03 4.893330e-03 1.336887e-03
5.378592e+02 2.915469e-03 2.186604e-03 5.203119e-03 1.356684e-03
5.378967e+02 3.024682e-03 2.156275e-03 5.543969e-03 1.373802e-03
5.379343e+02 3.146645e-03 2.133914e-03 5.917973e-03 1.388048e-03
5.379718e+02 3.281562e-03 2.119582e-03 6.325932e-03 1.399171e-03
5.380094e+02 3.429087e-03 2.112590e-03 6.767820e-03 1.406850e-03
5.380469e+02 3.588587e-03 2.111545e-03 7.243496e-03 1.410719e-03
5.380845e+02 3.759442e-03 2.114508e-03 7.753412e-03 1.410408e-03
5.381220e+02 3.941277e-03 2.119237e-03 8.298990e-03 1.405604e-03
5.381596e+02 4.134006e-03 2.123486e-03 8.882405e-03 1.396127e-03
5.381971e+02 4.337670e-03 2.125305e-03 9.505715e-03 1.381990e-03
5.382347e+02 4.552065e-03 2.123300e-03 1.016946e-02 1.363434e-03
5.382722e+02 4.776293e-03 2.116823e-03 1.087112e-02 1.340936e-03
5.383098e+02 5.008361e-03 2.106050e-03 1.160385e-02 1.315179e-03
5.383473e+02 5.244990e-03 2.091961e-03 1.235601e-02 1.286996e-03
5.383849e+02 5.481702e-03 2.076210e-03 1.311159e-02 1.257305e-03
5.384224e+02 5.713207e-03 2.060907e-03 1.385167e-02 1.227042e-03
5.384600e+02 5.933974e-03 2.048333e-03 1.455647e-02 1.197115e-03
5.384975e+02 6.138859e-03 2.040622e-03 1.520760e-02 1.168357e-03
5.385351e+02 6.323608e-03 2.039441e-03 1.578988e-02 1.141499e-03
5.385726e+02 6.485129e-03 2.045713e-03 1.629253e-02 1.117148e-03
5.386102e+02 6.621494e-03 2.059435e-03 1.670928e-02 1.095764e-03
5.386477e+02 6.731715e-03 2.079619e-03 1.703788e-02 1.077652e-03
5.386853e+02 6.815410e-03 2.104387e-03 1.727889e-02 1.062957e-03
5.387229e+02 6.872471e-03 2.131217e-03 1.743452e-02 1.051677e-03
5.387604e+02 6.902854e-03 2.157296e-03 1.750756e-02 1.043703e-03
5.387980e+02 6.906523e-03 2.179933e-03 1.750078e-02 1.038853e-03
5.388355e+02 6.883538e-03 2.196963e-03 1.741672e-02 1.036930e-03
5.388731e+02 6.834236e-03 2.207054e-03 1.725790e-02 1.037750e-03
5.389106e+02 6.759418e-03 2.209875e-03 1.702721e-02 1.041172e-03
5.389482e+02 6.660492e-03 2.206099e-03 1.672829e-02 1.047088e-03
5.389857e+02 6.539542e-03 2.197241e-03 1.636598e-02 1.055405e-03
5.390233e+02 6.399301e-03 2.185367e-03 1.594653e-02 1.066005e-03
5.390608e+02 6.243066e-03 2.172735e-03 1.547775e-02 1.078710e-03
5.390984e+02 6.074566e-03 2.161434e-03 1.496902e-02 1.093247e-03
5.391359e+02 5.897800e-03 2.153094e-03 1.443107e-02 1.109235e-03
5.391735e+02 5.716850e-03 2.148708e-03 1.387566e-02 1.126184e-03
5.392110e+02 5.535680e-03 2.148605e-03 1.331491e-02 1.143523e-03
5.392486e+02 5.357922e-03 2.152558e-03 1.276058e-02 1.160633e-03
5.392861e+02 5.186667e-03 2.159993e-03 1.222311e-02 1.176897e-03
5.393237e+02 5.024295e-03 2.170241e-03 1.171090e-02 1.191747e-03
5.393612e+02 4.872375e-03 2.182748e-03 1.122967e-02 1.204708e-03
5.393988e+02 4.731662e-03 2.197203e-03 1.078235e-02 1.215435e-03
5.394363e+02 4.602205e-03 2.213530e-03 1.036934e-02 1.223747e-03
5.394739e+02 4.483540e-03 2.231777e-03 9.989196e-03 1.229648e-03
5.395114e+02 4.374945e-03 2.251927e-03 9.639554e-03 1.233355e-03
5.395490e+02 4.275691e-03 2.273706e-03 9.318055e-03 1.235312e-03
5.395865e+02 4.185237e-03 2.296452e-03 9.023068e-03 1.236191e-03
5.396241e+02 4.103331e-03 2.319094e-03 8.754028e-03 1.236870e-03
5.396617e+02 4.029991e-03 2.340249e-03 8.511356e-03 1.238368e-03
5.396992e+02 3.965380e-03 2.358414e-03 8.295991e-03 1.241736e-03
5.397368e+02 3.909605e-03 2.372194e-03 8.108724e-03 1.247898e-03
5.397743e+02 3.862494e-03 2.380510e-03 7.949508e-03 1.257464e-03
5.398119e+02 3.823412e-03 2.382727e-03 7.816963e-03 1.270548e-03
5.398494e+02 3.791163e-03 2.378683e-03 7.708188e-03 1.286616e-03
5.398870e+02 3.764011e-03 2.368640e-03 7.618959e-03 1.304436e-03
5.399245e+02 3.739845e-03 2.353172e-03 7.544224e-03 1.322139e-03
5.399621e+02 3.716431e-03 2.333058e-03 7.478807e-03 1.337428e-03
5.399996e+02 3.691743e-03 2.309201e-03 7.418128e-03 1.347899e-03
5.400372e+02 3.664272e-03 2.282594e-03 7.358792e-03 1.351429e-03
5.400747e+02 3.633261e-03 2.254316e-03 7.298899e-03 1.346568e-03
5.401123e+02 3.598799e-03 2.225527e-03 7.238045e-03 1.332826e-03
5.401498e+02 3.561747e-03 2.197429e-03 7.177005e-03 1.310806e-03
5.401874e+02 3.523505e-03 2.171172e-03 7.117196e-03 1.282148e-03
5.402249e+02 3.485676e-03 2.147718e-03 7.060034e-03 1.249277e-03
5.402625e+02 3.449686e-03 2.127699e-03 7.006338e-03 1.215022e-03
5.403000e+02 3.416460e-03 2.111302e-03 6.955893e-03 1.182186e-03
5.403376e+02 3.386221e-03 2.098238e-03 6.907278e-03 1.153146e-03
5.403751e+02 3.358452e-03 2.087806e-03 6.857981e-03 1.129570e-03
5.404127e+02 3.332046e-03 2.079055e-03 6.804801e-03 1.112281e-03
5.404502e+02 3.305581e-03 2.070999e-03 6.744455e-03 1.101289e-03
5.404878e+02 3.277689e-03 2.062844e-03 6.674279e-03 1.095944e-03
5.405253e+02 3.247408e-03 2.054170e-03 6.592874e-03 1.095180e-03
5.405629e+02 3.214458e-03 2.045029e-03 6.500567e-03 1.097776e-03
5.406005e+02 3.179362e-03 2.035932e-03 6.399558e-03 1.102596e-03
5.406380e+02 3.143396e-03 2.027735e-03 6.293701e-03 1.108752e-03
5.406756e+02 3.108363e-03 2.021457e-03 6.187941e-03 1.115689e-03
5.407131e+02 3.076240e-03 2.018049e-03 6.087490e-03 1.123181e-03
5.407507e+02 3.048780e-03 2.018188e-03 5.996909e-03 1.131243e-03
5.407882e+02 3.027132e-03 2.022121e-03 5.919270e-03 1.140005e-03
5.408258e+02 3.011570e-03 2.029586e-03 5.855571e-03 1.149554e-03
5.408633e+02 3.001381e-03 2.039842e-03 5.804501e-03 1.159799e-03
5.409009e+02 2.994918e-03 2.051784e-03 5.762596e-03 1.170373e-03
5.409384e+02 2.989823e-03 2.064126e-03 5.724740e-03 1.180604e-03
5.409760e+02 2.983359e-03 2.075621e-03 5.684893e-03 1.189564e-03
5.410135e+02 2.972795e-03 2.085266e-03 5.636926e-03 1.196193e-03
5.410511e+02 2.955794e-03 2.092464e-03 5.575439e-03 1.199479e-03
5.410886e+02 2.930732e-03 2.097089e-03 5.496442e-03 1.198663e-03
5.411262e+02 2.896915e-03 2.099456e-03 5.397864e-03 1.193426e-03
5.411637e+02 2.854677e-03 2.100196e-03 5.279816e-03 1.184017e-03
5.412013e+02 2.805324e-03 2.100057e-03 5.144621e-03 1.171293e-03
5.412388e+02 2.750969e-03 2.099684e-03 4.996581e-03 1.156641e-03
5.412764e+02 2.694249e-03 2.099431e-03 4.841514e-03 1.141803e-03
5.413139e+02 2.637986e-03 2.099250e-03 4.686080e-03 1.128627e-03
5.413515e+02 2.584822e-03 2.098690e-03 4.536988e-03 1.118789e-03
5.413890e+02 2.536912e-03 2.097012e-03 4.400187e-03 1.113536e-03
5.414266e+02 2.495695e-03 2.093394e-03 4.280177e-03 1.113514e-03
5.414641e+02 2.461810e-03 2.087173e-03 4.179563e-03 1.118693e-03
5.415017e+02 2.435148e-03 2.078078e-03 4.098944e-03 1.128421e-03
5.415393e+02 2.415039e-03 2.066371e-03 4.037164e-03 1.141581e-03
5.415768e+02 2.400524e-03 2.052897e-03 3.991851e-03 1.156824e-03
5.416144e+02 2.390650e-03 2.038987e-03 3.960133e-03 1.172829e-03
5.416519e+02 2.384723e-03 2.026275e-03 3.939349e-03 1.188547e-03
5.416895e+02 2.382460e-03 2.016428e-03 3.927583e-03 1.203370e-03
5.417270e+02 2.383992e-03 2.010863e-03 3.923898e-03 1.217213e-03
5.417646e+02 2.389727e-03 2.010498e-03 3.928209e-03 1.230473e-03
5.418021e+02 2.400100e-03 2.015565e-03 3.940843e-03 1.243893e-03
5.418397e+02 2.415268e-03 2.025540e-03 3.961927e-03 1.258338e-03
5.418772e+02 2.434837e-03 2.039189e-03 3.990771e-03 1.274551e-03
5.419148e+02 2.457694e-03 2.054726e-03 4.025445e-03 1.292912e-03
5.419523e+02 2.482015e-03 2.070069e-03 4.062695e-03 1.313279e-03
5.419899e+02 2.505437e-03 2.083147e-03 4.098238e-03 1.334927e-03
5.420274e+02 2.525398e-03 2.092202e-03 4.127379e-03 1.356614e-03
5.420650e+02 2.539538e-03 2.096049e-03 4.145809e-03 1.376756e-03
5.421025e+02 2.546093e-03 2.094227e-03 4.150365e-03 1.393686e-03
5.421401e+02 2.544175e-03 2.087021e-03 4.139570e-03 1.405934e-03
5.421776e+02 2.533892e-03 2.075369e-03 4.113833e-03 1.412474e-03
5.422152e+02 2.516277e-03 2.060667e-03 4.075258e-03 1.412906e-03
5.422527e+02 2.493073e-03 2.044530e-03 4.027173e-03 1.407514e-03
5.422903e+02 2.466430e-03 2.028565e-03 3.973491e-03 1.397234e-03
5.423278e+02 2.438603e-03 2.014197e-03 3.918099e-03 1.383511e-03
5.423654e+02 2.411691e-03 2.002576e-03 3.864392e-03 1.368106e-03
5.424029e+02 2.387480e-03 1.994549e-03 3.815024e-03 1.352868e-03
5.424405e+02 2.367358e-03 1.990689e-03 3.771864e-03 1.339522e-03
5.424781e+02 2.352297e-03 1.991334e-03 3.736082e-03 1.329474e-03
5.425156e+02 2.342854e-03 1.996608e-03 3.708275e-03 1.323680e-03
5.425532e+02 2.339182e-03 2.006424e-03 3.688561e-03 1.322561e-03
5.425907e+02 2.341019e-03 2.020461e-03 3.676597e-03 1.325998e-03
5.426283e+02 2.347684e-03 2.038135e-03 3.671533e-03 1.333384e-03
5.426658e+02 2.358102e-03 2.058603e-03 3.671959e-03 1.343742e-03
5.427034e+02 2.370856e-03 2.080793e-03 3.675889e-03 1.355885e-03
5.427409e+02 2.384303e-03 2.103490e-03 3.680825e-03 1.368593e-03
5.427785e+02 2.396725e-03 2.125446e-03 3.683944e-03 1.380785e-03
5.428160e+02 2.406505e-03 2.145514e-03 3.682356e-03 1.391647e-03
5.428536e+02 2.412298e-03 2.162766e-03 3.673431e-03 1.400699e-03
5.428911e+02 2.413171e-03 2.176593e-03 3.655122e-03 1.407798e-03
5.429287e+02 2.408690e-03 2.186763e-03 3.626236e-03 1.413070e-03
5.429662e+02 2.398943e-03 2.193426e-03 3.586608e-03 1.416796e-03
5.430038e+02 2.384507e-03 2.197086e-03 3.537150e-03 1.419284e-03
5.430413e+02 2.366350e-03 2.198535e-03 3.479769e-03 1.420747e-03
5.430789e+02 2.345714e-03 2.198759e-03 3.417158e-03 1.421226e-03
5.431164e+02 2.323964e-03 2.198833e-03 3.352495e-03 1.420563e-03
5.431540e+02 2.302449e-03 2.199820e-03 3.289082e-03 1.418444e-03
5.431915e+02 2.282382e-03 2.202673e-03 3.229980e-03 1.414494e-03
5.432291e+02 2.264746e-03 2.208160e-03 3.177678e-03 1.408399e-03
5.432666e+02 2.250228e-03 2.216804e-03 3.133846e-03 1.400036e-03
5.433042e+02 2.239204e-03 2.228844e-03 3.099198e-03 1.389569e-03
5.433417e+02 2.231735e-03 2.244224e-03 3.073480e-03 1.377500e-03
5.433793e+02 2.227606e-03 2.262596e-03 3.055581e-03 1.364640e-03
5.434169e+02 2.226377e-03 2.283355e-03 3.043738e-03 1.352037e-03
5.434544e+02 2.227451e-03 2.305705e-03 3.035811e-03 1.340837e-03
5.434920e+02 2.230149e-03 2.328734e-03 3.029574e-03 1.332138e-03
5.435295e+02 2.233782e-03 2.351518e-03 3.022979e-03 1.326849e-03
5.435671e+02 2.237714e-03 2.373212e-03 3.014360e-03 1.325570e-03
5.436046e+02 2.241401e-03 2.393128e-03 3.002542e-03 1.328533e-03
5.436422e+02 2.244408e-03 2.410781e-03 2.986870e-03 1.335574e-03
5.436797e+02 2.246404e-03 2.425899e-03 2.967152e-03 1.346161e-03
5.437173e+02 2.247133e-03 2.438402e-03 2.943552e-03 1.359445e-03
5.437548e+02 2.246391e-03 2.448365e-03 2.916463e-03 1.374344e-03
5.437924e+02 2.244002e-03 2.455979e-03 2.886391e-03 1.389636e-03
5.438299e+02 2.239817e-03 2.461518e-03 2.853865e-03 1.404067e-03
5.438675e+02 2.233729e-03 2.465326e-03 2.819393e-03 1.416467e-03
5.439050e+02 2.225708e-03 2.467800e-03 2.783453e-03 1.425869e-03
5.439426e+02 2.215835e-03 2.469374e-03 2.746511e-03 1.431620e-03
5.439801e+02 2.204331e-03 2.470479e-03 2.709046e-03 1.433468e-03
5.440177e+02 2.191561e-03 2.471500e-03 2.671571e-03 1.431611e-03
5.440552e+02 2.178010e-03 2.472718e-03 2.634626e-03 1.426686e-03
5.440928e+02 2.164238e-03 2.474280e-03 2.598745e-03 1.419689e-03
5.441303e+02 2.150813e-03 2.476191e-03 2.564408e-03 1.411840e-03
5.441679e+02 2.138242e-03 2.478360e-03 2.531979e-03 1.404388e-03
5.442054e+02 2.126911e-03 2.480669e-03 2.501662e-03 1.398401e-03
5.442430e+02 2.117047e-03 2.483071e-03 2.473491e-03 1.394578e-03
5.442805e+02 2.108704e-03 2.485660e-03 2.447347e-03 1.393106e-03
5.443181e+02 2.101781e-03 2.488711e-03 2.423019e-03 1.393612e-03
5.443557e+02 2.096048e-03 2.492659e-03 2.400266e-03 1.395219e-03
5.443932e+02 2.091202e-03 2.498026e-03 2.378875e-03 1.396706e-03
5.444308e+02 2.086916e-03 2.505323e-03 2.358683e-03 1.396742e-03
5.444683e+02 2.082888e-03 2.514940e-03 2.339556e-03 1.394168e-03
5.445059e+02 2.078887e-03 2.527072e-03 2.321330e-03 1.388258e-03
5.445434e+02 2.074782e-03 2.541683e-03 2.303744e-03 1.378920e-03
5.445810e+02 2.070567e-03 2.558525e-03 2.286387e-03 1.366789e-03
5.446185e+02 2.066362e-03 2.577198e-03 2.268692e-03 1.353196e-03
5.446561e+02 2.062413e-03 2.597233e-03 2.250004e-03 1.340001e-03
5.446936e+02 2.059066e-03 2.618172e-03 2.229697e-03 1.329329e-03
5.447312e+02 2.056739e-03 2.639628e-03 2.207342e-03 1.323248e-03
5.447687e+02 2.055868e-03 2.661311e-03 2.182857e-03 1.323437e-03
5.448063e+02 2.056841e-03 2.683007e-03 2.156614e-03 1.330903e-03
5.448438e+02 2.059922e-03 2.704509e-03 2.129449e-03 1.345806e-03
5.448814e+02 2.065166e-03 2.725526e-03 2.102568e-03 1.367404e-03
5.449189e+02 2.072356e-03 2.745574e-03 2.077343e-03 1.394150e-03
5.449565e+02 2.080951e-03 2.763885e-03 2.055053e-03 1.423914e-03
5.449940e+02 2.090096e-03 2.779370e-03 2.036622e-03 1.454296e-03
5.450316e+02 2.098678e-03 2.790664e-03 2.022407e-03 1.482963e-03
5.450691e+02 2.105444e-03 2.796263e-03 2.012108e-03 1.507962e-03
5.451067e+02 2.109165e-03 2.794748e-03 2.004807e-03 1.527940e-03
5.451442e+02 2.108817e-03 2.785069e-03 1.999144e-03 1.542239e-03
5.451818e+02 2.103749e-03 2.766814e-03 1.993576e-03 1.550858e-03
5.452193e+02 2.093798e-03 2.740405e-03 1.986671e-03 1.554318e-03
5.452569e+02 2.079328e-03 2.707162e-03 1.977356e-03 1.553467e-03
5.452945e+02 2.061186e-03 2.669187e-03 1.965094e-03 1.549278e-03
5.453320e+02 2.040579e-03 2.629099e-03 1.949931e-03 1.542706e-03
5.453696e+02 2.018902e-03 2.589649e-03 1.932453e-03 1.534604e-03
5.454071e+02 1.997556e-03 2.553308e-03 1.913641e-03 1.525718e-03
5.454447e+02 1.977783e-03 2.521915e-03 1.894697e-03 1.516735e-03
5.454822e+02 1.960544e-03 2.496458e-03 1.876839e-03 1.508335e-03
5.455198e+02 1.946462e-03 2.477035e-03 1.861124e-03 1.501226e-03
5.455573e+02 1.935809e-03 2.462996e-03 1.848296e-03 1.496134e-03
5.455949e+02 1.928540e-03 2.453209e-03 1.838678e-03 1.493733e-03
5.456324e+02 1.924355e-03 2.446399e-03 1.832122e-03 1.494546e-03
5.456700e+02 1.922768e-03 2.441466e-03 1.828009e-03 1.498828e-03
5.457075e+02 1.923174e-03 2.437721e-03 1.825331e-03 1.506469e-03
5.457451e+02 1.924925e-03 2.435002e-03 1.822816e-03 1.516956e-03
5.457826e+02 1.927387e-03 2.433651e-03 1.819122e-03 1.529388e-03
5.458202e+02 1.930000e-03 2.434386e-03 1.813036e-03 1.542577e-03
5.458577e+02 1.932323e-03 2.438102e-03 1.803666e-03 1.555202e-03
5.458953e+02 1.934076e-03 2.445653e-03 1.790585e-03 1.565990e-03
5.459328e+02 1.935152e-03 2.457659e-03 1.773885e-03 1.573913e-03
5.459704e+02 1.935616e-03 2.474365e-03 1.754150e-03 1.578332e-03
5.460079e+02 1.935671e-03 2.495563e-03 1.732348e-03 1.579101e-03
5.460455e+02 1.935604e-03 2.520584e-03 1.709659e-03 1.576571e-03
5.460830e+02 1.935716e-03 2.548325e-03 1.687287e-03 1.571535e-03
5.461206e+02 1.936238e-03 2.577328e-03 1.666294e-03 1.565093e-03
5.461581e+02 1.937277e-03 2.605878e-03 1.647470e-03 1.558483e-03
5.461957e+02 1.938770e-03 2.632130e-03 1.631278e-03 1.552903e-03
5.462333e+02 1.940490e-03 2.654260e-03 1.617857e-03 1.549354e-03
5.462708e+02 1.942076e-03 2.670619e-03 1.607084e-03 1.548524e-03
5.463084e+02 1.943098e-03 2.679897e-03 1.598672e-03 1.550724e-03
5.463459e+02 1.943138e-03 2.681259e-03 1.592270e-03 1.555886e-03
5.463835e+02 1.941862e-03 2.674439e-03 1.587560e-03 1.563588e-03
5.464210e+02 1.939077e-03 2.659780e-03 1.584324e-03 1.573128e-03
5.464586e+02 1.934757e-03 2.638199e-03 1.582476e-03 1.583597e-03
5.464961e+02 1.929041e-03 2.611096e-03 1.582059e-03 1.593968e-03
5.465337e+02 1.922204e-03 2.580211e-03 1.583203e-03 1.603198e-03
5.465712e+02 1.914612e-03 2.547467e-03 1.586051e-03 1.610317e-03
5.466088e+02 1.906665e-03 2.514794e-03 1.590666e-03 1.614535e-03
5.466463e+02 1.898749e-03 2.483985e-03 1.596929e-03 1.615334e-03
5.466839e+02 1.891187e-03 2.456575e-03 1.604450e-03 1.612538e-03
5.467214e+02 1.884215e-03 2.433767e-03 1.612521e-03 1.606357e-03
5.467590e+02 1.877970e-03 2.416400e-03 1.620135e-03 1.597374e-03
5.467965e+02 1.872505e-03 2.404955e-03 1.626076e-03 1.586485e-03
5.468341e+02 1.867825e-03 2.399602e-03 1.629085e-03 1.574788e-03
5.468716e+02 1.863927e-03 2.400264e-03 1.628069e-03 1.563448e-03
5.469092e+02 1.860851e-03 2.406693e-03 1.622318e-03 1.553543e-03
5.469467e+02 1.858722e-03 2.418540e-03 1.611687e-03 1.545940e-03
5.469843e+02 1.857762e-03 2.435407e-03 1.596687e-03 1.541192e-03
5.470218e+02 1.858276e-03 2.456866e-03 1.578476e-03 1.539487e-03
5.470594e+02 1.860604e-03 2.482446e-03 1.558729e-03 1.540636e-03
5.470969e+02 1.865041e-03 2.511593e-03 1.539430e-03 1.544100e-03
5.471345e+02 1.871753e-03 2.543606e-03 1.522601e-03 1.549052e-03
5.471721e+02 1.880682e-03 2.577569e-03 1.510022e-03 1.554455e-03
5.472096e+02 1.891487e-03 2.612294e-03 1.502994e-03 1.559174e-03
5.472472e+02 1.903519e-03 2.646299e-03 1.502167e-03 1.562092e-03
5.472847e+02 1.915844e-03 2.677824e-03 1.507461e-03 1.562248e-03
5.473223e+02 1.927324e-03 2.704910e-03 1.518090e-03 1.558971e-03
5.473598e+02 1.936735e-03 2.725527e-03 1.532677e-03 1.552000e-03
5.473974e+02 1.942919e-03 2.737763e-03 1.549434e-03 1.541560e-03
5.474349e+02 1.944942e-03 2.740038e-03 1.566402e-03 1.528386e-03
5.474725e+02 1.942229e-03 2.731339e-03 1.581693e-03 1.513656e-03
5.475100e+02 1.934667e-03 2.711415e-03 1.593724e-03 1.498861e-03
5.475476e+02 1.922638e-03 2.680917e-03 1.601396e-03 1.485600e-03
5.475851e+02 1.906994e-03 2.641438e-03 1.604201e-03 1.475343e-03
5.476227e+02 1.888958e-03 2.595424e-03 1.602245e-03 1.469204e-03
5.476602e+02 1.869973e-03 2.545975e-03 1.596179e-03 1.467766e-03
5.476978e+02 1.851524e-03 2.496531e-03 1.587056e-03 1.470985e-03
5.477353e+02 1.834953e-03 2.450508e-03 1.576141e-03 1.478209e-03
5.477729e+02 1.821303e-03 2.410919e-03 1.564701e-03 1.488290e-03
5.478104e+02 1.811215e-03 2.380053e-03 1.553818e-03 1.499775e-03
5.478480e+02 1.804884e-03 2.359264e-03 1.544254e-03 1.511135e-03
5.478855e+02 1.802084e-03 2.348887e-03 1.536379e-03 1.520987e-03
5.479231e+02 1.802250e-03 2.348299e-03 1.530177e-03 1.528273e-03
5.479606e+02 1.804592e-03 2.356092e-03 1.525314e-03 1.532369e-03
5.479982e+02 1.808234e-03 2.370323e-03 1.521243e-03 1.533134e-03
5.480357e+02 1.812330e-03 2.388782e-03 1.517325e-03 1.530883e-03
5.480733e+02 1.816168e-03 2.409237e-03 1.512944e-03 1.526323e-03
5.481109e+02 1.819227e-03 2.429630e-03 1.507594e-03 1.520457e-03
5.481484e+02 1.821205e-03 2.448198e-03 1.500941e-03 1.514477e-03
5.481860e+02 1.822015e-03 2.463556e-03 1.492849e-03 1.509639e-03
5.482235e+02 1.821756e-03 2.474733e-03 1.483383e-03 1.507151e-03
5.482611e+02 1.820683e-03 2.481198e-03 1.472799e-03 1.508051e-03
5.482986e+02 1.819160e-03 2.482871e-03 1.461513e-03 1.513097e-03
5.483362e+02 1.817622e-03 2.480116e-03 1.450067e-03 1.522684e-03
5.483737e+02 1.816517e-03 2.473693e-03 1.439079e-03 1.536779e-03
5.484113e+02 1.816252e-03 2.464659e-03 1.429193e-03 1.554902e-03
5.484488e+02 1.817124e-03 2.454209e-03 1.421020e-03 1.576145e-03
5.484864e+02 1.819261e-03 2.443470e-03 1.415087e-03 1.599226e-03
5.485239e+02 1.822562e-03 2.433296e-03 1.411801e-03 1.622590e-03
5.485615e+02 1.826673e-03 2.424076e-03 1.411416e-03 1.644528e-03
5.485990e+02 1.830997e-03 2.415638e-03 1.414025e-03 1.663327e-03
5.486366e+02 1.834746e-03 2.407246e-03 1.419557e-03 1.677435e-03
5.486741e+02 1.837034e-03 2.397713e-03 1.427775e-03 1.685613e-03
5.487117e+02 1.836999e-03 2.385623e-03 1.438285e-03 1.687090e-03
5.487492e+02 1.833935e-03 2.369608e-03 1.450536e-03 1.681661e-03
5.487868e+02 1.827407e-03 2.348644e-03 1.463834e-03 1.669743e-03
5.488243e+02 1.817343e-03 2.322303e-03 1.477365e-03 1.652362e-03
5.488619e+02 1.804073e-03 2.290913e-03 1.490241e-03 1.631066e-03
5.488994e+02 1.788312e-03 2.255589e-03 1.501569e-03 1.607778e-03
5.489370e+02 1.771085e-03 2.218121e-03 1.510534e-03 1.584601e-03
5.489745e+02 1.753609e-03 2.180731e-03 1.516491e-03 1.563606e-03
5.490121e+02 1.737133e-03 2.145740e-03 1.519046e-03 1.546613e-03
5.490497e+02 1.722771e-03 2.115197e-03 1.518109e-03 1.535007e-03
5.490872e+02 1.711348e-03 2.090549e-03 1.513896e-03 1.529599e-03
5.491248e+02 1.703287e-03 2.072400e-03 1.506907e-03 1.530554e-03
5.491623e+02 1.698554e-03 2.060427e-03 1.497848e-03 1.537387e-03
5.491999e+02 1.696679e-03 2.053448e-03 1.487546e-03 1.549043e-03
5.492374e+02 1.696847e-03 2.049645e-03 1.476854e-03 1.564043e-03
5.492750e+02 1.698048e-03 2.046892e-03 1.466571e-03 1.580679e-03
5.493125e+02 1.699246e-03 2.043118e-03 1.457388e-03 1.597232e-03
5.493501e+02 1.699555e-03 2.036641e-03 1.449847e-03 1.612177e-03
5.493876e+02 1.698364e-03 2.026413e-03 1.444332e-03 1.624348e-03
5.494252e+02 1.695412e-03 2.012141e-03 1.441061e-03 1.633034e-03
5.494627e+02 1.690790e-03 1.994279e-03 1.440080e-03 1.638010e-03
5.495003e+02 1.684888e-03 1.973909e-03 1.441268e-03 1.639487e-03
5.495378e+02 1.678303e-03 1.952544e-03 1.444341e-03 1.638024e-03
5.495754e+02 1.671722e-03 1.931897e-03 1.448864e-03 1.634404e-03
5.496129e+02 1.665820e-03 1.913670e-03 1.454282e-03 1.629507e-03
5.496505e+02 1.661173e-03 1.899358e-03 1.459958e-03 1.624202e-03
5.496880e+02 1.658203e-03 1.890123e-03 1.465229e-03 1.619258e-03
5.497256e+02 1.657152e-03 1.886701e-03 1.469456e-03 1.615297e-03
5.497631e+02 1.658076e-03 1.889377e-03 1.472081e-03 1.612771e-03
5.498007e+02 1.660874e-03 1.897979e-03 1.472669e-03 1.611973e-03
5.498382e+02 1.665309e-03 1.911920e-03 1.470937e-03 1.613070e-03
5.498758e+02 1.671056e-03 1.930252e-03 1.466778e-03 1.616139e-03
5.499133e+02 1.677742e-03 1.951744e-03 1.460277e-03 1.621203e-03
5.499509e+02 1.684979e-03 1.974973e-03 1.451721e-03 1.628244e-03
5.499885e+02 1.692404e-03 1.998422e-03 1.441596e-03 1.637194e-03
5.500260e+02 1.699692e-03 2.020586e-03 1.430579e-03 1.647910e-03
5.500636e+02 1.706569e-03 2.040070e-03 1.419505e-03 1.660131e-03
5.501011e+02 1.712807e-03 2.055676e-03 1.409309e-03 1.673436e-03
5.501387e+02 1.718213e-03 2.066468e-03 1.400944e-03 1.687227e-03
5.501762e+02 1.722610e-03 2.071813e-03 1.395279e-03 1.700737e-03
5.502138e+02 1.725816e-03 2.071389e-03 1.392987e-03 1.713073e-03
5.502513e+02 1.727633e-03 2.065170e-03 1.394449e-03 1.723280e-03
5.502889e+02 1.727839e-03 2.053390e-03 1.399687e-03 1.730439e-03
5.503264e+02 1.726199e-03 2.036491e-03 1.408342e-03 1.733763e-03
5.503640e+02 1.722492e-03 2.015076e-03 1.419709e-03 1.732692e-03
5.504015e+02 1.716555e-03 1.989861e-03 1.432816e-03 1.726987e-03
5.504391e+02 1.708325e-03 1.961644e-03 1.446545e-03 1.716786e-03
5.504766e+02 1.697890e-03 1.931274e-03 1.459758e-03 1.702637e-03
5.505142e+02 1.685510e-03 1.899631e-03 1.471419e-03 1.685481e-03
5.505517e+02 1.671626e-03 1.867606e-03 1.480687e-03 1.666584e-03
5.505893e+02 1.656821e-03 1.836080e-03 1.486969e-03 1.647415e-03
5.506268e+02 1.641771e-03 1.805901e-03 1.489929e-03 1.629484e-03
5.506644e+02 1.627162e-03 1.777855e-03 1.489469e-03 1.614161e-03
5.507019e+02 1.613609e-03 1.752640e-03 1.485683e-03 1.602504e-03
5.507395e+02 1.601589e-03 1.730837e-03 1.478799e-03 1.595130e-03
5.507770e+02 1.591392e-03 1.712895e-03 1.469127e-03 1.592154e-03
5.508146e+02 1.583111e-03 1.699110e-03 1.457022e-03 1.593202e-03
5.508521e+02 1.576659e-03 1.689613e-03 1.442863e-03 1.597500e-03
5.508897e+02 1.571811e-03 1.684374e-03 1.427047e-03 1.604012e-03
5.509273e+02 1.568266e-03 1.683188e-03 1.409997e-03 1.611613e-03
5.509648e+02 1.565701e-03 1.685693e-03 1.392168e-03 1.619241e-03
5.510024e+02 1.563815e-03 1.691370e-03 1.374045e-03 1.626031e-03
5.510399e+02 1.562360e-03 1.699572e-03 1.356124e-03 1.631385e-03
5.510775e+02 1.561145e-03 1.709555e-03 1.338879e-03 1.635000e-03
5.511150e+02 1.560033e-03 1.720528e-03 1.322730e-03 1.636842e-03
5.511526e+02 1.558934e-03 1.731712e-03 1.308005e-03 1.637086e-03
5.511901e+02 1.557792e-03 1.742400e-03 1.294934e-03 1.636043e-03
5.512277e+02 1.556584e-03 1.752014e-03 1.283657e-03 1.634081e-03
5.512652e+02 1.555320e-03 1.760139e-03 1.274260e-03 1.631562e-03
5.513028e+02 1.554042e-03 1.766525e-03 1.266819e-03 1.628784e-03
5.513403e+02 1.552818e-03 1.771063e-03 1.261439e-03 1.625952e-03
5.513779e+02 1.551726e-03 1.773731e-03 1.258282e-03 1.623165e-03
5.514154e+02 1.550832e-03 1.774524e-03 1.257548e-03 1.620426e-03
5.514530e+02 1.550168e-03 1.773391e-03 1.259446e-03 1.617668e-03
5.514905e+02 1.549707e-03 1.770190e-03 1.264127e-03 1.614804e-03
5.515281e+02 1.549357e-03 1.764676e-03 1.271615e-03 1.611781e-03
5.515656e+02 1.548973e-03 1.756528e-03 1.281750e-03 1.608641e-03
5.516032e+02 1.548375e-03 1.745413e-03 1.294144e-03 1.605568e-03
5.516407e+02 1.547389e-03 1.731080e-03 1.308181e-03 1.602905e-03
5.516783e+02 1.545885e-03 1.713466e-03 1.323050e-03 1.601140e-03
5.517158e+02 1.543809e-03 1.692788e-03 1.337801e-03 1.600837e-03
5.517534e+02 1.541193e-03 1.669606e-03 1.351435e-03 1.602539e-03
5.517909e+02 1.538155e-03 1.644832e-03 1.362998e-03 1.606635e-03
5.518285e+02 1.534858e-03 1.619670e-03 1.371667e-03 1.613237e-03
5.518661e+02 1.531463e-03 1.595493e-03 1.376826e-03 1.622069e-03
5.519036e+02 1.528065e-03 1.573667e-03 1.378108e-03 1.632420e-03
5.519412e+02 1.524643e-03 1.555349e-03 1.375417e-03 1.643162e-03
5.519787e+02 1.521026e-03 1.541316e-03 1.368915e-03 1.652848e-03
5.520163e+02 1.516900e-03 1.531839e-03 1.358981e-03 1.659881e-03
5.520538e+02 1.511851e-03 1.526647e-03 1.346164e-03 1.662741e-03
5.520914e+02 1.505445e-03 1.524990e-03 1.331127e-03 1.660218e-03
5.521289e+02 1.497333e-03 1.525779e-03 1.314591e-03 1.651630e-03
5.521665e+02 1.487349e-03 1.527777e-03 1.297295e-03 1.636975e-03
5.522040e+02 1.475588e-03 1.529801e-03 1.279971e-03 1.616991e-03
5.522416e+02 1.462438e-03 1.530889e-03 1.263322e-03 1.593104e-03
5.522791e+02 1.448565e-03 1.530410e-03 1.248014e-03 1.567271e-03
5.523167e+02 1.434835e-03 1.528094e-03 1.234663e-03 1.541749e-03
5.523542e+02 1.422207e-03 1.524001e-03 1.223809e-03 1.518812e-03
5.523918e+02 1.411607e-03 1.518436e-03 1.215892e-03 1.500493e-03
5.524293e+02 1.403807e-03 1.511850e-03 1.211215e-03 1.488357e-03
5.524669e+02 1.399342e-03 1.504750e-03 1.209912e-03 1.483363e-03
5.525044e+02 1.398457e-03 1.497625e-03 1.211929e-03 1.485816e-03
5.525420e+02 1.401114e-03 1.490917e-03 1.217026e-03 1.495399e-03
5.525795e+02 1.407028e-03 1.485014e-03 1.224799e-03 1.511270e-03
5.526171e+02 1.415727e-03 1.480265e-03 1.234720e-03 1.532197e-03
5.526546e+02 1.426626e-03 1.476997e-03 1.246184e-03 1.556698e-03
5.526922e+02 1.439082e-03 1.475515e-03 1.258556e-03 1.583175e-03
5.527297e+02 1.452439e-03 1.476097e-03 1.271204e-03 1.610017e-03
5.527673e+02 1.466052e-03 1.478951e-03 1.283522e-03 1.635684e-03
5.528049e+02 1.479290e-03 1.484171e-03 1.294934e-03 1.658765e-03
5.528424e+02 1.491538e-03 1.491693e-03 1.304900e-03 1.678022e-03
5.528800e+02 1.502210e-03 1.501268e-03 1.312930e-03 1.692433e-03
5.529175e+02 1.510766e-03 1.512454e-03 1.318610e-03 1.701235e-03
5.529551e+02 1.516756e-03 1.524656e-03 1.321638e-03 1.703973e-03
5.529926e+02 1.519869e-03 1.537187e-03 1.321871e-03 1.700550e-03
5.530302e+02 1.519995e-03 1.549341e-03 1.319370e-03 1.691274e-03
5.530677e+02 1.517257e-03 1.560478e-03 1.314418e-03 1.676875e-03
5.531053e+02 1.512028e-03 1.570083e-03 1.307510e-03 1.658490e-03
5.531428e+02 1.504901e-03 1.577802e-03 1.299305e-03 1.637596e-03
5.531804e+02 1.496630e-03 1.583447e-03 1.290551e-03 1.615891e-03
5.532179e+02 1.488033e-03 1.586973e-03 1.281992e-03 1.595135e-03
5.532555e+02 1.479891e-03 1.588444e-03 1.274269e-03 1.576961e-03
5.532930e+02 1.472844e-03 1.587979e-03 1.267849e-03 1.562703e-03
5.533306e+02 1.467316e-03 1.585716e-03 1.262972e-03 1.553259e-03
5.533681e+02 1.463479e-03 1.581774e-03 1.259649e-03 1.549013e-03
5.534057e+02 1.461254e-03 1.576229e-03 1.257691e-03 1.549841e-03
5.534432e+02 1.460351e-03 1.569108e-03 1.256763e-03 1.555182e-03
5.534808e+02 1.460342e-03 1.560398e-03 1.256463e-03 1.564165e-03
5.535183e+02 1.460746e-03 1.550071e-03 1.256405e-03 1.575763e-03
5.535559e+02 1.461118e-03 1.538129e-03 1.256289e-03 1.588936e-03
5.535934e+02 1.461123e-03 1.524651e-03 1.255963e-03 1.602755e-03
5.536310e+02 1.460586e-03 1.509838e-03 1.255446e-03 1.616473e-03
5.536685e+02 1.459510e-03 1.494040e-03 1.254939e-03 1.629550e-03
5.537061e+02 1.458059e-03 1.477751e-03 1.254787e-03 1.641638e-03
5.537437e+02 1.456506e-03 1.461571e-03 1.255426e-03 1.652522e-03
5.537812e+02 1.455166e-03 1.446133e-03 1.257310e-03 1.662054e-03
5.538188e+02 1.454306e-03 1.432019e-03 1.260811e-03 1.670088e-03
5.538563e+02 1.454082e-03 1.419678e-03 1.266140e-03 1.676429e-03
5.538939e+02 1.454484e-03 1.409370e-03 1.273259e-03 1.680825e-03
5.539314e+02 1.455327e-03 1.401149e-03 1.281839e-03 1.682992e-03
5.539690e+02 1.456275e-03 1.394891e-03 1.291243e-03 1.682692e-03
5.540065e+02 1.456907e-03 1.390353e-03 1.300556e-03 1.679813e-03
5.540441e+02 1.456794e-03 1.387253e-03 1.308664e-03 1.674466e-03
5.540816e+02 1.455581e-03 1.385343e-03 1.314363e-03 1.667038e-03
5.541192e+02 1.453053e-03 1.384464e-03 1.316499e-03 1.658196e-03
5.541567e+02 1.449167e-03 1.384571e-03 1.314105e-03 1.648825e-03
5.541943e+02 1.444053e-03 1.385719e-03 1.306533e-03 1.639908e-03
5.542318e+02 1.437990e-03 1.388039e-03 1.293553e-03 1.632379e-03
5.542694e+02 1.431359e-03 1.391689e-03 1.275415e-03 1.626973e-03
5.543069e+02 1.424604e-03 1.396826e-03 1.252863e-03 1.624125e-03
5.543445e+02 1.418197e-03 1.403569e-03 1.227098e-03 1.623925e-03
5.543820e+02 1.412615e-03 1.411990e-03 1.199700e-03 1.626154e-03
5.544196e+02 1.408325e-03 1.422098e-03 1.172504e-03 1.630373e-03
5.544571e+02 1.405774e-03 1.433828e-03 1.147441e-03 1.636054e-03
5.544947e+02 1.405362e-03 1.447018e-03 1.126362e-03 1.642706e-03
5.545322e+02 1.407403e-03 1.461383e-03 1.110848e-03 1.649978e-03
5.545698e+02 1.412079e-03 1.476487e-03 1.102042e-03 1.657709e-03
5.546073e+02 1.419390e-03 1.491728e-03 1.100513e-03 1.665930e-03
5.546449e+02 1.429113e-03 1.506354e-03 1.106184e-03 1.674801e-03
5.546825e+02 1.440794e-03 1.519510e-03 1.118340e-03 1.684532e-03
5.547200e+02 1.453767e-03 1.530320e-03 1.135709e-03 1.695271e-03
5.547576e+02 1.467216e-03 1.537999e-03 1.156640e-03 1.707007e-03
5.547951e+02 1.480259e-03 1.541963e-03 1.179310e-03 1.719503e-03
5.548327e+02 1.492047e-03 1.541920e-03 1.201967e-03 1.732255e-03
5.548702e+02 1.501855e-03 1.537914e-03 1.223132e-03 1.744518e-03
5.549078e+02 1.509142e-03 1.530313e-03 1.241750e-03 1.755363e-03
5.549453e+02 1.513588e-03 1.519733e-03 1.257236e-03 1.763796e-03
5.549829e+02 1.515081e-03 1.506914e-03 1.269441e-03 1.768886e-03
5.550204e+02 1.513677e-03 1.492583e-03 1.278532e-03 1.769916e-03
5.550580e+02 1.509551e-03 1.477325e-03 1.284829e-03 1.766500e-03
5.550955e+02 1.502942e-03 1.461513e-03 1.288651e-03 1.758664e-03
5.551331e+02 1.494119e-03 1.445303e-03 1.290192e-03 1.746862e-03
5.551706e+02 1.483366e-03 1.428704e-03 1.289473e-03 1.731921e-03
5.552082e+02 1.470992e-03 1.411690e-03 1.286367e-03 1.714918e-03
5.552457e+02 1.457350e-03 1.394337e-03 1.280683e-03 1.697030e-03
5.552833e+02 1.442854e-03 1.376923e-03 1.272284e-03 1.679355e-03
5.553208e+02 1.427976e-03 1.359966e-03 1.261195e-03 1.662767e-03
5.553584e+02 1.413230e-03 1.344191e-03 1.247674e-03 1.647824e-03
5.553959e+02 1.399129e-03 1.330421e-03 1.232222e-03 1.634745e-03
5.554335e+02 1.386138e-03 1.319425e-03 1.215534e-03 1.623456e-03
5.554710e+02 1.374624e-03 1.311771e-03 1.198403e-03 1.613698e-03
5.555086e+02 1.364824e-03 1.307703e-03 1.181611e-03 1.605158e-03
5.555461e+02 1.356843e-03 1.307093e-03 1.165839e-03 1.597597e-03
5.555837e+02 1.350661e-03 1.309448e-03 1.151608e-03 1.590927e-03
5.556213e+02 1.346174e-03 1.313994e-03 1.139275e-03 1.585254e-03
5.556588e+02 1.343234e-03 1.319796e-03 1.129069e-03 1.580836e-03
5.556964e+02 1.341687e-03 1.325894e-03 1.121154e-03 1.578014e-03
5.557339e+02 1.341408e-03 1.331441e-03 1.115679e-03 1.577103e-03
5.557715e+02 1.342307e-03 1.335808e-03 1.112815e-03 1.578299e-03
5.558090e+02 1.344332e-03 1.338658e-03 1.112738e-03 1.581600e-03
5.558466e+02 1.347447e-03 1.339980e-03 1.115585e-03 1.586775e-03
5.558841e+02 1.351609e-03 1.340069e-03 1.121377e-03 1.593380e-03
5.559217e+02 1.356742e-03 1.339476e-03 1.129946e-03 1.600805e-03
5.559592e+02 1.362714e-03 1.338917e-03 1.140879e-03 1.608345e-03
5.559968e+02 1.369318e-03 1.339154e-03 1.153517e-03 1.615282e-03
5.560343e+02 1.376267e-03 1.340866e-03 1.166993e-03 1.620943e-03
5.560719e+02 1.383202e-03 1.344525e-03 1.180325e-03 1.624757e-03
5.561094e+02 1.389705e-03 1.350301e-03 1.192532e-03 1.626283e-03
5.561470e+02 1.395331e-03 1.358005e-03 1.202763e-03 1.625225e-03
5.561845e+02 1.399644e-03 1.367092e-03 1.210388e-03 1.621452e-03
5.562221e+02 1.402267e-03 1.376726e-03 1.215064e-03 1.615009e-03
5.562596e+02 1.402924e-03 1.385894e-03 1.216740e-03 1.606139e-03
5.562972e+02 1.401489e-03 1.393562e-03 1.215614e-03 1.595292e-03
5.563347e+02 1.398010e-03 1.398842e-03 1.212063e-03 1.583125e-03
5.563723e+02 1.392719e-03 1.401140e-03 1.206547e-03 1.570469e-03
5.564098e+02 1.386013e-03 1.400259e-03 1.199525e-03 1.558254e-03
5.564474e+02 1.378414e-03 1.396437e-03 1.191390e-03 1.547415e-03
5.564849e+02 1.370507e-03 1.390313e-03 1.182443e-03 1.538767e-03
5.565225e+02 1.362867e-03 1.382818e-03 1.172888e-03 1.532894e-03
5.565601e+02 1.355988e-03 1.375027e-03 1.162869e-03 1.530067e-03
5.565976e+02 1.350236e-03 1.367982e-03 1.152513e-03 1.530213e-03
5.566352e+02 1.345812e-03 1.362528e-03 1.141972e-03 1.532937e-03
5.566727e+02 1.342752e-03 1.359192e-03 1.131456e-03 1.537607e-03
5.567103e+02 1.340941e-03 1.358120e-03 1.121239e-03 1.543463e-03
5.567478e+02 1.340157e-03 1.359092e-03 1.111641e-03 1.549738e-03
5.567854e+02 1.340109e-03 1.361583e-03 1.102992e-03 1.555753e-03
5.568229e+02 1.340484e-03 1.364888e-03 1.095583e-03 1.560981e-03
5.568605e+02 1.340974e-03 1.368239e-03 1.089625e-03 1.565059e-03
5.568980e+02 1.341296e-03 1.370923e-03 1.085214e-03 1.567750e-03
5.569356e+02 1.341181e-03 1.372344e-03 1.082310e-03 1.568889e-03
5.569731e+02 1.340354e-03 1.372031e-03 1.080738e-03 1.568295e-03
5.570107e+02 1.338493e-03 1.369598e-03 1.080178e-03 1.565704e-03
5.570482e+02 1.335174e-03 1.364645e-03 1.080166e-03 1.560711e-03
5.570858e+02 1.329821e-03 1.356661e-03 1.080068e-03 1.552735e-03
5.571233e+02 1.321672e-03 1.344933e-03 1.079065e-03 1.541018e-03
5.571609e+02 1.309760e-03 1.328508e-03 1.076125e-03 1.524646e-03
5.571984e+02 1.292944e-03 1.306216e-03 1.070015e-03 1.502602e-03
5.572360e+02 1.269978e-03 1.276764e-03 1.059338e-03 1.473832e-03
5.572735e+02 1.239621e-03 1.238891e-03 1.042635e-03 1.437336e-03
5.573111e+02 1.200787e-03 1.191564e-03 1.018526e-03 1.392271e-03
5.573486e+02 1.152705e-03 1.134172e-03 9.858855e-04 1.338057e-03
5.573862e+02 1.095069e-03 1.066699e-03 9.440279e-04 1.274479e-03
5.574237e+02 1.028153e-03 9.898327e-04 8.928525e-04 1.201773e-03
5.574613e+02 9.528645e-04 9.049862e-04 8.329310e-04 1.120676e-03
5.574989e+02 8.707263e-04 8.142296e-04 7.655100e-04 1.032439e-03
5.575364e+02 7.837782e-04 7.201304e-04 6.924232e-04 9.387811e-04
5.575740e+02 6.944160e-04 6.255260e-04 6.159273e-04 8.417947e-04
5.576115e+02 6.051856e-04 5.332618e-04 5.384866e-04 7.438083e-04
5.576491e+02 5.185628e-04 4.459333e-04 4.625399e-04 6.472153e-04
5.576866e+02 4.367502e-04 3.656706e-04 3.902852e-04 5.542948e-04
5.577242e+02 3.615178e-04 2.939948e-04 3.235109e-04 4.670478e-04
5.577617e+02 2.941053e-04 2.317581e-04 2.634916e-04 3.870661e-04
5.577993e+02 2.351921e-04 1.791694e-04 2.109545e-04 3.154525e-04
5.578368e+02 1.849301e-04 1.358859e-04 1.661094e-04 2.527952e-04
5.578744e+02 1.430242e-04 1.011486e-04 1.287283e-04 1.991957e-04
5.579119e+02 1.088416e-04 7.393330e-05 9.825341e-05 1.543381e-04
5.579495e+02 8.153142e-05 5.309325e-05 7.391524e-05 1.175858e-04
5.579870e+02 6.013525e-05 3.747665e-05 5.484189e-05 8.808722e-05
5.580246e+02 4.367986e-05 2.601137e-05 4.014968e-05 6.487852e-05
5.580621e+02 3.124468e-05 1.775577e-05 2.900822e-05 4.697006e-05
5.580997e+02 2.200455e-05 1.192067e-05 2.068023e-05 3.341275e-05
5.581372e+02 1.525046e-05 7.869895e-06 1.453925e-05 2.334225e-05
5.581748e+02 1.039379e-05 5.107111e-06 1.007094e-05 1.600332e-05
5.582123e+02 6.959452e-06 3.255883e-06 6.864095e-06 1.075838e-05
5.582499e+02 4.572948e-06 2.037644e-06 4.596348e-06 7.084852e-06
5.582874e+02 2.945037e-06 1.250775e-06 3.018709e-06 4.565628e-06
5.583250e+02 1.856433e-06 7.523333e-07 1.941082e-06 2.875884e-06
5.583625e+02 1.143861e-06 4.429854e-07 1.219906e-06 1.768690e-06
5.584001e+02 6.880100e-07 2.550809e-07 7.480891e-07 1.060860e-06
5.584377e+02 4.034530e-07 1.434959e-07 4.469583e-07 6.199048e-07
5.584752e+02 2.303850e-07 7.878633e-08 2.598227e-07 3.525459e-07
5.585128e+02 1.279701e-07 4.218002e-08 1.467791e-07 1.949512e-07
5.585503e+02 6.907706e-08 2.199986e-08 8.049684e-08 1.047345e-07
5.585879e+02 3.620365e-08 1.116922e-08 4.281882e-08 5.462290e-08
5.586254e+02 1.840897e-08 5.515390e-09 2.207509e-08 2.763641e-08
5.586630e+02 9.075586e-09 2.646825e-09 1.102317e-08 1.355676e-08
5.587005e+02 4.335343e-09 1.233626e-09 5.328559e-09 6.443843e-09
5.587381e+02 2.005424e-09 5.578628e-10 2.492185e-09 2.966224e-09
5.587756e+02 8.980301e-10 2.447192e-10 1.127338e-09 1.322033e-09
5.588132e+02 3.892151e-10 1.041263e-10 4.931619e-10 5.703572e-10
5.588507e+02 1.630466e-10 4.295174e-11 2.084111e-10 2.377770e-10
5.588883e+02 6.604790e-11 1.712618e-11 8.519018e-11 9.582733e-11
5.589258e+02 2.585854e-11 6.606642e-12 3.359018e-11 3.737880e-11
5.589634e+02 9.725143e-12 2.427641e-12 1.274748e-11 1.400031e-11
5.590009e+02 3.525775e-12 8.566486e-13 4.654076e-12 5.066601e-12
5.590385e+02 1.252798e-12 3.030964e-13 1.662256e-12 1.793042e-12
5.590760e+02 4.074105e-13 9.087911e-14 5.665628e-13 5.647895e-13
5.591136e+02 1.337105e-13 3.030388e-14 1.886769e-13 1.821507e-13
5.591511e+02 0.000000e+00 0.000000e+00 0.000000e+00 0.000000e+00
5.591887e+02 0.000000e+00 0.000000e+00 0.000000e+00 0.000000e+00
5.592262e+02 0.000000e+00 0.000000e+00 0.000000e+00 0.000000e+00
5.592638e+02 0.000000e+00 0.000000e+00 0.000000e+00 0.000000e+00
5.593013e+02 0.000000e+00 0.000000e+00 0.000000e+00 0.000000e+00
5.593389e+02 0.000000e+00 0.000000e+00 0.000000e+00 0.000000e+00
5.593765e+02 0.000000e+00 0.000000e+00 0.000000e+00 0.000000e+00
5.594140e+02 0.000000e+00 0.000000e+00 0.000000e+00 0.000000e+00
5.594516e+02 0.000000e+00 0.000000e+00 0.000000e+00 0.000000e+00
5.594891e+02 0.000000e+00 0.000000e+00 0.000000e+00 0.000000e+00
5.595267e+02 0.000000e+00 0.000000e+00 0.000000e+00 0.000000e+00
5.595642e+02 0.000000e+00 0.000000e+00 0.000000e+00 0.000000e+00
5.596018e+02 0.000000e+00 0.000000e+00 0.000000e+00 0.000000e+00
5.596393e+02 0.000000e+00 0.000000e+00 0.000000e+00 0.000000e+00
5.596769e+02 0.000000e+00 0.000000e+00 0.000000e+00 0.000000e+00
5.597144e+02 0.000000e+00 0.000000e+00 0.000000e+00 0.000000e+00
5.597520e+02 0.000000e+00 0.000000e+00 0.000000e+00 0.000000e+00
5.597895e+02 0.000000e+00 0.000000e+00 0.000000e+00 0.000000e+00
5.598271e+02 0.000000e+00 0.000000e+00 0.000000e+00 0.000000e+00
5.598646e+02 0.000000e+00 0.000000e+00 0.000000e+00 0.000000e+00
5.599022e+02 0.000000e+00 0.000000e+00 0.000000e+00 0.000000e+00
5.599397e+02 0.000000e+00 0.000000e+00 0.000000e+00 0.000000e+00
5.599773e+02 0.000000e+00 0.000000e+00 0.000000e+00 0.000000e+00
5.600148e+02 0.000000e+00 0.000000e+00 0.000000e+00 0.000000e+00
5.600524e+02 0.000000e+00 0.000000e+00 0.000000e+00 0.000000e+00
5.600899e+02 0.000000e+00 0.000000e+00 0.000000e+00 0.000000e+00
5.601275e+02 0.000000e+00 0.000000e+00 0.000000e+00 0.000000e+00
5.601650e+02 0.000000e+00 0.000000e+00 0.000000e+00 0.000000e+00
5.602026e+02 0.000000e+00 0.000000e+00 0.000000e+00 0.000000e+00
5.602401e+02 0.000000e+00 0.000000e+00 0.000000e+00 0.000000e+00
5.602777e+02 0.000000e+00 0.000000e+00 0.000000e+00 0.000000e+00
5.603153e+02 0.000000e+00 0.000000e+00 0.000000e+00 0.000000e+00
5.603528e+02 0.000000e+00 0.000000e+00 0.000000e+00 0.000000e+00
5.603904e+02 0.000000e+00 0.000000e+00 0.000000e+00 0.000000e+00
5.604279e+02 0.000000e+00 0.000000e+00 0.000000e+00 0.000000e+00
5.604655e+02 0.000000e+00 0.000000e+00 0.000000e+00 0.000000e+00
5.605030e+02 0.000000e+00 0.000000e+00 0.000000e+00 0.000000e+00
5.605406e+02 0.000000e+00 0.000000e+00 0.000000e+00 0.000000e+00
5.605781e+02 0.000000e+00 0.000000e+00 0.000000e+00 0.000000e+00
5.606157e+02 0.000000e+00 0.000000e+00 0.000000e+00 0.000000e+00
5.606532e+02 0.000000e+00 0.000000e+00 0.000000e+00 0.000000e+00
5.606908e+02 0.000000e+00 0.000000e+00 0.000000e+00 0.000000e+00
5.607283e+02 0.000000e+00 0.000000e+00 0.000000e+00 0.000000e+00
5.607659e+02 0.000000e+00 0.000000e+00 0.000000e+00 0.000000e+00
5.608034e+02 0.000000e+00 0.000000e+00 0.000000e+00 0.000000e+00
5.608410e+02 0.000000e+00 0.000000e+00 0.000000e+00 0.000000e+00
5.608785e+02 0.000000e+00 0.000000e+00 0.000000e+00 0.000000e+00
5.609161e+02 0.000000e+00 0.000000e+00 0.000000e+00 0.000000e+00
5.609536e+02 0.000000e+00 0.000000e+00 0.000000e+00 0.000000e+00
5.609912e+02 0.000000e+00 0.000000e+00 0.000000e+00 0.000000e+00
5.610287e+02 0.000000e+00 0.000000e+00 0.000000e+00 0.000000e+00
5.610663e+02 0.000000e+00 0.000000e+00 0.000000e+00 0.000000e+00
5.611038e+02 0.000000e+00 0.000000e+00 0.000000e+00 0.000000e+00
5.611414e+02 0.000000e+00 0.000000e+00 0.000000e+00 0.000000e+00
5.611789e+02 0.000000e+00 0.000000e+00 0.000000e+00 0.000000e+00
5.612165e+02 0.000000e+00 0.000000e+00 0.000000e+00 0.000000e+00
5.612541e+02 0.000000e+00 0.000000e+00 0.000000e+00 0.000000e+00
5.612916e+02 0.000000e+00 0.000000e+00 0.000000e+00 0.000000e+00
5.613292e+02 0.000000e+00 0.000000e+00 0.000000e+00 0.000000e+00
5.613667e+02 0.000000e+00 0.000000e+00 0.000000e+00 0.000000e+00
5.614043e+02 0.000000e+00 0.000000e+00 0.000000e+00 0.000000e+00
5.614418e+02 0.000000e+00 0.000000e+00 0.000000e+00 0.000000e+00
5.614794e+02 0.000000e+00 0.000000e+00 0.000000e+00 0.000000e+00
5.615169e+02 0.000000e+00 0.000000e+00 0.000000e+00 0.000000e+00
5.615545e+02 0.000000e+00 0.000000e+00 0.000000e+00 0.000000e+00
5.615920e+02 0.000000e+00 0.000000e+00 0.000000e+00 0.000000e+00
5.616296e+02 0.000000e+00 0.000000e+00 0.000000e+00 0.000000e+00
5.616671e+02 0.000000e+00 0.000000e+00 0.000000e+00 0.000000e+00
5.617047e+02 0.000000e+00 0.000000e+00 0.000000e+00 0.000000e+00
5.617422e+02 0.000000e+00 0.000000e+00 0.000000e+00 0.000000e+00
5.617798e+02 0.000000e+00 0.000000e+00 0.000000e+00 0.000000e+00
5.618173e+02 0.000000e+00 0.000000e+00 0.000000e+00 0.000000e+00
5.618549e+02 0.000000e+00 0.000000e+00 0.000000e+00 0.000000e+00
5.618924e+02 0.000000e+00 0.000000e+00 0.000000e+00 0.000000e+00
5.619300e+02 0.000000e+00 0.000000e+00 0.000000e+00 0.000000e+00
5.619675e+02 0.000000e+00 0.000000e+00 0.000000e+00 0.000000e+00
5.620051e+02 0.000000e+00 0.000000e+00 0.000000e+00 0.000000e+00
5.620426e+02 0.000000e+00 0.000000e+00 0.000000e+00 0.000000e+00
5.620802e+02 0.000000e+00 0.000000e+00 0.000000e+00 0.000000e+00
5.621177e+02 0.000000e+00 0.000000e+00 0.000000e+00 0.000000e+00
5.621553e+02 0.000000e+00 0.000000e+00 0.000000e+00 0.000000e+00
5.621929e+02 0.000000e+00 0.000000e+00 0.000000e+00 0.000000e+00
5.622304e+02 0.000000e+00 0.000000e+00 0.000000e+00 0.000000e+00
5.622680e+02 0.000000e+00 0.000000e+00 0.000000e+00 0.000000e+00
5.623055e+02 0.000000e+00 0.000000e+00 0.000000e+00 0.000000e+00
5.623431e+02 0.000000e+00 0.000000e+00 0.000000e+00 0.000000e+00
5.623806e+02 0.000000e+00 0.000000e+00 0.000000e+00 0.000000e+00
5.624182e+02 0.000000e+00 0.000000e+00 0.000000e+00 0.000000e+00
5.624557e+02 0.000000e+00 0.000000e+00 0.000000e+00 0.000000e+00
5.624933e+02 0.000000e+00 0.000000e+00 0.000000e+00 0.000000e+00
5.625308e+02 0.000000e+00 0.000000e+00 0.000000e+00 0.000000e+00
5.625684e+02 0.000000e+00 0.000000e+00 0.000000e+00 0.000000e+00
5.626059e+02 0.000000e+00 0.000000e+00 0.000000e+00 0.000000e+00
5.626435e+02 0.000000e+00 0.000000e+00 0.000000e+00 0.000000e+00
5.626810e+02 0.000000e+00 0.000000e+00 0.000000e+00 0.000000e+00
5.627186e+02 0.000000e+00 0.000000e+00 0.000000e+00 0.000000e+00
5.627561e+02 0.000000e+00 0.000000e+00 0.000000e+00 0.000000e+00
5.627937e+02 0.000000e+00 0.000000e+00 0.000000e+00 0.000000e+00
5.628312e+02 0.000000e+00 0.000000e+00 0.000000e+00 0.000000e+00
5.628688e+02 0.000000e+00 0.000000e+00 0.000000e+00 0.000000e+00
5.629063e+02 0.000000e+00 0.000000e+00 0.000000e+00 0.000000e+00
5.629439e+02 0.000000e+00 0.000000e+00 0.000000e+00 0.000000e+00
5.629814e+02 0.000000e+00 0.000000e+00 0.000000e+00 0.000000e+00
5.630190e+02 0.000000e+00 0.000000e+00 0.000000e+00 0.000000e+00
5.630565e+02 0.000000e+00 0.000000e+00 0.000000e+00 0.000000e+00
5.630941e+02 0.000000e+00 0.000000e+00 0.000000e+00 0.000000e+00
5.631317e+02 0.000000e+00 0.000000e+00 0.000000e+00 0.000000e+00
5.631692e+02 0.000000e+00 0.000000e+00 0.000000e+00 0.000000e+00
5.632068e+02 0.000000e+00 0.000000e+00 0.000000e+00 0.000000e+00
5.632443e+02 0.000000e+00 0.000000e+00 0.000000e+00 0.000000e+00
5.632819e+02 0.000000e+00 0.000000e+00 0.000000e+00 0.000000e+00
5.633194e+02 0.000000e+00 0.000000e+00 0.000000e+00 0.000000e+00
5.633570e+02 0.000000e+00 0.000000e+00 0.000000e+00 0.000000e+00
5.633945e+02 0.000000e+00 0.000000e+00 0.000000e+00 0.000000e+00
5.634321e+02 0.000000e+00 0.000000e+00 0.000000e+00 0.000000e+00
5.634696e+02 0.000000e+00 0.000000e+00 0.000000e+00 0.000000e+00
5.635072e+02 0.000000e+00 0.000000e+00 0.000000e+00 0.000000e+00
5.635447e+02 0.000000e+00 0.000000e+00 0.000000e+00 0.000000e+00
5.635823e+02 0.000000e+00 0.000000e+00 0.000000e+00 0.000000e+00
5.636198e+02 0.000000e+00 0.000000e+00 0.000000e+00 0.000000e+00
5.636574e+02 0.000000e+00 0.000000e+00 0.000000e+00 0.000000e+00
5.636949e+02 0.000000e+00 0.000000e+00 0.000000e+00 0.000000e+00
5.637325e+02 0.000000e+00 0.000000e+00 0.000000e+00 0.000000e+00
5.637700e+02 0.000000e+00 0.000000e+00 0.000000e+00 0.000000e+00
5.638076e+02 0.000000e+00 0.000000e+00 0.000000e+00 0.000000e+00
5.638451e+02 0.000000e+00 0.000000e+00 0.000000e+00 0.000000e+00
5.638827e+02 0.000000e+00 0.000000e+00 0.000000e+00 0.000000e+00
5.639202e+02 0.000000e+00 0.000000e+00 0.000000e+00 0.000000e+00
5.639578e+02 0.000000e+00 0.000000e+00 0.000000e+00 0.000000e+00
5.639953e+02 0.000000e+00 0.000000e+00 0.000000e+00 0.000000e+00
5.640329e+02 0.000000e+00 0.000000e+00 0.000000e+00 0.000000e+00
5.640705e+02 0.000000e+00 0.000000e+00 0.000000e+00 0.000000e+00
5.641080e+02 0.000000e+00 0.000000e+00 0.000000e+00 0.000000e+00
5.641456e+02 0.000000e+00 0.000000e+00 0.000000e+00 0.000000e+00
5.641831e+02 0.000000e+00 0.000000e+00 0.000000e+00 0.000000e+00
5.642207e+02 0.000000e+00 0.000000e+00 0.000000e+00 0.000000e+00
5.642582e+02 0.000000e+00 0.000000e+00 0.000000e+00 0.000000e+00
5.642958e+02 0.000000e+00 0.000000e+00 0.000000e+00 0.000000e+00
5.643333e+02 0.000000e+00 0.000000e+00 0.000000e+00 0.000000e+00
5.643709e+02 0.000000e+00 0.000000e+00 0.000000e+00 0.000000e+00
5.644084e+02 0.000000e+00 0.000000e+00 0.000000e+00 0.000000e+00
5.644460e+02 0.000000e+00 0.000000e+00 0.000000e+00 0.000000e+00
5.644835e+02 0.000000e+00 0.000000e+00 0.000000e+00 0.000000e+00
5.645211e+02 0.000000e+00 0.000000e+00 0.000000e+00 0.000000e+00
5.645586e+02 0.000000e+00 0.000000e+00 0.000000e+00 0.000000e+00
5.645962e+02 0.000000e+00 0.000000e+00 0.000000e+00 0.000000e+00
5.646337e+02 0.000000e+00 0.000000e+00 0.000000e+00 0.000000e+00
5.646713e+02 0.000000e+00 0.000000e+00 0.000000e+00 0.000000e+00
5.647088e+02 0.000000e+00 0.000000e+00 0.000000e+00 0.000000e+00
5.647464e+02 0.000000e+00 0.000000e+00 0.000000e+00 0.000000e+00
5.647839e+02 0.000000e+00 0.000000e+00 0.000000e+00 0.000000e+00
5.648215e+02 0.000000e+00 0.000000e+00 0.000000e+00 0.000000e+00
5.648590e+02 0.000000e+00 0.000000e+00 0.000000e+00 0.000000e+00
5.648966e+02 0.000000e+00 0.000000e+00 0.000000e+00 0.000000e+00
5.649341e+02 0.000000e+00 0.000000e+00 0.000000e+00 0.000000e+00
5.649717e+02 0.000000e+00 0.000000e+00 0.000000e+00 0.000000e+00
5.650093e+02 0.000000e+00 0.000000e+00 0.000000e+00 0.000000e+00
5.650468e+02 0.000000e+00 0.000000e+00 0.000000e+00 0.000000e+00
5.650844e+02 0.000000e+00 0.000000e+00 0.000000e+00 0.000000e+00
5.651219e+02 0.000000e+00 0.000000e+00 0.000000e+00 0.000000e+00
5.651595e+02 0.000000e+00 0.000000e+00 0.000000e+00 0.000000e+00
5.651970e+02 0.000000e+00 0.000000e+00 0.000000e+00 0.000000e+00
5.652346e+02 0.000000e+00 0.000000e+00 0.000000e+00 0.000000e+00
5.652721e+02 0.000000e+00 0.000000e+00 0.000000e+00 0.000000e+00
5.653097e+02 0.000000e+00 0.000000e+00 0.000000e+00 0.000000e+00
5.653472e+02 0.000000e+00 0.000000e+00 0.000000e+00 0.000000e+00
5.653848e+02 0.000000e+00 0.000000e+00 0.000000e+00 0.000000e+00
5.654223e+02 0.000000e+00 0.000000e+00 0.000000e+00 0.000000e+00
5.654599e+02 0.000000e+00 0.000000e+00 0.000000e+00 0.000000e+00
5.654974e+02 0.000000e+00 0.000000e+00 0.000000e+00 0.000000e+00
5.655350e+02 0.000000e+00 0.000000e+00 0.000000e+00 0.000000e+00
5.655725e+02 0.000000e+00 0.000000e+00 0.000000e+00 0.000000e+00
5.656101e+02 0.000000e+00 0.000000e+00 0.000000e+00 0.000000e+00
5.656476e+02 0.000000e+00 0.000000e+00 0.000000e+00 0.000000e+00
5.656852e+02 0.000000e+00 0.000000e+00 0.000000e+00 0.000000e+00
5.657227e+02 0.000000e+00 0.000000e+00 0.000000e+00 0.000000e+00
5.657603e+02 0.000000e+00 0.000000e+00 0.000000e+00 0.000000e+00
5.657978e+02 0.000000e+00 0.000000e+00 0.000000e+00 0.000000e+00
5.658354e+02 0.000000e+00 0.000000e+00 0.000000e+00 0.000000e+00
5.658729e+02 0.000000e+00 0.000000e+00 0.000000e+00 0.000000e+00
5.659105e+02 0.000000e+00 0.000000e+00 0.000000e+00 0.000000e+00
5.659481e+02 0.000000e+00 0.000000e+00 0.000000e+00 0.000000e+00
5.659856e+02 0.000000e+00 0.000000e+00 0.000000e+00 0.000000e+00
5.660232e+02 0.000000e+00 0.000000e+00 0.000000e+00 0.000000e+00
5.660607e+02 0.000000e+00 0.000000e+00 0.000000e+00 0.000000e+00
5.660983e+02 0.000000e+00 0.000000e+00 0.000000e+00 0.000000e+00
5.661358e+02 0.000000e+00 0.000000e+00 0.000000e+00 0.000000e+00
5.661734e+02 0.000000e+00 0.000000e+00 0.000000e+00 0.000000e+00
5.662109e+02 0.000000e+00 0.000000e+00 0.000000e+00 0.000000e+00
5.662485e+02 0.000000e+00 0.000000e+00 0.000000e+00 0.000000e+00
5.662860e+02 0.000000e+00 0.000000e+00 0.000000e+00 0.000000e+00
5.663236e+02 0.000000e+00 0.000000e+00 0.000000e+00 0.000000e+00
5.663611e+02 0.000000e+00 0.000000e+00 0.000000e+00 0.000000e+00
5.663987e+02 0.000000e+00 0.000000e+00 0.000000e+00 0.000000e+00
5.664362e+02 0.000000e+00 0.000000e+00 0.000000e+00 0.000000e+00
5.664738e+02 0.000000e+00 0.000000e+00 0.000000e+00 0.000000e+00
5.665113e+02 0.000000e+00 0.000000e+00 0.000000e+00 0.000000e+00
5.665489e+02 0.000000e+00 0.000000e+00 0.000000e+00 0.000000e+00
5.665864e+02 0.000000e+00 0.000000e+00 0.000000e+00 0.000000e+00
5.666240e+02 0.000000e+00 0.000000e+00 0.000000e+00 0.000000e+00
5.666615e+02 0.000000e+00 0.000000e+00 0.000000e+00 0.000000e+00
5.666991e+02 0.000000e+00 0.000000e+00 0.000000e+00 0.000000e+00
5.667366e+02 0.000000e+00 0.000000e+00 0.000000e+00 0.000000e+00
5.667742e+02 0.000000e+00 0.000000e+00 0.000000e+00 0.000000e+00
5.668117e+02 0.000000e+00 0.000000e+00 0.000000e+00 0.000000e+00
5.668493e+02 0.000000e+00 0.000000e+00 0.000000e+00 0.000000e+00
5.668869e+02 0.000000e+00 0.000000e+00 0.000000e+00 0.000000e+00
5.669244e+02 0.000000e+00 0.000000e+00 0.000000e+00 0.000000e+00
5.669620e+02 0.000000e+00 0.000000e+00 0.000000e+00 0.000000e+00
5.669995e+02 0.000000e+00 0.000000e+00 0.000000e+00 0.000000e+00
5.670371e+02 0.000000e+00 0.000000e+00 0.000000e+00 0.000000e+00
