-5.031968e+00 0.000000e+00
-4.994416e+00 0.000000e+00
-4.956864e+00 0.000000e+00
-4.919312e+00 0.000000e+00
-4.881760e+00 0.000000e+00
-4.844208e+00 0.000000e+00
-4.806656e+00 0.000000e+00
-4.769104e+00 0.000000e+00
-4.731552e+00 0.000000e+00
-4.694000e+00 0.000000e+00
-4.656448e+00 0.000000e+00
-4.618896e+00 0.000000e+00
-4.581344e+00 0.000000e+00
-4.543792e+00 0.000000e+00
-4.506240e+00 0.000000e+00
-4.468688e+00 0.000000e+00
-4.431136e+00 0.000000e+00
-4.393584e+00 0.000000e+00
-4.356032e+00 0.000000e+00
-4.318480e+00 0.000000e+00
-4.280928e+00 0.000000e+00
-4.243376e+00 0.000000e+00
-4.205824e+00 0.000000e+00
-4.168272e+00 0.000000e+00
-4.130720e+00 0.000000e+00
-4.093168e+00 0.000000e+00
-4.055616e+00 0.000000e+00
-4.018064e+00 0.000000e+00
-3.980512e+00 0.000000e+00
-3.942960e+00 0.000000e+00
-3.905408e+00 0.000000e+00
-3.867856e+00 0.000000e+00
-3.830304e+00 0.000000e+00
-3.792752e+00 0.000000e+00
-3.755200e+00 0.000000e+00
-3.717648e+00 0.000000e+00
-3.680096e+00 0.000000e+00
-3.642544e+00 0.000000e+00
-3.604992e+00 0.000000e+00
-3.567440e+00 0.000000e+00
-3.529888e+00 0.000000e+00
-3.492336e+00 0.000000e+00
-3.454784e+00 0.000000e+00
-3.417232e+00 0.000000e+00
-3.379680e+00 0.000000e+00
-3.342128e+00 0.000000e+00
-3.304576e+00 0.000000e+00
-3.267024e+00 0.000000e+00
-3.229472e+00 0.000000e+00
-3.191920e+00 0.000000e+00
-3.154368e+00 0.000000e+00
-3.116816e+00 0.000000e+00
-3.079264e+00 0.000000e+00
-3.041712e+00 0.000000e+00
-3.004160e+00 0.000000e+00
-2.966608e+00 0.000000e+00
-2.929056e+00 0.000000e+00
-2.891504e+00 0.000000e+00
-2.853952e+00 0.000000e+00
-2.816400e+00 0.000000e+00
-2.778848e+00 0.000000e+00
-2.741296e+00 0.000000e+00
-2.703744e+00 0.000000e+00
-2.666192e+00 0.000000e+00
-2.628640e+00 0.000000e+00
-2.591088e+00 0.000000e+00
-2.553536e+00 0.000000e+00
-2.515984e+00 0.000000e+00
-2.478432e+00 0.000000e+00
-2.440880e+00 0.000000e+00
-2.403328e+00 0.000000e+00
-2.365776e+00 0.000000e+00
-2.328224e+00 0.000000e+00
-2.290672e+00 0.000000e+00
-2.253120e+00 0.000000e+00
-2.215568e+00 0.000000e+00
-2.178016e+00 0.000000e+00
-2.140464e+00 0.000000e+00
-2.102912e+00 0.000000e+00
-2.065360e+00 0.000000e+00
-2.027808e+00 0.000000e+00
-1.990256e+00 0.000000e+00
-1.952704e+00 0.000000e+00
-1.915152e+00 0.000000e+00
-1.877600e+00 0.000000e+00
-1.840048e+00 0.000000e+00
-1.802496e+00 0.000000e+00
-1.764944e+00 0.000000e+00
-1.727392e+00 0.000000e+00
-1.689840e+00 0.000000e+00
-1.652288e+00 0.000000e+00
-1.614736e+00 0.000000e+00
-1.577184e+00 0.000000e+00
-1.539632e+00 0.000000e+00
-1.502080e+00 0.000000e+00
-1.464528e+00 0.000000e+00
-1.426976e+00 0.000000e+00
-1.389424e+00 0.000000e+00
-1.351872e+00 0.000000e+00
-1.314320e+00 0.000000e+00
-1.276768e+00 0.000000e+00
-1.239216e+00 0.000000e+00
-1.201664e+00 5.089636e-08
-1.164112e+00 1.545143e-07
-1.126560e+00 4.528351e-07
-1.089008e+00 1.281153e-06
-1.051456e+00 3.499059e-06
-1.013904e+00 9.225526e-06
-9.763520e-01 2.348121e-05
-9.388000e-01 5.769513e-05
-9.012480e-01 1.368508e-04
-8.636960e-01 3.133610e-04
-8.261440e-01 6.926791e-04
-7.885920e-01 1.478116e-03
-7.510400e-01 3.044912e-03
-7.134880e-01 6.055224e-03
-6.759360e-01 1.162452e-02
-6.383840e-01 2.154317e-02
-6.008320e-01 3.854193e-02
-5.632800e-01 6.656514e-02
-5.257280e-01 1.109813e-01
-4.881760e-01 1.786249e-01
-4.506240e-01 2.775387e-01
-4.130720e-01 4.162889e-01
-3.755200e-01 6.027753e-01
-3.379680e-01 8.425692e-01
-3.004160e-01 1.136960e+00
-2.628640e-01 1.481065e+00
-2.253120e-01 1.862485e+00
-1.877600e-01 2.261001e+00
-1.502080e-01 2.649708e+00
-1.126560e-01 2.997678e+00
-7.510400e-02 3.273869e+00
-3.755200e-02 3.451653e+00
0.000000e+00 3.513034e+00
3.755200e-02 3.451653e+00
7.510400e-02 3.273869e+00
1.126560e-01 2.997678e+00
1.502080e-01 2.649708e+00
1.877600e-01 2.261001e+00
2.253120e-01 1.862485e+00
2.628640e-01 1.481065e+00
3.004160e-01 1.136960e+00
3.379680e-01 8.425692e-01
3.755200e-01 6.027753e-01
4.130720e-01 4.162889e-01
4.506240e-01 2.775387e-01
4.881760e-01 1.786249e-01
5.257280e-01 1.109813e-01
5.632800e-01 6.656514e-02
6.008320e-01 3.854193e-02
6.383840e-01 2.154317e-02
6.759360e-01 1.162452e-02
7.134880e-01 6.055224e-03
7.510400e-01 3.044912e-03
7.885920e-01 1.478116e-03
8.261440e-01 6.926791e-04
8.636960e-01 3.133610e-04
9.012480e-01 1.368508e-04
9.388000e-01 5.769513e-05
9.763520e-01 2.348121e-05
1.013904e+00 9.225526e-06
1.051456e+00 3.499059e-06
1.089008e+00 1.281153e-06
1.126560e+00 4.528351e-07
1.164112e+00 1.545143e-07
1.201664e+00 5.089636e-08
1.239216e+00 0.000000e+00
1.276768e+00 0.000000e+00
1.314320e+00 0.000000e+00
1.351872e+00 0.000000e+00
1.389424e+00 0.000000e+00
1.426976e+00 0.000000e+00
1.464528e+00 0.000000e+00
1.502080e+00 0.000000e+00
1.539632e+00 0.000000e+00
1.577184e+00 0.000000e+00
1.614736e+00 0.000000e+00
1.652288e+00 0.000000e+00
1.689840e+00 0.000000e+00
1.727392e+00 0.000000e+00
1.764944e+00 0.000000e+00
1.802496e+00 0.000000e+00
1.840048e+00 0.000000e+00
1.877600e+00 0.000000e+00
1.915152e+00 0.000000e+00
1.952704e+00 0.000000e+00
1.990256e+00 0.000000e+00
2.027808e+00 0.000000e+00
2.065360e+00 0.000000e+00
2.102912e+00 0.000000e+00
2.140464e+00 0.000000e+00
2.178016e+00 0.000000e+00
2.215568e+00 0.000000e+00
2.253120e+00 0.000000e+00
2.290672e+00 0.000000e+00
2.328224e+00 0.000000e+00
2.365776e+00 0.000000e+00
2.403328e+00 0.000000e+00
2.440880e+00 0.000000e+00
2.478432e+00 0.000000e+00
2.515984e+00 0.000000e+00
2.553536e+00 0.000000e+00
2.591088e+00 0.000000e+00
2.628640e+00 0.000000e+00
2.666192e+00 0.000000e+00
2.703744e+00 0.000000e+00
2.741296e+00 0.000000e+00
2.778848e+00 0.000000e+00
2.816400e+00 0.000000e+00
2.853952e+00 0.000000e+00
2.891504e+00 0.000000e+00
2.929056e+00 0.000000e+00
2.966608e+00 0.000000e+00
3.004160e+00 0.000000e+00
3.041712e+00 0.000000e+00
3.079264e+00 0.000000e+00
3.116816e+00 0.000000e+00
3.154368e+00 0.000000e+00
3.191920e+00 0.000000e+00
3.229472e+00 0.000000e+00
3.267024e+00 0.000000e+00
3.304576e+00 0.000000e+00
3.342128e+00 0.000000e+00
3.379680e+00 0.000000e+00
3.417232e+00 0.000000e+00
3.454784e+00 0.000000e+00
3.492336e+00 0.000000e+00
3.529888e+00 0.000000e+00
3.567440e+00 0.000000e+00
3.604992e+00 0.000000e+00
3.642544e+00 0.000000e+00
3.680096e+00 0.000000e+00
3.717648e+00 0.000000e+00
3.755200e+00 0.000000e+00
3.792752e+00 0.000000e+00
3.830304e+00 0.000000e+00
3.867856e+00 0.000000e+00
3.905408e+00 0.000000e+00
3.942960e+00 0.000000e+00
3.980512e+00 0.000000e+00
4.018064e+00 0.000000e+00
4.055616e+00 0.000000e+00
4.093168e+00 0.000000e+00
4.130720e+00 0.000000e+00
4.168272e+00 0.000000e+00
4.205824e+00 0.000000e+00
4.243376e+00 0.000000e+00
4.280928e+00 0.000000e+00
4.318480e+00 0.000000e+00
4.356032e+00 0.000000e+00
4.393584e+00 0.000000e+00
4.431136e+00 0.000000e+00
4.468688e+00 0.000000e+00
4.506240e+00 0.000000e+00
4.543792e+00 0.000000e+00
4.581344e+00 0.000000e+00
4.618896e+00 0.000000e+00
4.656448e+00 0.000000e+00
4.694000e+00 0.000000e+00
4.731552e+00 0.000000e+00
4.769104e+00 0.000000e+00
4.806656e+00 0.000000e+00
4.844208e+00 0.000000e+00
4.881760e+00 0.000000e+00
4.919312e+00 0.000000e+00
4.956864e+00 0.000000e+00
4.994416e+00 0.000000e+00
5.031968e+00 0.000000e+00
5.069520e+00 0.000000e+00
5.107072e+00 0.000000e+00
5.144624e+00 0.000000e+00
5.182176e+00 0.000000e+00
5.219728e+00 0.000000e+00
5.257280e+00 0.000000e+00
5.294832e+00 0.000000e+00
5.332384e+00 0.000000e+00
5.369936e+00 0.000000e+00
5.407488e+00 0.000000e+00
5.445040e+00 0.000000e+00
5.482592e+00 0.000000e+00
5.520144e+00 0.000000e+00
5.557696e+00 0.000000e+00
5.595248e+00 0.000000e+00
5.632800e+00 0.000000e+00
5.670352e+00 0.000000e+00
5.707904e+00 0.000000e+00
5.745456e+00 0.000000e+00
5.783008e+00 0.000000e+00
5.820560e+00 0.000000e+00
5.858112e+00 0.000000e+00
5.895664e+00 0.000000e+00
5.933216e+00 0.000000e+00
5.970768e+00 0.000000e+00
6.008320e+00 0.000000e+00
6.045872e+00 0.000000e+00
6.083424e+00 0.000000e+00
6.120976e+00 0.000000e+00
6.158528e+00 0.000000e+00
6.196080e+00 0.000000e+00
6.233632e+00 0.000000e+00
6.271184e+00 0.000000e+00
6.308736e+00 0.000000e+00
6.346288e+00 0.000000e+00
6.383840e+00 0.000000e+00
6.421392e+00 0.000000e+00
6.458944e+00 0.000000e+00
6.496496e+00 0.000000e+00
6.534048e+00 0.000000e+00
6.571600e+00 0.000000e+00
6.609152e+00 0.000000e+00
6.646704e+00 0.000000e+00
6.684256e+00 0.000000e+00
6.721808e+00 0.000000e+00
6.759360e+00 0.000000e+00
6.796912e+00 0.000000e+00
6.834464e+00 0.000000e+00
6.872016e+00 0.000000e+00
6.909568e+00 0.000000e+00
6.947120e+00 0.000000e+00
6.984672e+00 0.000000e+00
7.022224e+00 0.000000e+00
7.059776e+00 0.000000e+00
7.097328e+00 0.000000e+00
7.134880e+00 0.000000e+00
7.172432e+00 0.000000e+00
7.209984e+00 0.000000e+00
7.247536e+00 0.000000e+00
7.285088e+00 0.000000e+00
7.322640e+00 0.000000e+00
7.360192e+00 0.000000e+00
7.397744e+00 0.000000e+00
7.435296e+00 0.000000e+00
7.472848e+00 0.000000e+00
7.510400e+00 0.000000e+00
7.547952e+00 0.000000e+00
7.585504e+00 0.000000e+00
7.623056e+00 0.000000e+00
7.660608e+00 0.000000e+00
7.698160e+00 0.000000e+00
7.735712e+00 0.000000e+00
7.773264e+00 0.000000e+00
7.810816e+00 0.000000e+00
7.848368e+00 0.000000e+00
7.885920e+00 0.000000e+00
7.923472e+00 0.000000e+00
7.961024e+00 0.000000e+00
7.998576e+00 0.000000e+00
8.036128e+00 0.000000e+00
8.073680e+00 0.000000e+00
8.111232e+00 0.000000e+00
8.148784e+00 0.000000e+00
8.186336e+00 0.000000e+00
8.223888e+00 0.000000e+00
8.261440e+00 0.000000e+00
8.298992e+00 0.000000e+00
8.336544e+00 0.000000e+00
8.374096e+00 0.000000e+00
8.411648e+00 0.000000e+00
8.449200e+00 0.000000e+00
8.486752e+00 0.000000e+00
8.524304e+00 0.000000e+00
8.561856e+00 0.000000e+00
8.599408e+00 0.000000e+00
8.636960e+00 0.000000e+00
8.674512e+00 0.000000e+00
8.712064e+00 0.000000e+00
8.749616e+00 0.000000e+00
8.787168e+00 0.000000e+00
8.824720e+00 0.000000e+00
8.862272e+00 0.000000e+00
8.899824e+00 0.000000e+00
8.937376e+00 0.000000e+00
8.974928e+00 0.000000e+00
9.012480e+00 0.000000e+00
9.050032e+00 0.000000e+00
9.087584e+00 0.000000e+00
9.125136e+00 0.000000e+00
9.162688e+00 0.000000e+00
9.200240e+00 0.000000e+00
9.237792e+00 0.000000e+00
9.275344e+00 0.000000e+00
9.312896e+00 0.000000e+00
9.350448e+00 0.000000e+00
9.388000e+00 0.000000e+00
9.425552e+00 0.000000e+00
9.463104e+00 0.000000e+00
9.500656e+00 0.000000e+00
9.538208e+00 0.000000e+00
9.575760e+00 0.000000e+00
9.613312e+00 0.000000e+00
9.650864e+00 0.000000e+00
9.688416e+00 0.000000e+00
9.725968e+00 0.000000e+00
9.763520e+00 0.000000e+00
9.801072e+00 0.000000e+00
9.838624e+00 0.000000e+00
9.876176e+00 0.000000e+00
9.913728e+00 0.000000e+00
9.951280e+00 0.000000e+00
9.988832e+00 0.000000e+00
1.002638e+01 0.000000e+00
1.006394e+01 0.000000e+00
1.010149e+01 0.000000e+00
1.013904e+01 0.000000e+00
1.017659e+01 0.000000e+00
1.021414e+01 0.000000e+00
1.025170e+01 0.000000e+00
1.028925e+01 0.000000e+00
1.032680e+01 0.000000e+00
1.036435e+01 0.000000e+00
1.040190e+01 0.000000e+00
1.043946e+01 0.000000e+00
1.047701e+01 0.000000e+00
1.051456e+01 0.000000e+00
1.055211e+01 0.000000e+00
1.058966e+01 0.000000e+00
1.062722e+01 0.000000e+00
1.066477e+01 0.000000e+00
1.070232e+01 0.000000e+00
1.073987e+01 0.000000e+00
1.077742e+01 0.000000e+00
1.081498e+01 0.000000e+00
1.085253e+01 0.000000e+00
1.089008e+01 0.000000e+00
1.092763e+01 0.000000e+00
1.096518e+01 0.000000e+00
1.100274e+01 0.000000e+00
1.104029e+01 0.000000e+00
1.107784e+01 0.000000e+00
1.111539e+01 0.000000e+00
1.115294e+01 0.000000e+00
1.119050e+01 0.000000e+00
1.122805e+01 0.000000e+00
1.126560e+01 0.000000e+00
1.130315e+01 0.000000e+00
1.134070e+01 0.000000e+00
1.137826e+01 0.000000e+00
1.141581e+01 0.000000e+00
1.145336e+01 0.000000e+00
1.149091e+01 0.000000e+00
1.152846e+01 0.000000e+00
1.156602e+01 0.000000e+00
1.160357e+01 0.000000e+00
1.164112e+01 0.000000e+00
1.167867e+01 0.000000e+00
1.171622e+01 0.000000e+00
1.175378e+01 0.000000e+00
1.179133e+01 0.000000e+00
1.182888e+01 0.000000e+00
1.186643e+01 0.000000e+00
1.190398e+01 0.000000e+00
1.194154e+01 0.000000e+00
1.197909e+01 0.000000e+00
1.201664e+01 0.000000e+00
1.205419e+01 0.000000e+00
1.209174e+01 0.000000e+00
1.212930e+01 0.000000e+00
1.216685e+01 0.000000e+00
1.220440e+01 0.000000e+00
1.224195e+01 0.000000e+00
1.227950e+01 0.000000e+00
1.231706e+01 0.000000e+00
1.235461e+01 0.000000e+00
1.239216e+01 0.000000e+00
1.242971e+01 0.000000e+00
1.246726e+01 0.000000e+00
1.250482e+01 0.000000e+00
1.254237e+01 0.000000e+00
1.257992e+01 0.000000e+00
1.261747e+01 0.000000e+00
1.265502e+01 0.000000e+00
1.269258e+01 0.000000e+00
1.273013e+01 0.000000e+00
1.276768e+01 0.000000e+00
1.280523e+01 0.000000e+00
1.284278e+01 0.000000e+00
1.288034e+01 0.000000e+00
1.291789e+01 0.000000e+00
1.295544e+01 0.000000e+00
1.299299e+01 0.000000e+00
1.303054e+01 0.000000e+00
1.306810e+01 0.000000e+00
1.310565e+01 0.000000e+00
1.314320e+01 0.000000e+00
1.318075e+01 0.000000e+00
1.321830e+01 0.000000e+00
1.325586e+01 0.000000e+00
1.329341e+01 0.000000e+00
1.333096e+01 0.000000e+00
1.336851e+01 0.000000e+00
1.340606e+01 0.000000e+00
1.344362e+01 0.000000e+00
1.348117e+01 0.000000e+00
1.351872e+01 0.000000e+00
1.355627e+01 0.000000e+00
1.359382e+01 0.000000e+00
1.363138e+01 0.000000e+00
1.366893e+01 0.000000e+00
1.370648e+01 0.000000e+00
1.374403e+01 0.000000e+00
1.378158e+01 0.000000e+00
1.381914e+01 0.000000e+00
1.385669e+01 0.000000e+00
1.389424e+01 0.000000e+00
1.393179e+01 0.000000e+00
1.396934e+01 0.000000e+00
1.400690e+01 0.000000e+00
1.404445e+01 0.000000e+00
1.408200e+01 0.000000e+00
1.411955e+01 0.000000e+00
1.415710e+01 0.000000e+00
1.419466e+01 0.000000e+00
1.423221e+01 0.000000e+00
1.426976e+01 0.000000e+00
1.430731e+01 0.000000e+00
1.434486e+01 0.000000e+00
1.438242e+01 0.000000e+00
1.441997e+01 0.000000e+00
1.445752e+01 0.000000e+00
1.449507e+01 0.000000e+00
1.453262e+01 0.000000e+00
1.457018e+01 0.000000e+00
1.460773e+01 0.000000e+00
1.464528e+01 0.000000e+00
1.468283e+01 0.000000e+00
1.472038e+01 0.000000e+00
1.475794e+01 0.000000e+00
1.479549e+01 0.000000e+00
1.483304e+01 0.000000e+00
1.487059e+01 0.000000e+00
1.490814e+01 0.000000e+00
1.494570e+01 0.000000e+00
1.498325e+01 0.000000e+00
1.502080e+01 0.000000e+00
1.505835e+01 0.000000e+00
1.509590e+01 0.000000e+00
1.513346e+01 0.000000e+00
1.517101e+01 0.000000e+00
1.520856e+01 0.000000e+00
1.524611e+01 0.000000e+00
1.528366e+01 0.000000e+00
1.532122e+01 0.000000e+00
1.535877e+01 0.000000e+00
1.539632e+01 0.000000e+00
1.543387e+01 0.000000e+00
1.547142e+01 0.000000e+00
1.550898e+01 0.000000e+00
1.554653e+01 0.000000e+00
1.558408e+01 0.000000e+00
1.562163e+01 0.000000e+00
1.565918e+01 0.000000e+00
1.569674e+01 0.000000e+00
1.573429e+01 0.000000e+00
1.577184e+01 0.000000e+00
1.580939e+01 0.000000e+00
1.584694e+01 0.000000e+00
1.588450e+01 0.000000e+00
1.592205e+01 0.000000e+00
1.595960e+01 0.000000e+00
1.599715e+01 0.000000e+00
1.603470e+01 0.000000e+00
1.607226e+01 0.000000e+00
1.610981e+01 0.000000e+00
1.614736e+01 0.000000e+00
1.618491e+01 0.000000e+00
1.622246e+01 0.000000e+00
1.626002e+01 0.000000e+00
1.629757e+01 0.000000e+00
1.633512e+01 0.000000e+00
1.637267e+01 0.000000e+00
1.641022e+01 0.000000e+00
1.644778e+01 0.000000e+00
1.648533e+01 0.000000e+00
1.652288e+01 0.000000e+00
1.656043e+01 0.000000e+00
1.659798e+01 0.000000e+00
1.663554e+01 0.000000e+00
1.667309e+01 0.000000e+00
1.671064e+01 0.000000e+00
1.674819e+01 0.000000e+00
1.678574e+01 0.000000e+00
1.682330e+01 0.000000e+00
1.686085e+01 0.000000e+00
1.689840e+01 0.000000e+00
1.693595e+01 0.000000e+00
1.697350e+01 0.000000e+00
1.701106e+01 0.000000e+00
1.704861e+01 0.000000e+00
1.708616e+01 0.000000e+00
1.712371e+01 0.000000e+00
1.716126e+01 0.000000e+00
1.719882e+01 0.000000e+00
1.723637e+01 0.000000e+00
1.727392e+01 0.000000e+00
1.731147e+01 0.000000e+00
1.734902e+01 0.000000e+00
1.738658e+01 0.000000e+00
1.742413e+01 0.000000e+00
1.746168e+01 0.000000e+00
1.749923e+01 0.000000e+00
1.753678e+01 0.000000e+00
1.757434e+01 0.000000e+00
1.761189e+01 0.000000e+00
1.764944e+01 0.000000e+00
1.768699e+01 0.000000e+00
1.772454e+01 0.000000e+00
1.776210e+01 0.000000e+00
1.779965e+01 0.000000e+00
1.783720e+01 0.000000e+00
1.787475e+01 0.000000e+00
1.791230e+01 0.000000e+00
1.794986e+01 0.000000e+00
1.798741e+01 0.000000e+00
1.802496e+01 0.000000e+00
1.806251e+01 0.000000e+00
1.810006e+01 0.000000e+00
1.813762e+01 0.000000e+00
1.817517e+01 0.000000e+00
1.821272e+01 0.000000e+00
1.825027e+01 0.000000e+00
1.828782e+01 0.000000e+00
1.832538e+01 0.000000e+00
1.836293e+01 0.000000e+00
1.840048e+01 0.000000e+00
1.843803e+01 0.000000e+00
1.847558e+01 0.000000e+00
1.851314e+01 0.000000e+00
1.855069e+01 0.000000e+00
1.858824e+01 0.000000e+00
1.862579e+01 0.000000e+00
1.866334e+01 0.000000e+00
1.870090e+01 0.000000e+00
1.873845e+01 0.000000e+00
1.877600e+01 0.000000e+00
1.881355e+01 0.000000e+00
1.885110e+01 0.000000e+00
1.888866e+01 0.000000e+00
1.892621e+01 0.000000e+00
1.896376e+01 0.000000e+00
1.900131e+01 0.000000e+00
1.903886e+01 0.000000e+00
1.907642e+01 0.000000e+00
1.911397e+01 0.000000e+00
1.915152e+01 0.000000e+00
1.918907e+01 0.000000e+00
1.922662e+01 0.000000e+00
1.926418e+01 0.000000e+00
1.930173e+01 0.000000e+00
1.933928e+01 0.000000e+00
1.937683e+01 0.000000e+00
1.941438e+01 0.000000e+00
1.945194e+01 0.000000e+00
1.948949e+01 0.000000e+00
1.952704e+01 0.000000e+00
1.956459e+01 0.000000e+00
1.960214e+01 0.000000e+00
1.963970e+01 0.000000e+00
1.967725e+01 0.000000e+00
1.971480e+01 0.000000e+00
1.975235e+01 0.000000e+00
1.978990e+01 0.000000e+00
1.982746e+01 0.000000e+00
1.986501e+01 0.000000e+00
1.990256e+01 0.000000e+00
1.994011e+01 0.000000e+00
1.997766e+01 0.000000e+00
2.001522e+01 0.000000e+00
2.005277e+01 0.000000e+00
2.009032e+01 0.000000e+00
2.012787e+01 0.000000e+00
2.016542e+01 0.000000e+00
2.020298e+01 0.000000e+00
2.024053e+01 0.000000e+00
2.027808e+01 0.000000e+00
2.031563e+01 0.000000e+00
2.035318e+01 0.000000e+00
2.039074e+01 0.000000e+00
2.042829e+01 0.000000e+00
2.046584e+01 0.000000e+00
2.050339e+01 0.000000e+00
2.054094e+01 0.000000e+00
2.057850e+01 0.000000e+00
2.061605e+01 0.000000e+00
2.065360e+01 0.000000e+00
2.069115e+01 0.000000e+00
2.072870e+01 0.000000e+00
2.076626e+01 0.000000e+00
2.080381e+01 0.000000e+00
2.084136e+01 0.000000e+00
2.087891e+01 0.000000e+00
2.091646e+01 0.000000e+00
2.095402e+01 0.000000e+00
2.099157e+01 0.000000e+00
2.102912e+01 0.000000e+00
2.106667e+01 0.000000e+00
2.110422e+01 0.000000e+00
2.114178e+01 0.000000e+00
2.117933e+01 0.000000e+00
2.121688e+01 0.000000e+00
2.125443e+01 0.000000e+00
2.129198e+01 0.000000e+00
2.132954e+01 0.000000e+00
2.136709e+01 0.000000e+00
2.140464e+01 0.000000e+00
2.144219e+01 0.000000e+00
2.147974e+01 0.000000e+00
2.151730e+01 0.000000e+00
2.155485e+01 0.000000e+00
2.159240e+01 0.000000e+00
2.162995e+01 0.000000e+00
2.166750e+01 0.000000e+00
2.170506e+01 0.000000e+00
2.174261e+01 0.000000e+00
2.178016e+01 0.000000e+00
2.181771e+01 0.000000e+00
2.185526e+01 0.000000e+00
2.189282e+01 0.000000e+00
2.193037e+01 0.000000e+00
2.196792e+01 0.000000e+00
2.200547e+01 0.000000e+00
2.204302e+01 0.000000e+00
2.208058e+01 0.000000e+00
2.211813e+01 0.000000e+00
2.215568e+01 0.000000e+00
2.219323e+01 0.000000e+00
2.223078e+01 0.000000e+00
2.226834e+01 0.000000e+00
2.230589e+01 0.000000e+00
2.234344e+01 0.000000e+00
2.238099e+01 0.000000e+00
2.241854e+01 0.000000e+00
2.245610e+01 0.000000e+00
2.249365e+01 0.000000e+00
2.253120e+01 0.000000e+00
2.256875e+01 0.000000e+00
2.260630e+01 0.000000e+00
2.264386e+01 0.000000e+00
2.268141e+01 0.000000e+00
2.271896e+01 0.000000e+00
2.275651e+01 0.000000e+00
2.279406e+01 0.000000e+00
2.283162e+01 0.000000e+00
2.286917e+01 0.000000e+00
2.290672e+01 0.000000e+00
2.294427e+01 0.000000e+00
2.298182e+01 0.000000e+00
2.301938e+01 0.000000e+00
2.305693e+01 0.000000e+00
2.309448e+01 0.000000e+00
2.313203e+01 0.000000e+00
2.316958e+01 0.000000e+00
2.320714e+01 0.000000e+00
2.324469e+01 0.000000e+00
2.328224e+01 0.000000e+00
2.331979e+01 0.000000e+00
2.335734e+01 0.000000e+00
2.339490e+01 0.000000e+00
2.343245e+01 0.000000e+00
2.347000e+01 0.000000e+00
2.350755e+01 0.000000e+00
2.354510e+01 0.000000e+00
2.358266e+01 0.000000e+00
2.362021e+01 0.000000e+00
2.365776e+01 0.000000e+00
2.369531e+01 0.000000e+00
2.373286e+01 0.000000e+00
2.377042e+01 0.000000e+00
2.380797e+01 0.000000e+00
2.384552e+01 0.000000e+00
2.388307e+01 0.000000e+00
2.392062e+01 0.000000e+00
2.395818e+01 0.000000e+00
2.399573e+01 0.000000e+00
2.403328e+01 0.000000e+00
2.407083e+01 0.000000e+00
2.410838e+01 0.000000e+00
2.414594e+01 0.000000e+00
2.418349e+01 0.000000e+00
2.422104e+01 0.000000e+00
2.425859e+01 0.000000e+00
2.429614e+01 0.000000e+00
2.433370e+01 0.000000e+00
2.437125e+01 0.000000e+00
2.440880e+01 0.000000e+00
2.444635e+01 0.000000e+00
2.448390e+01 0.000000e+00
2.452146e+01 0.000000e+00
2.455901e+01 0.000000e+00
2.459656e+01 0.000000e+00
2.463411e+01 0.000000e+00
2.467166e+01 0.000000e+00
2.470922e+01 0.000000e+00
2.474677e+01 0.000000e+00
2.478432e+01 0.000000e+00
2.482187e+01 0.000000e+00
2.485942e+01 0.000000e+00
2.489698e+01 0.000000e+00
2.493453e+01 0.000000e+00
2.497208e+01 0.000000e+00
2.500963e+01 0.000000e+00
2.504718e+01 0.000000e+00
2.508474e+01 0.000000e+00
2.512229e+01 0.000000e+00
2.515984e+01 0.000000e+00
2.519739e+01 0.000000e+00
2.523494e+01 0.000000e+00
2.527250e+01 0.000000e+00
2.531005e+01 0.000000e+00
2.534760e+01 0.000000e+00
2.538515e+01 0.000000e+00
2.542270e+01 0.000000e+00
2.546026e+01 0.000000e+00
2.549781e+01 0.000000e+00
2.553536e+01 0.000000e+00
2.557291e+01 0.000000e+00
2.561046e+01 0.000000e+00
2.564802e+01 0.000000e+00
2.568557e+01 0.000000e+00
2.572312e+01 0.000000e+00
2.576067e+01 0.000000e+00
2.579822e+01 0.000000e+00
2.583578e+01 0.000000e+00
2.587333e+01 0.000000e+00
2.591088e+01 0.000000e+00
2.594843e+01 0.000000e+00
2.598598e+01 0.000000e+00
2.602354e+01 0.000000e+00
2.606109e+01 0.000000e+00
2.609864e+01 0.000000e+00
2.613619e+01 0.000000e+00
2.617374e+01 0.000000e+00
2.621130e+01 0.000000e+00
2.624885e+01 0.000000e+00
2.628640e+01 0.000000e+00
2.632395e+01 0.000000e+00
2.636150e+01 0.000000e+00
2.639906e+01 0.000000e+00
2.643661e+01 0.000000e+00
2.647416e+01 0.000000e+00
2.651171e+01 0.000000e+00
2.654926e+01 0.000000e+00
2.658682e+01 0.000000e+00
2.662437e+01 0.000000e+00
2.666192e+01 0.000000e+00
2.669947e+01 0.000000e+00
2.673702e+01 0.000000e+00
2.677458e+01 0.000000e+00
2.681213e+01 0.000000e+00
2.684968e+01 0.000000e+00
2.688723e+01 0.000000e+00
2.692478e+01 0.000000e+00
2.696234e+01 0.000000e+00
2.699989e+01 0.000000e+00
2.703744e+01 0.000000e+00
2.707499e+01 0.000000e+00
2.711254e+01 0.000000e+00
2.715010e+01 0.000000e+00
2.718765e+01 0.000000e+00
2.722520e+01 0.000000e+00
2.726275e+01 0.000000e+00
2.730030e+01 0.000000e+00
2.733786e+01 0.000000e+00
2.737541e+01 0.000000e+00
2.741296e+01 0.000000e+00
2.745051e+01 0.000000e+00
2.748806e+01 0.000000e+00
2.752562e+01 0.000000e+00
2.756317e+01 0.000000e+00
2.760072e+01 0.000000e+00
2.763827e+01 0.000000e+00
2.767582e+01 0.000000e+00
2.771338e+01 0.000000e+00
2.775093e+01 0.000000e+00
2.778848e+01 0.000000e+00
2.782603e+01 0.000000e+00
2.786358e+01 0.000000e+00
2.790114e+01 0.000000e+00
2.793869e+01 0.000000e+00
2.797624e+01 0.000000e+00
2.801379e+01 0.000000e+00
2.805134e+01 0.000000e+00
2.808890e+01 0.000000e+00
2.812645e+01 0.000000e+00
2.816400e+01 0.000000e+00
2.820155e+01 0.000000e+00
2.823910e+01 0.000000e+00
2.827666e+01 0.000000e+00
2.831421e+01 0.000000e+00
2.835176e+01 0.000000e+00
2.838931e+01 0.000000e+00
2.842686e+01 0.000000e+00
2.846442e+01 0.000000e+00
2.850197e+01 0.000000e+00
2.853952e+01 0.000000e+00
2.857707e+01 0.000000e+00
2.861462e+01 0.000000e+00
2.865218e+01 0.000000e+00
2.868973e+01 0.000000e+00
2.872728e+01 0.000000e+00
2.876483e+01 0.000000e+00
2.880238e+01 0.000000e+00
2.883994e+01 0.000000e+00
2.887749e+01 0.000000e+00
2.891504e+01 0.000000e+00
2.895259e+01 0.000000e+00
2.899014e+01 0.000000e+00
2.902770e+01 0.000000e+00
2.906525e+01 0.000000e+00
2.910280e+01 0.000000e+00
2.914035e+01 0.000000e+00
2.917790e+01 0.000000e+00
2.921546e+01 0.000000e+00
2.925301e+01 0.000000e+00
2.929056e+01 0.000000e+00
2.932811e+01 0.000000e+00
2.936566e+01 0.000000e+00
2.940322e+01 0.000000e+00
2.944077e+01 0.000000e+00
2.947832e+01 0.000000e+00
2.951587e+01 0.000000e+00
2.955342e+01 0.000000e+00
2.959098e+01 0.000000e+00
2.962853e+01 0.000000e+00
2.966608e+01 0.000000e+00
2.970363e+01 0.000000e+00
2.974118e+01 0.000000e+00
2.977874e+01 0.000000e+00
2.981629e+01 0.000000e+00
2.985384e+01 0.000000e+00
2.989139e+01 0.000000e+00
2.992894e+01 0.000000e+00
2.996650e+01 0.000000e+00
3.000405e+01 0.000000e+00
3.004160e+01 0.000000e+00
3.007915e+01 0.000000e+00
3.011670e+01 0.000000e+00
3.015426e+01 0.000000e+00
3.019181e+01 0.000000e+00
3.022936e+01 0.000000e+00
3.026691e+01 0.000000e+00
3.030446e+01 0.000000e+00
3.034202e+01 0.000000e+00
3.037957e+01 0.000000e+00
3.041712e+01 0.000000e+00
3.045467e+01 0.000000e+00
3.049222e+01 0.000000e+00
3.052978e+01 0.000000e+00
3.056733e+01 0.000000e+00
3.060488e+01 0.000000e+00
3.064243e+01 0.000000e+00
3.067998e+01 0.000000e+00
3.071754e+01 0.000000e+00
3.075509e+01 0.000000e+00
3.079264e+01 0.000000e+00
3.083019e+01 0.000000e+00
3.086774e+01 0.000000e+00
3.090530e+01 0.000000e+00
3.094285e+01 0.000000e+00
3.098040e+01 0.000000e+00
3.101795e+01 0.000000e+00
3.105550e+01 0.000000e+00
3.109306e+01 0.000000e+00
3.113061e+01 0.000000e+00
3.116816e+01 0.000000e+00
3.120571e+01 0.000000e+00
3.124326e+01 0.000000e+00
3.128082e+01 0.000000e+00
3.131837e+01 0.000000e+00
3.135592e+01 0.000000e+00
3.139347e+01 0.000000e+00
3.143102e+01 0.000000e+00
3.146858e+01 0.000000e+00
3.150613e+01 0.000000e+00
3.154368e+01 0.000000e+00
3.158123e+01 0.000000e+00
3.161878e+01 0.000000e+00
3.165634e+01 0.000000e+00
3.169389e+01 0.000000e+00
3.173144e+01 0.000000e+00
3.176899e+01 0.000000e+00
3.180654e+01 0.000000e+00
3.184410e+01 0.000000e+00
3.188165e+01 0.000000e+00
3.191920e+01 0.000000e+00
3.195675e+01 0.000000e+00
3.199430e+01 0.000000e+00
3.203186e+01 0.000000e+00
3.206941e+01 0.000000e+00
3.210696e+01 0.000000e+00
3.214451e+01 0.000000e+00
3.218206e+01 0.000000e+00
3.221962e+01 0.000000e+00
3.225717e+01 0.000000e+00
3.229472e+01 0.000000e+00
3.233227e+01 0.000000e+00
3.236982e+01 0.000000e+00
3.240738e+01 0.000000e+00
3.244493e+01 0.000000e+00
3.248248e+01 0.000000e+00
3.252003e+01 0.000000e+00
3.255758e+01 0.000000e+00
