5.294475e+02 0.000000e+00 0.000000e+00 0.000000e+00 0.000000e+00
5.294851e+02 0.000000e+00 0.000000e+00 0.000000e+00 0.000000e+00
5.295226e+02 0.000000e+00 0.000000e+00 0.000000e+00 0.000000e+00
5.295602e+02 0.000000e+00 0.000000e+00 0.000000e+00 0.000000e+00
5.295977e+02 0.000000e+00 0.000000e+00 0.000000e+00 0.000000e+00
5.296353e+02 0.000000e+00 0.000000e+00 0.000000e+00 0.000000e+00
5.296728e+02 0.000000e+00 0.000000e+00 0.000000e+00 0.000000e+00
5.297104e+02 0.000000e+00 0.000000e+00 0.000000e+00 0.000000e+00
5.297479e+02 0.000000e+00 0.000000e+00 0.000000e+00 0.000000e+00
5.297855e+02 0.000000e+00 0.000000e+00 0.000000e+00 0.000000e+00
5.298230e+02 0.000000e+00 0.000000e+00 0.000000e+00 0.000000e+00
5.298606e+02 0.000000e+00 0.000000e+00 0.000000e+00 0.000000e+00
5.298981e+02 0.000000e+00 0.000000e+00 0.000000e+00 0.000000e+00
5.299357e+02 0.000000e+00 0.000000e+00 0.000000e+00 0.000000e+00
5.299732e+02 0.000000e+00 0.000000e+00 0.000000e+00 0.000000e+00
5.300108e+02 0.000000e+00 0.000000e+00 0.000000e+00 0.000000e+00
5.300483e+02 0.000000e+00 0.000000e+00 0.000000e+00 0.000000e+00
5.300859e+02 0.000000e+00 0.000000e+00 0.000000e+00 0.000000e+00
5.301234e+02 0.000000e+00 0.000000e+00 0.000000e+00 0.000000e+00
5.301610e+02 0.000000e+00 0.000000e+00 0.000000e+00 0.000000e+00
5.301985e+02 0.000000e+00 0.000000e+00 0.000000e+00 0.000000e+00
5.302361e+02 0.000000e+00 0.000000e+00 0.000000e+00 0.000000e+00
5.302737e+02 0.000000e+00 0.000000e+00 0.000000e+00 0.000000e+00
5.303112e+02 0.000000e+00 0.000000e+00 0.000000e+00 0.000000e+00
5.303488e+02 0.000000e+00 0.000000e+00 0.000000e+00 0.000000e+00
5.303863e+02 0.000000e+00 0.000000e+00 0.000000e+00 0.000000e+00
5.304239e+02 0.000000e+00 0.000000e+00 0.000000e+00 0.000000e+00
5.304614e+02 0.000000e+00 0.000000e+00 0.000000e+00 0.000000e+00
5.304990e+02 0.000000e+00 0.000000e+00 0.000000e+00 0.000000e+00
5.305365e+02 0.000000e+00 0.000000e+00 0.000000e+00 0.000000e+00
5.305741e+02 0.000000e+00 0.000000e+00 0.000000e+00 0.000000e+00
5.306116e+02 0.000000e+00 0.000000e+00 0.000000e+00 0.000000e+00
5.306492e+02 0.000000e+00 0.000000e+00 0.000000e+00 0.000000e+00
5.306867e+02 0.000000e+00 0.000000e+00 0.000000e+00 0.000000e+00
5.307243e+02 0.000000e+00 0.000000e+00 0.000000e+00 0.000000e+00
5.307618e+02 0.000000e+00 0.000000e+00 0.000000e+00 0.000000e+00
5.307994e+02 0.000000e+00 0.000000e+00 0.000000e+00 0.000000e+00
5.308369e+02 0.000000e+00 0.000000e+00 0.000000e+00 0.000000e+00
5.308745e+02 0.000000e+00 0.000000e+00 0.000000e+00 0.000000e+00
5.309120e+02 0.000000e+00 0.000000e+00 0.000000e+00 0.000000e+00
5.309496e+02 0.000000e+00 0.000000e+00 0.000000e+00 0.000000e+00
5.309871e+02 0.000000e+00 0.000000e+00 0.000000e+00 0.000000e+00
5.310247e+02 0.000000e+00 0.000000e+00 0.000000e+00 0.000000e+00
5.310622e+02 0.000000e+00 0.000000e+00 0.000000e+00 0.000000e+00
5.310998e+02 0.000000e+00 0.000000e+00 0.000000e+00 0.000000e+00
5.311373e+02 0.000000e+00 0.000000e+00 0.000000e+00 0.000000e+00
5.311749e+02 0.000000e+00 0.000000e+00 0.000000e+00 0.000000e+00
5.312125e+02 0.000000e+00 0.000000e+00 0.000000e+00 0.000000e+00
5.312500e+02 0.000000e+00 0.000000e+00 0.000000e+00 0.000000e+00
5.312876e+02 0.000000e+00 0.000000e+00 0.000000e+00 0.000000e+00
5.313251e+02 0.000000e+00 0.000000e+00 0.000000e+00 0.000000e+00
5.313627e+02 0.000000e+00 0.000000e+00 0.000000e+00 0.000000e+00
5.314002e+02 0.000000e+00 0.000000e+00 0.000000e+00 0.000000e+00
5.314378e+02 0.000000e+00 0.000000e+00 0.000000e+00 0.000000e+00
5.314753e+02 0.000000e+00 0.000000e+00 0.000000e+00 0.000000e+00
5.315129e+02 0.000000e+00 0.000000e+00 0.000000e+00 0.000000e+00
5.315504e+02 0.000000e+00 0.000000e+00 0.000000e+00 0.000000e+00
5.315880e+02 0.000000e+00 0.000000e+00 0.000000e+00 0.000000e+00
5.316255e+02 0.000000e+00 0.000000e+00 0.000000e+00 0.000000e+00
5.316631e+02 0.000000e+00 0.000000e+00 0.000000e+00 0.000000e+00
5.317006e+02 0.000000e+00 0.000000e+00 0.000000e+00 0.000000e+00
5.317382e+02 0.000000e+00 0.000000e+00 0.000000e+00 0.000000e+00
5.317757e+02 0.000000e+00 0.000000e+00 0.000000e+00 0.000000e+00
5.318133e+02 0.000000e+00 0.000000e+00 0.000000e+00 0.000000e+00
5.318508e+02 0.000000e+00 0.000000e+00 0.000000e+00 0.000000e+00
5.318884e+02 0.000000e+00 0.000000e+00 0.000000e+00 0.000000e+00
5.319259e+02 0.000000e+00 0.000000e+00 0.000000e+00 0.000000e+00
5.319635e+02 0.000000e+00 0.000000e+00 0.000000e+00 0.000000e+00
5.320010e+02 0.000000e+00 0.000000e+00 0.000000e+00 0.000000e+00
5.320386e+02 0.000000e+00 0.000000e+00 0.000000e+00 0.000000e+00
5.320761e+02 0.000000e+00 0.000000e+00 0.000000e+00 0.000000e+00
5.321137e+02 0.000000e+00 0.000000e+00 0.000000e+00 0.000000e+00
5.321513e+02 0.000000e+00 0.000000e+00 0.000000e+00 0.000000e+00
5.321888e+02 0.000000e+00 0.000000e+00 0.000000e+00 0.000000e+00
5.322264e+02 0.000000e+00 0.000000e+00 0.000000e+00 0.000000e+00
5.322639e+02 0.000000e+00 0.000000e+00 0.000000e+00 0.000000e+00
5.323015e+02 0.000000e+00 0.000000e+00 0.000000e+00 0.000000e+00
5.323390e+02 0.000000e+00 0.000000e+00 0.000000e+00 0.000000e+00
5.323766e+02 0.000000e+00 0.000000e+00 0.000000e+00 0.000000e+00
5.324141e+02 0.000000e+00 0.000000e+00 0.000000e+00 0.000000e+00
5.324517e+02 0.000000e+00 0.000000e+00 0.000000e+00 0.000000e+00
5.324892e+02 0.000000e+00 0.000000e+00 0.000000e+00 0.000000e+00
5.325268e+02 0.000000e+00 0.000000e+00 0.000000e+00 0.000000e+00
5.325643e+02 0.000000e+00 0.000000e+00 0.000000e+00 0.000000e+00
5.326019e+02 0.000000e+00 0.000000e+00 0.000000e+00 0.000000e+00
5.326394e+02 0.000000e+00 0.000000e+00 0.000000e+00 0.000000e+00
5.326770e+02 0.000000e+00 0.000000e+00 0.000000e+00 0.000000e+00
5.327145e+02 0.000000e+00 0.000000e+00 0.000000e+00 0.000000e+00
5.327521e+02 0.000000e+00 0.000000e+00 0.000000e+00 0.000000e+00
5.327896e+02 0.000000e+00 0.000000e+00 0.000000e+00 0.000000e+00
5.328272e+02 0.000000e+00 0.000000e+00 0.000000e+00 0.000000e+00
5.328647e+02 0.000000e+00 0.000000e+00 0.000000e+00 0.000000e+00
5.329023e+02 0.000000e+00 0.000000e+00 0.000000e+00 0.000000e+00
5.329398e+02 0.000000e+00 0.000000e+00 0.000000e+00 0.000000e+00
5.329774e+02 0.000000e+00 0.000000e+00 0.000000e+00 0.000000e+00
5.330149e+02 0.000000e+00 0.000000e+00 0.000000e+00 0.000000e+00
5.330525e+02 0.000000e+00 0.000000e+00 0.000000e+00 0.000000e+00
5.330901e+02 0.000000e+00 0.000000e+00 0.000000e+00 0.000000e+00
5.331276e+02 0.000000e+00 0.000000e+00 0.000000e+00 0.000000e+00
5.331652e+02 0.000000e+00 0.000000e+00 0.000000e+00 0.000000e+00
5.332027e+02 0.000000e+00 0.000000e+00 0.000000e+00 0.000000e+00
5.332403e+02 0.000000e+00 0.000000e+00 0.000000e+00 0.000000e+00
5.332778e+02 0.000000e+00 0.000000e+00 0.000000e+00 0.000000e+00
5.333154e+02 0.000000e+00 0.000000e+00 0.000000e+00 0.000000e+00
5.333529e+02 0.000000e+00 0.000000e+00 0.000000e+00 0.000000e+00
5.333905e+02 0.000000e+00 0.000000e+00 0.000000e+00 0.000000e+00
5.334280e+02 0.000000e+00 0.000000e+00 0.000000e+00 0.000000e+00
5.334656e+02 0.000000e+00 0.000000e+00 0.000000e+00 0.000000e+00
5.335031e+02 0.000000e+00 0.000000e+00 0.000000e+00 0.000000e+00
5.335407e+02 0.000000e+00 0.000000e+00 0.000000e+00 0.000000e+00
5.335782e+02 0.000000e+00 0.000000e+00 0.000000e+00 0.000000e+00
5.336158e+02 0.000000e+00 0.000000e+00 0.000000e+00 0.000000e+00
5.336533e+02 0.000000e+00 0.000000e+00 0.000000e+00 0.000000e+00
5.336909e+02 0.000000e+00 0.000000e+00 0.000000e+00 0.000000e+00
5.337284e+02 0.000000e+00 0.000000e+00 0.000000e+00 0.000000e+00
5.337660e+02 0.000000e+00 0.000000e+00 0.000000e+00 0.000000e+00
5.338035e+02 0.000000e+00 0.000000e+00 0.000000e+00 0.000000e+00
5.338411e+02 0.000000e+00 0.000000e+00 0.000000e+00 0.000000e+00
5.338786e+02 0.000000e+00 0.000000e+00 0.000000e+00 0.000000e+00
5.339162e+02 0.000000e+00 0.000000e+00 0.000000e+00 0.000000e+00
5.339537e+02 0.000000e+00 0.000000e+00 0.000000e+00 0.000000e+00
5.339913e+02 0.000000e+00 0.000000e+00 0.000000e+00 0.000000e+00
5.340289e+02 0.000000e+00 0.000000e+00 0.000000e+00 0.000000e+00
5.340664e+02 0.000000e+00 0.000000e+00 0.000000e+00 0.000000e+00
5.341040e+02 0.000000e+00 0.000000e+00 0.000000e+00 0.000000e+00
5.341415e+02 0.000000e+00 0.000000e+00 0.000000e+00 0.000000e+00
5.341791e+02 0.000000e+00 0.000000e+00 0.000000e+00 0.000000e+00
5.342166e+02 0.000000e+00 0.000000e+00 0.000000e+00 0.000000e+00
5.342542e+02 0.000000e+00 0.000000e+00 0.000000e+00 0.000000e+00
5.342917e+02 0.000000e+00 0.000000e+00 0.000000e+00 0.000000e+00
5.343293e+02 0.000000e+00 0.000000e+00 0.000000e+00 0.000000e+00
5.343668e+02 1.672976e-12 3.768713e-12 1.217680e-12 3.253575e-14
5.344044e+02 2.372003e-11 5.252607e-11 1.696339e-11 1.670621e-12
5.344419e+02 1.302819e-10 2.220845e-10 7.191898e-11 9.684232e-11
5.344795e+02 4.981506e-10 6.624282e-10 2.145522e-10 6.174713e-10
5.345170e+02 1.436104e-09 1.873340e-09 6.067988e-10 1.828173e-09
5.345546e+02 3.999984e-09 5.116651e-09 1.657479e-09 5.225822e-09
5.345921e+02 1.076401e-08 1.349733e-08 4.372646e-09 1.442205e-08
5.346297e+02 2.798525e-08 3.438777e-08 1.114128e-08 3.842671e-08
5.346672e+02 7.029421e-08 8.461665e-08 2.741710e-08 9.884887e-08
5.347048e+02 1.705848e-07 2.010966e-07 6.516362e-08 2.454942e-07
5.347423e+02 3.999325e-07 4.615852e-07 1.495847e-07 5.886276e-07
5.347799e+02 9.058440e-07 1.023290e-06 3.316417e-07 1.362600e-06
5.348174e+02 1.982143e-06 2.191019e-06 7.101527e-07 3.045256e-06
5.348550e+02 4.190111e-06 4.531016e-06 1.468711e-06 6.570606e-06
5.348925e+02 8.556957e-06 9.049987e-06 2.933756e-06 1.368713e-05
5.349301e+02 1.688147e-05 1.745839e-05 5.659991e-06 2.752601e-05
5.349677e+02 3.217301e-05 3.252861e-05 1.054660e-05 5.344383e-05
5.350052e+02 5.923217e-05 5.853729e-05 1.898081e-05 1.001784e-04
5.350428e+02 1.053419e-04 1.017434e-04 3.299316e-05 1.812893e-04
5.350803e+02 1.809740e-04 1.707997e-04 5.539114e-05 3.167310e-04
5.351179e+02 3.003276e-04 2.769339e-04 8.981826e-05 5.342306e-04
5.351554e+02 4.814287e-04 4.336843e-04 1.406687e-04 8.699331e-04
5.351930e+02 7.454517e-04 6.559645e-04 2.127843e-04 1.367606e-03
5.352305e+02 1.114939e-03 9.582890e-04 3.108788e-04 2.075648e-03
5.352681e+02 1.610718e-03 1.352143e-03 4.386848e-04 3.041327e-03
5.353056e+02 2.247597e-03 1.842718e-03 5.978943e-04 4.302179e-03
5.353432e+02 3.029291e-03 2.425525e-03 7.870585e-04 5.875291e-03
5.353807e+02 3.943488e-03 3.083637e-03 1.000693e-03 7.746135e-03
5.354183e+02 4.958274e-03 3.786447e-03 1.228874e-03 9.859502e-03
5.354558e+02 6.021224e-03 4.490680e-03 1.457564e-03 1.211543e-02
5.354934e+02 7.062156e-03 5.144048e-03 1.669804e-03 1.437262e-02
5.355309e+02 7.999872e-03 5.691315e-03 1.847685e-03 1.646062e-02
5.355685e+02 8.752213e-03 6.081896e-03 1.974819e-03 1.819992e-02
5.356060e+02 9.247835e-03 6.277584e-03 2.038872e-03 1.942705e-02
5.356436e+02 9.437394e-03 6.258785e-03 2.033602e-03 2.001979e-02
5.356811e+02 9.301742e-03 6.027883e-03 1.959989e-03 1.991736e-02
5.357187e+02 8.855285e-03 5.608970e-03 1.826186e-03 1.913070e-02
5.357562e+02 8.143712e-03 5.044017e-03 1.646325e-03 1.774079e-02
5.357938e+02 7.236643e-03 4.386370e-03 1.438449e-03 1.588511e-02
5.358313e+02 6.216878e-03 3.693035e-03 1.222046e-03 1.373555e-02
5.358689e+02 5.168582e-03 3.017314e-03 1.015670e-03 1.147276e-02
5.359065e+02 4.166761e-03 2.403109e-03 8.350600e-04 9.262115e-03
5.359440e+02 3.269771e-03 1.881627e-03 6.919863e-04 7.235700e-03
5.359816e+02 2.515689e-03 1.470571e-03 5.938332e-04 5.482662e-03
5.360191e+02 1.922375e-03 1.175352e-03 5.437765e-04 4.047996e-03
5.360567e+02 1.490341e-03 9.915697e-04 5.413264e-04 2.938128e-03
5.360942e+02 1.207176e-03 9.079443e-04 5.830120e-04 2.130572e-03
5.361318e+02 1.052324e-03 9.090861e-04 6.630540e-04 1.584832e-03
5.361693e+02 1.001336e-03 9.777367e-04 7.739650e-04 1.252306e-03
5.362069e+02 1.029112e-03 1.096393e-03 9.070918e-04 1.083851e-03
5.362444e+02 1.112057e-03 1.248398e-03 1.053147e-03 1.034626e-03
5.362820e+02 1.229313e-03 1.418664e-03 1.202774e-03 1.066501e-03
5.363195e+02 1.363333e-03 1.594163e-03 1.347140e-03 1.148697e-03
5.363571e+02 1.500061e-03 1.764276e-03 1.478524e-03 1.257382e-03
5.363946e+02 1.628882e-03 1.921007e-03 1.590819e-03 1.374821e-03
5.364322e+02 1.742464e-03 2.059058e-03 1.679875e-03 1.488458e-03
5.364697e+02 1.836492e-03 2.175734e-03 1.743639e-03 1.590104e-03
5.365073e+02 1.909334e-03 2.270672e-03 1.782070e-03 1.675259e-03
5.365448e+02 1.961607e-03 2.345428e-03 1.796863e-03 1.742530e-03
5.365824e+02 1.995692e-03 2.402971e-03 1.791036e-03 1.793069e-03
5.366199e+02 2.015191e-03 2.447134e-03 1.768453e-03 1.829987e-03
5.366575e+02 2.024389e-03 2.482107e-03 1.733343e-03 1.857717e-03
5.366950e+02 2.027740e-03 2.512014e-03 1.689886e-03 1.881318e-03
5.367326e+02 2.029426e-03 2.540632e-03 1.641881e-03 1.905765e-03
5.367701e+02 2.033013e-03 2.571254e-03 1.592540e-03 1.935243e-03
5.368077e+02 2.041210e-03 2.606705e-03 1.544380e-03 1.972545e-03
5.368453e+02 2.055763e-03 2.649430e-03 1.499213e-03 2.018646e-03
5.368828e+02 2.077440e-03 2.701590e-03 1.458194e-03 2.072536e-03
5.369204e+02 2.106115e-03 2.765072e-03 1.421898e-03 2.131375e-03
5.369579e+02 2.140904e-03 2.841339e-03 1.390395e-03 2.190977e-03
5.369955e+02 2.180318e-03 2.931109e-03 1.363310e-03 2.246534e-03
5.370330e+02 2.222417e-03 3.033927e-03 1.339863e-03 2.293461e-03
5.370706e+02 2.264944e-03 3.147748e-03 1.318924e-03 2.328161e-03
5.371081e+02 2.305441e-03 3.268688e-03 1.299074e-03 2.348560e-03
5.371457e+02 2.341370e-03 3.391106e-03 1.278729e-03 2.354275e-03
5.371832e+02 2.370271e-03 3.508090e-03 1.256301e-03 2.346421e-03
5.372208e+02 2.389960e-03 3.612339e-03 1.230414e-03 2.327125e-03
5.372583e+02 2.398775e-03 3.697299e-03 1.200119e-03 2.298907e-03
5.372959e+02 2.395837e-03 3.758320e-03 1.165079e-03 2.264111e-03
5.373334e+02 2.381255e-03 3.793551e-03 1.125684e-03 2.224530e-03
5.373710e+02 2.356227e-03 3.804335e-03 1.083046e-03 2.181299e-03
5.374085e+02 2.322962e-03 3.794955e-03 1.038880e-03 2.135051e-03
5.374461e+02 2.284422e-03 3.771751e-03 9.952807e-04 2.086234e-03
5.374836e+02 2.243901e-03 3.741791e-03 9.544285e-04 2.035483e-03
5.375212e+02 2.204540e-03 3.711414e-03 9.182909e-04 1.983916e-03
5.375587e+02 2.168866e-03 3.684972e-03 8.883616e-04 1.933264e-03
5.375963e+02 2.138468e-03 3.664107e-03 8.654893e-04 1.885808e-03
5.376338e+02 2.113888e-03 3.647694e-03 8.498158e-04 1.844154e-03
5.376714e+02 2.094724e-03 3.632460e-03 8.408252e-04 1.810886e-03
5.377089e+02 2.079932e-03 3.614099e-03 8.374831e-04 1.788213e-03
5.377465e+02 2.068223e-03 3.588574e-03 8.384330e-04 1.777663e-03
5.377841e+02 2.058470e-03 3.553302e-03 8.422089e-04 1.779900e-03
5.378216e+02 2.050020e-03 3.507938e-03 8.474288e-04 1.794694e-03
5.378592e+02 2.042851e-03 3.454598e-03 8.529402e-04 1.821016e-03
5.378967e+02 2.037552e-03 3.397521e-03 8.579013e-04 1.857233e-03
5.379343e+02 2.035132e-03 3.342254e-03 8.617926e-04 1.901348e-03
5.379718e+02 2.036724e-03 3.294582e-03 8.643715e-04 1.951220e-03
5.380094e+02 2.043243e-03 3.259421e-03 8.655847e-04 2.004723e-03
5.380469e+02 2.055068e-03 3.239889e-03 8.654664e-04 2.059847e-03
5.380845e+02 2.071834e-03 3.236728e-03 8.640471e-04 2.114726e-03
5.381220e+02 2.092359e-03 3.248143e-03 8.612946e-04 2.167640e-03
5.381596e+02 2.114729e-03 3.270073e-03 8.571001e-04 2.217015e-03
5.381971e+02 2.136525e-03 3.296825e-03 8.513066e-04 2.261444e-03
5.382347e+02 2.155148e-03 3.321956e-03 8.437695e-04 2.299720e-03
5.382722e+02 2.168180e-03 3.339232e-03 8.344263e-04 2.330883e-03
5.383098e+02 2.173707e-03 3.343534e-03 8.233532e-04 2.354233e-03
5.383473e+02 2.170552e-03 3.331546e-03 8.107910e-04 2.369319e-03
5.383849e+02 2.158383e-03 3.302141e-03 7.971337e-04 2.375874e-03
5.384224e+02 2.137681e-03 3.256419e-03 7.828860e-04 2.373739e-03
5.384600e+02 2.109610e-03 3.197426e-03 7.686047e-04 2.362800e-03
5.384975e+02 2.075811e-03 3.129620e-03 7.548460e-04 2.342966e-03
5.385351e+02 2.038185e-03 3.058201e-03 7.421325e-04 2.314223e-03
5.385726e+02 1.998699e-03 2.988407e-03 7.309487e-04 2.276742e-03
5.386102e+02 1.959222e-03 2.924883e-03 7.217582e-04 2.231024e-03
5.386477e+02 1.921411e-03 2.871174e-03 7.150282e-04 2.178030e-03
5.386853e+02 1.886627e-03 2.829388e-03 7.112445e-04 2.119249e-03
5.387229e+02 1.855870e-03 2.800035e-03 7.109015e-04 2.056673e-03
5.387604e+02 1.829722e-03 2.782042e-03 7.144628e-04 1.992660e-03
5.387980e+02 1.808322e-03 2.772944e-03 7.222995e-04 1.929723e-03
5.388355e+02 1.791369e-03 2.769225e-03 7.346196e-04 1.870262e-03
5.388731e+02 1.778173e-03 2.766794e-03 7.514082e-04 1.816318e-03
5.389106e+02 1.767769e-03 2.761525e-03 7.723931e-04 1.769388e-03
5.389482e+02 1.759062e-03 2.749817e-03 7.970436e-04 1.730327e-03
5.389857e+02 1.751011e-03 2.729063e-03 8.246026e-04 1.699368e-03
5.390233e+02 1.742786e-03 2.697983e-03 8.541467e-04 1.676227e-03
5.390608e+02 1.733895e-03 2.656759e-03 8.846671e-04 1.660259e-03
5.390984e+02 1.724248e-03 2.606960e-03 9.151644e-04 1.650620e-03
5.391359e+02 1.714148e-03 2.551290e-03 9.447548e-04 1.646400e-03
5.391735e+02 1.704223e-03 2.493196e-03 9.727821e-04 1.646690e-03
5.392110e+02 1.695309e-03 2.436416e-03 9.989254e-04 1.650587e-03
5.392486e+02 1.688322e-03 2.384526e-03 1.023287e-03 1.657154e-03
5.392861e+02 1.684110e-03 2.340534e-03 1.046433e-03 1.665364e-03
5.393237e+02 1.683340e-03 2.306574e-03 1.069372e-03 1.674073e-03
5.393612e+02 1.686398e-03 2.283722e-03 1.093447e-03 1.682026e-03
5.393988e+02 1.693341e-03 2.271941e-03 1.120149e-03 1.687934e-03
5.394363e+02 1.703882e-03 2.270171e-03 1.150880e-03 1.690594e-03
5.394739e+02 1.717424e-03 2.276540e-03 1.186703e-03 1.689028e-03
5.395114e+02 1.733144e-03 2.288673e-03 1.228139e-03 1.682620e-03
5.395490e+02 1.750111e-03 2.304052e-03 1.275066e-03 1.671215e-03
5.395865e+02 1.767426e-03 2.320387e-03 1.326732e-03 1.655161e-03
5.396241e+02 1.784376e-03 2.335923e-03 1.381914e-03 1.635290e-03
5.396617e+02 1.800559e-03 2.349643e-03 1.439172e-03 1.612861e-03
5.396992e+02 1.815980e-03 2.361336e-03 1.497149e-03 1.589457e-03
5.397368e+02 1.831084e-03 2.371509e-03 1.554864e-03 1.566879e-03
5.397743e+02 1.846715e-03 2.381194e-03 1.611919e-03 1.547031e-03
5.398119e+02 1.864013e-03 2.391662e-03 1.668585e-03 1.531793e-03
5.398494e+02 1.884247e-03 2.404122e-03 1.725740e-03 1.522879e-03
5.398870e+02 1.908602e-03 2.419459e-03 1.784682e-03 1.521666e-03
5.399245e+02 1.937961e-03 2.438044e-03 1.846840e-03 1.528999e-03
5.399621e+02 1.972698e-03 2.459648e-03 1.913460e-03 1.544987e-03
5.399996e+02 2.012540e-03 2.483470e-03 1.985310e-03 1.568839e-03
5.400372e+02 2.056511e-03 2.508256e-03 2.062478e-03 1.598798e-03
5.400747e+02 2.102999e-03 2.532504e-03 2.144282e-03 1.632211e-03
5.401123e+02 2.149939e-03 2.554714e-03 2.229333e-03 1.665770e-03
5.401498e+02 2.195090e-03 2.573649e-03 2.315711e-03 1.695910e-03
5.401874e+02 2.236368e-03 2.588560e-03 2.401250e-03 1.719294e-03
5.402249e+02 2.272174e-03 2.599332e-03 2.483873e-03 1.733317e-03
5.402625e+02 2.301648e-03 2.606509e-03 2.561942e-03 1.736492e-03
5.403000e+02 2.324801e-03 2.611179e-03 2.634555e-03 1.728670e-03
5.403376e+02 2.342502e-03 2.614743e-03 2.701753e-03 1.711010e-03
5.403751e+02 2.356308e-03 2.618593e-03 2.764594e-03 1.685736e-03
5.404127e+02 2.368189e-03 2.623787e-03 2.825059e-03 1.655720e-03
5.404502e+02 2.380189e-03 2.630801e-03 2.885780e-03 1.623987e-03
5.404878e+02 2.394088e-03 2.639403e-03 2.949611e-03 1.593250e-03
5.405253e+02 2.411121e-03 2.648704e-03 3.019099e-03 1.565561e-03
5.405629e+02 2.431804e-03 2.657352e-03 3.095929e-03 1.542130e-03
5.406005e+02 2.455875e-03 2.663830e-03 3.180469e-03 1.523326e-03
5.406380e+02 2.482372e-03 2.666775e-03 3.271503e-03 1.508838e-03
5.406756e+02 2.509807e-03 2.665245e-03 3.366240e-03 1.497934e-03
5.407131e+02 2.536419e-03 2.658878e-03 3.460626e-03 1.489754e-03
5.407507e+02 2.560472e-03 2.647926e-03 3.549926e-03 1.483564e-03
5.407882e+02 2.580529e-03 2.633167e-03 3.629493e-03 1.478926e-03
5.408258e+02 2.595695e-03 2.615746e-03 3.695587e-03 1.475752e-03
5.408633e+02 2.605780e-03 2.596984e-03 3.746120e-03 1.474236e-03
5.409009e+02 2.611366e-03 2.578201e-03 3.781193e-03 1.474705e-03
5.409384e+02 2.613790e-03 2.560597e-03 3.803350e-03 1.477423e-03
5.409760e+02 2.615031e-03 2.545188e-03 3.817504e-03 1.482401e-03
5.410135e+02 2.617543e-03 2.532805e-03 3.830562e-03 1.489262e-03
5.410511e+02 2.624037e-03 2.524140e-03 3.850768e-03 1.497203e-03
5.410886e+02 2.637239e-03 2.519808e-03 3.886860e-03 1.505050e-03
5.411262e+02 2.659646e-03 2.520410e-03 3.947109e-03 1.511418e-03
5.411637e+02 2.693274e-03 2.526556e-03 4.038335e-03 1.514932e-03
5.412013e+02 2.739439e-03 2.538823e-03 4.165025e-03 1.514470e-03
5.412388e+02 2.798559e-03 2.557650e-03 4.328642e-03 1.509385e-03
5.412764e+02 2.870023e-03 2.583157e-03 4.527265e-03 1.499647e-03
5.413139e+02 2.952147e-03 2.614930e-03 4.755627e-03 1.485885e-03
5.413515e+02 3.042250e-03 2.651828e-03 5.005611e-03 1.469312e-03
5.413890e+02 3.136857e-03 2.691874e-03 5.267160e-03 1.451538e-03
5.414266e+02 3.232032e-03 2.732299e-03 5.529485e-03 1.434313e-03
5.414641e+02 3.323799e-03 2.769783e-03 5.782374e-03 1.419240e-03
5.415017e+02 3.408581e-03 2.800856e-03 6.017363e-03 1.407523e-03
5.415393e+02 3.483588e-03 2.822432e-03 6.228546e-03 1.399786e-03
5.415768e+02 3.547072e-03 2.832330e-03 6.412875e-03 1.396010e-03
5.416144e+02 3.598401e-03 2.829687e-03 6.569925e-03 1.395590e-03
5.416519e+02 3.637953e-03 2.815139e-03 6.701221e-03 1.397500e-03
5.416895e+02 3.666865e-03 2.790734e-03 6.809326e-03 1.400536e-03
5.417270e+02 3.686704e-03 2.759575e-03 6.896954e-03 1.403584e-03
5.417646e+02 3.699156e-03 2.725279e-03 6.966331e-03 1.405858e-03
5.418021e+02 3.705797e-03 2.691379e-03 7.018954e-03 1.407057e-03
5.418397e+02 3.707988e-03 2.660787e-03 7.055759e-03 1.407418e-03
5.418772e+02 3.706895e-03 2.635429e-03 7.077614e-03 1.407643e-03
5.419148e+02 3.703584e-03 2.616100e-03 7.085930e-03 1.408724e-03
5.419523e+02 3.699139e-03 2.602539e-03 7.083177e-03 1.411700e-03
5.419899e+02 3.694735e-03 2.593669e-03 7.073130e-03 1.417407e-03
5.420274e+02 3.691633e-03 2.587927e-03 7.060709e-03 1.426262e-03
5.420650e+02 3.691066e-03 2.583598e-03 7.051458e-03 1.438142e-03
5.421025e+02 3.694070e-03 2.579097e-03 7.050737e-03 1.452376e-03
5.421401e+02 3.701282e-03 2.573161e-03 7.062837e-03 1.467848e-03
5.421776e+02 3.712779e-03 2.564934e-03 7.090218e-03 1.483186e-03
5.422152e+02 3.728014e-03 2.553986e-03 7.133050e-03 1.497006e-03
5.422527e+02 3.745863e-03 2.540268e-03 7.189174e-03 1.508146e-03
5.422903e+02 3.764795e-03 2.524048e-03 7.254484e-03 1.515855e-03
5.423278e+02 3.783129e-03 2.505837e-03 7.323651e-03 1.519898e-03
5.423654e+02 3.799312e-03 2.486334e-03 7.391026e-03 1.520576e-03
5.424029e+02 3.812177e-03 2.466361e-03 7.451529e-03 1.518641e-03
5.424405e+02 3.821106e-03 2.446800e-03 7.501358e-03 1.515158e-03
5.424781e+02 3.826073e-03 2.428515e-03 7.538388e-03 1.511317e-03
5.425156e+02 3.827578e-03 2.412248e-03 7.562243e-03 1.508244e-03
5.425532e+02 3.826477e-03 2.398511e-03 7.574071e-03 1.506847e-03
5.425907e+02 3.823772e-03 2.387479e-03 7.576133e-03 1.507705e-03
5.426283e+02 3.820429e-03 2.378923e-03 7.571340e-03 1.511023e-03
5.426658e+02 3.817243e-03 2.372214e-03 7.562852e-03 1.516663e-03
5.427034e+02 3.814816e-03 2.366414e-03 7.553817e-03 1.524219e-03
5.427409e+02 3.813617e-03 2.360446e-03 7.547270e-03 1.533135e-03
5.427785e+02 3.814097e-03 2.353313e-03 7.546137e-03 1.542842e-03
5.428160e+02 3.816820e-03 2.344318e-03 7.553268e-03 1.552874e-03
5.428536e+02 3.822523e-03 2.333211e-03 7.571409e-03 1.562948e-03
5.428911e+02 3.832086e-03 2.320232e-03 7.603028e-03 1.572999e-03
5.429287e+02 3.846388e-03 2.306019e-03 7.649995e-03 1.583149e-03
5.429662e+02 3.866067e-03 2.291416e-03 7.713155e-03 1.593628e-03
5.430038e+02 3.891260e-03 2.277220e-03 7.791901e-03 1.604657e-03
5.430413e+02 3.921386e-03 2.263957e-03 7.883879e-03 1.616320e-03
5.430789e+02 3.955052e-03 2.251746e-03 7.984963e-03 1.628449e-03
5.431164e+02 3.990134e-03 2.240295e-03 8.089557e-03 1.640549e-03
5.431540e+02 4.024024e-03 2.229038e-03 8.191241e-03 1.651793e-03
5.431915e+02 4.054022e-03 2.217358e-03 8.283632e-03 1.661076e-03
5.432291e+02 4.077776e-03 2.204844e-03 8.361331e-03 1.667153e-03
5.432666e+02 4.093682e-03 2.191494e-03 8.420733e-03 1.668821e-03
5.433042e+02 4.101160e-03 2.177805e-03 8.460544e-03 1.665131e-03
5.433417e+02 4.100738e-03 2.164732e-03 8.481891e-03 1.655592e-03
5.433793e+02 4.093946e-03 2.153501e-03 8.488019e-03 1.640320e-03
5.434169e+02 4.083028e-03 2.145342e-03 8.483636e-03 1.620104e-03
5.434544e+02 4.070546e-03 2.141208e-03 8.474055e-03 1.596376e-03
5.434920e+02 4.058965e-03 2.141537e-03 8.464294e-03 1.571065e-03
5.435295e+02 4.050270e-03 2.146124e-03 8.458304e-03 1.546383e-03
5.435671e+02 4.045703e-03 2.154136e-03 8.458429e-03 1.524544e-03
5.436046e+02 4.045644e-03 2.164258e-03 8.465181e-03 1.507494e-03
5.436422e+02 4.049638e-03 2.174927e-03 8.477310e-03 1.496676e-03
5.436797e+02 4.056546e-03 2.184621e-03 8.492147e-03 1.492870e-03
5.437173e+02 4.064787e-03 2.192111e-03 8.506121e-03 1.496130e-03
5.437548e+02 4.072611e-03 2.196640e-03 8.515375e-03 1.505818e-03
5.437924e+02 4.078358e-03 2.197997e-03 8.516368e-03 1.520710e-03
5.438299e+02 4.080679e-03 2.196474e-03 8.506397e-03 1.539165e-03
5.438675e+02 4.078679e-03 2.192733e-03 8.483981e-03 1.559323e-03
5.439050e+02 4.071999e-03 2.187625e-03 8.449069e-03 1.579303e-03
5.439426e+02 4.060813e-03 2.181982e-03 8.403061e-03 1.597396e-03
5.439801e+02 4.045780e-03 2.176456e-03 8.348662e-03 1.612220e-03
5.440177e+02 4.027935e-03 2.171386e-03 8.289571e-03 1.622846e-03
5.440552e+02 4.008552e-03 2.166746e-03 8.230050e-03 1.628861e-03
5.440928e+02 3.988978e-03 2.162145e-03 8.174405e-03 1.630385e-03
5.441303e+02 3.970450e-03 2.156894e-03 8.126433e-03 1.628023e-03
5.441679e+02 3.953922e-03 2.150121e-03 8.088888e-03 1.622756e-03
5.442054e+02 3.939921e-03 2.140929e-03 8.063037e-03 1.615795e-03
5.442430e+02 3.928453e-03 2.128567e-03 8.048391e-03 1.608401e-03
5.442805e+02 3.918987e-03 2.112603e-03 8.042667e-03 1.601692e-03
5.443181e+02 3.910527e-03 2.093058e-03 8.042040e-03 1.596485e-03
5.443557e+02 3.901773e-03 2.070486e-03 8.041673e-03 1.593162e-03
5.443932e+02 3.891352e-03 2.045962e-03 8.036478e-03 1.591614e-03
5.444308e+02 3.878079e-03 2.020994e-03 8.021985e-03 1.591258e-03
5.444683e+02 3.861209e-03 1.997349e-03 7.995146e-03 1.591133e-03
5.445059e+02 3.840607e-03 1.976839e-03 7.954914e-03 1.590070e-03
5.445434e+02 3.816821e-03 1.961100e-03 7.902454e-03 1.586910e-03
5.445810e+02 3.791017e-03 1.951402e-03 7.840908e-03 1.580741e-03
5.446185e+02 3.764791e-03 1.948516e-03 7.774755e-03 1.571103e-03
5.446561e+02 3.739892e-03 1.952660e-03 7.708887e-03 1.558127e-03
5.446936e+02 3.717900e-03 1.963516e-03 7.647597e-03 1.542588e-03
5.447312e+02 3.699945e-03 1.980298e-03 7.593704e-03 1.525834e-03
5.447687e+02 3.686500e-03 2.001872e-03 7.548009e-03 1.509620e-03
5.448063e+02 3.677312e-03 2.026888e-03 7.509188e-03 1.495861e-03
5.448438e+02 3.671473e-03 2.053929e-03 7.474154e-03 1.486336e-03
5.448814e+02 3.667623e-03 2.081667e-03 7.438787e-03 1.482415e-03
5.449189e+02 3.664233e-03 2.109013e-03 7.398858e-03 1.484827e-03
5.449565e+02 3.659907e-03 2.135250e-03 7.350940e-03 1.493531e-03
5.449940e+02 3.653643e-03 2.160119e-03 7.293101e-03 1.507708e-03
5.450316e+02 3.644982e-03 2.183836e-03 7.225237e-03 1.525873e-03
5.450691e+02 3.634033e-03 2.207026e-03 7.148980e-03 1.546092e-03
5.451067e+02 3.621356e-03 2.230566e-03 7.067235e-03 1.566266e-03
5.451442e+02 3.607754e-03 2.255364e-03 6.983466e-03 1.584433e-03
5.451818e+02 3.594022e-03 2.282120e-03 6.900910e-03 1.599036e-03
5.452193e+02 3.580714e-03 2.311125e-03 6.821906e-03 1.609111e-03
5.452569e+02 3.567996e-03 2.342151e-03 6.747477e-03 1.614361e-03
5.452945e+02 3.555612e-03 2.374457e-03 6.677254e-03 1.615124e-03
5.453320e+02 3.542959e-03 2.406917e-03 6.609720e-03 1.612241e-03
5.453696e+02 3.529264e-03 2.438222e-03 6.542717e-03 1.606854e-03
5.454071e+02 3.513794e-03 2.467123e-03 6.474073e-03 1.600186e-03
5.454447e+02 3.496062e-03 2.492636e-03 6.402203e-03 1.593347e-03
5.454822e+02 3.475973e-03 2.514175e-03 6.326562e-03 1.587181e-03
5.455198e+02 3.453875e-03 2.531589e-03 6.247838e-03 1.582198e-03
5.455573e+02 3.430514e-03 2.545105e-03 6.167861e-03 1.578575e-03
5.455949e+02 3.406890e-03 2.555214e-03 6.089234e-03 1.576224e-03
5.456324e+02 3.384062e-03 2.562521e-03 6.014776e-03 1.574890e-03
5.456700e+02 3.362924e-03 2.567621e-03 5.946882e-03 1.574268e-03
5.457075e+02 3.344014e-03 2.571004e-03 5.886945e-03 1.574094e-03
5.457451e+02 3.327388e-03 2.573010e-03 5.834955e-03 1.574199e-03
5.457826e+02 3.312578e-03 2.573842e-03 5.789376e-03 1.574518e-03
5.458202e+02 3.298662e-03 2.573599e-03 5.747321e-03 1.575066e-03
5.458577e+02 3.284413e-03 2.572345e-03 5.705008e-03 1.575884e-03
5.458953e+02 3.268517e-03 2.570166e-03 5.658391e-03 1.576994e-03
5.459328e+02 3.249817e-03 2.567233e-03 5.603849e-03 1.578369e-03
5.459704e+02 3.227528e-03 2.563839e-03 5.538796e-03 1.579948e-03
5.460079e+02 3.201394e-03 2.560420e-03 5.462093e-03 1.581670e-03
5.460455e+02 3.171760e-03 2.557546e-03 5.374198e-03 1.583535e-03
5.460830e+02 3.139527e-03 2.555886e-03 5.277032e-03 1.585662e-03
5.461206e+02 3.106027e-03 2.556144e-03 5.173621e-03 1.588317e-03
5.461581e+02 3.072819e-03 2.558981e-03 5.067579e-03 1.591897e-03
5.461957e+02 3.041445e-03 2.564916e-03 4.962555e-03 1.596864e-03
5.462333e+02 3.013204e-03 2.574228e-03 4.861745e-03 1.603639e-03
5.462708e+02 2.988968e-03 2.586872e-03 4.767544e-03 1.612487e-03
5.463084e+02 2.969074e-03 2.602428e-03 4.681377e-03 1.623417e-03
5.463459e+02 2.953311e-03 2.620085e-03 4.603721e-03 1.636127e-03
5.463835e+02 2.940993e-03 2.638693e-03 4.534260e-03 1.650025e-03
5.464210e+02 2.931094e-03 2.656860e-03 4.472127e-03 1.664294e-03
5.464586e+02 2.922429e-03 2.673098e-03 4.416171e-03 1.678018e-03
5.464961e+02 2.913831e-03 2.685994e-03 4.365191e-03 1.690309e-03
5.465337e+02 2.904311e-03 2.694384e-03 4.318125e-03 1.700423e-03
5.465712e+02 2.893163e-03 2.697496e-03 4.274165e-03 1.707827e-03
5.466088e+02 2.880022e-03 2.695040e-03 4.232805e-03 1.712221e-03
5.466463e+02 2.864855e-03 2.687231e-03 4.193819e-03 1.713516e-03
5.466839e+02 2.847898e-03 2.674735e-03 4.157167e-03 1.711792e-03
5.467214e+02 2.829558e-03 2.658570e-03 4.122852e-03 1.707252e-03
5.467590e+02 2.810297e-03 2.639955e-03 4.090729e-03 1.700208e-03
5.467965e+02 2.790525e-03 2.620176e-03 4.060327e-03 1.691073e-03
5.468341e+02 2.770525e-03 2.600468e-03 4.030718e-03 1.680389e-03
5.468716e+02 2.750430e-03 2.581945e-03 4.000499e-03 1.668846e-03
5.469092e+02 2.730257e-03 2.565582e-03 3.967906e-03 1.657284e-03
5.469467e+02 2.709988e-03 2.552229e-03 3.931061e-03 1.646674e-03
5.469843e+02 2.689666e-03 2.542643e-03 3.888311e-03 1.638045e-03
5.470218e+02 2.669492e-03 2.537496e-03 3.838588e-03 1.632392e-03
5.470594e+02 2.649873e-03 2.537369e-03 3.781700e-03 1.630548e-03
5.470969e+02 2.631419e-03 2.542704e-03 3.718492e-03 1.633062e-03
5.471345e+02 2.614881e-03 2.553753e-03 3.650816e-03 1.640076e-03
5.471721e+02 2.601035e-03 2.570529e-03 3.581329e-03 1.651248e-03
5.472096e+02 2.590552e-03 2.592797e-03 3.513144e-03 1.665715e-03
5.472472e+02 2.583873e-03 2.620098e-03 3.449398e-03 1.682124e-03
5.472847e+02 2.581121e-03 2.651797e-03 3.392828e-03 1.698736e-03
5.473223e+02 2.582056e-03 2.687150e-03 3.345417e-03 1.713602e-03
5.473598e+02 2.586095e-03 2.725324e-03 3.308163e-03 1.724796e-03
5.473974e+02 2.592363e-03 2.765391e-03 3.281015e-03 1.730684e-03
5.474349e+02 2.599800e-03 2.806267e-03 3.262958e-03 1.730175e-03
5.474725e+02 2.607264e-03 2.846634e-03 3.252235e-03 1.722922e-03
5.475100e+02 2.613654e-03 2.884885e-03 3.246650e-03 1.709426e-03
5.475476e+02 2.618011e-03 2.919130e-03 3.243904e-03 1.690999e-03
5.475851e+02 2.619603e-03 2.947296e-03 3.241899e-03 1.669614e-03
5.476227e+02 2.617977e-03 2.967333e-03 3.238973e-03 1.647624e-03
5.476602e+02 2.612982e-03 2.977488e-03 3.234029e-03 1.627427e-03
5.476978e+02 2.604763e-03 2.976616e-03 3.226557e-03 1.611118e-03
5.477353e+02 2.593729e-03 2.964444e-03 3.216553e-03 1.600189e-03
5.477729e+02 2.580485e-03 2.941746e-03 3.204372e-03 1.595337e-03
5.478104e+02 2.565770e-03 2.910366e-03 3.190549e-03 1.596395e-03
5.478480e+02 2.550368e-03 2.873087e-03 3.175617e-03 1.602401e-03
5.478855e+02 2.535035e-03 2.833348e-03 3.159975e-03 1.611783e-03
5.479231e+02 2.520431e-03 2.794865e-03 3.143805e-03 1.622622e-03
5.479606e+02 2.507074e-03 2.761212e-03 3.127062e-03 1.632949e-03
5.479982e+02 2.495325e-03 2.735427e-03 3.109522e-03 1.641027e-03
5.480357e+02 2.485386e-03 2.719709e-03 3.090873e-03 1.645575e-03
5.480733e+02 2.477325e-03 2.715235e-03 3.070827e-03 1.645912e-03
5.481109e+02 2.471109e-03 2.722113e-03 3.049211e-03 1.642002e-03
5.481484e+02 2.466627e-03 2.739450e-03 3.026021e-03 1.634409e-03
5.481860e+02 2.463710e-03 2.765524e-03 3.001430e-03 1.624175e-03
5.482235e+02 2.462132e-03 2.798005e-03 2.975748e-03 1.612643e-03
5.482611e+02 2.461607e-03 2.834203e-03 2.949347e-03 1.601270e-03
5.482986e+02 2.461784e-03 2.871328e-03 2.922587e-03 1.591437e-03
5.483362e+02 2.462262e-03 2.906728e-03 2.895753e-03 1.584304e-03
5.483737e+02 2.462612e-03 2.938110e-03 2.869029e-03 1.580697e-03
5.484113e+02 2.462432e-03 2.963733e-03 2.842499e-03 1.581065e-03
5.484488e+02 2.461398e-03 2.982546e-03 2.816180e-03 1.585469e-03
5.484864e+02 2.459319e-03 2.994267e-03 2.790073e-03 1.593618e-03
5.485239e+02 2.456168e-03 2.999389e-03 2.764203e-03 1.604914e-03
5.485615e+02 2.452090e-03 2.999086e-03 2.738673e-03 1.618511e-03
5.485990e+02 2.447377e-03 2.995055e-03 2.713700e-03 1.633377e-03
5.486366e+02 2.442426e-03 2.989276e-03 2.689649e-03 1.648352e-03
5.486741e+02 2.437677e-03 2.983754e-03 2.667059e-03 1.662216e-03
5.487117e+02 2.433555e-03 2.980251e-03 2.646643e-03 1.673772e-03
5.487492e+02 2.430418e-03 2.980060e-03 2.629250e-03 1.681944e-03
5.487868e+02 2.428508e-03 2.983854e-03 2.615781e-03 1.685888e-03
5.488243e+02 2.427925e-03 2.991620e-03 2.607047e-03 1.685108e-03
5.488619e+02 2.428615e-03 3.002704e-03 2.603598e-03 1.679543e-03
5.488994e+02 2.430371e-03 3.015945e-03 2.605542e-03 1.669626e-03
5.489370e+02 2.432859e-03 3.029885e-03 2.612419e-03 1.656274e-03
5.489745e+02 2.435662e-03 3.043011e-03 2.623148e-03 1.640826e-03
5.490121e+02 2.438336e-03 3.053994e-03 2.636099e-03 1.624914e-03
5.490497e+02 2.440475e-03 3.061870e-03 2.649268e-03 1.610288e-03
5.490872e+02 2.441763e-03 3.066133e-03 2.660537e-03 1.598620e-03
5.491248e+02 2.442008e-03 3.066743e-03 2.667973e-03 1.591309e-03
5.491623e+02 2.441142e-03 3.064033e-03 2.670082e-03 1.589311e-03
5.491999e+02 2.439197e-03 3.058569e-03 2.666001e-03 1.593021e-03
5.492374e+02 2.436254e-03 3.050991e-03 2.655560e-03 1.602211e-03
5.492750e+02 2.432390e-03 3.041860e-03 2.639251e-03 1.616060e-03
5.493125e+02 2.427629e-03 3.031555e-03 2.618095e-03 1.633237e-03
5.493501e+02 2.421915e-03 3.020219e-03 2.593467e-03 1.652059e-03
5.493876e+02 2.415116e-03 3.007751e-03 2.566914e-03 1.670683e-03
5.494252e+02 2.407050e-03 2.993842e-03 2.539990e-03 1.687318e-03
5.494627e+02 2.397531e-03 2.978046e-03 2.514133e-03 1.700414e-03
5.495003e+02 2.386418e-03 2.959864e-03 2.490572e-03 1.708819e-03
5.495378e+02 2.373668e-03 2.938851e-03 2.470273e-03 1.711879e-03
5.495754e+02 2.359362e-03 2.914721e-03 2.453889e-03 1.709478e-03
5.496129e+02 2.343733e-03 2.887442e-03 2.441741e-03 1.702017e-03
5.496505e+02 2.327156e-03 2.857309e-03 2.433809e-03 1.690350e-03
5.496880e+02 2.310132e-03 2.824970e-03 2.429749e-03 1.675678e-03
5.497256e+02 2.293254e-03 2.791405e-03 2.428935e-03 1.659421e-03
5.497631e+02 2.277152e-03 2.757859e-03 2.430522e-03 1.643076e-03
5.498007e+02 2.262443e-03 2.725735e-03 2.433513e-03 1.628081e-03
5.498382e+02 2.249665e-03 2.696472e-03 2.436833e-03 1.615690e-03
5.498758e+02 2.239234e-03 2.671432e-03 2.439390e-03 1.606880e-03
5.499133e+02 2.231410e-03 2.651802e-03 2.440125e-03 1.602303e-03
5.499509e+02 2.226289e-03 2.638526e-03 2.438065e-03 1.602276e-03
5.499885e+02 2.223819e-03 2.632257e-03 2.432385e-03 1.606814e-03
5.500260e+02 2.223832e-03 2.633318e-03 2.422495e-03 1.615684e-03
5.500636e+02 2.226096e-03 2.641676e-03 2.408138e-03 1.628474e-03
5.501011e+02 2.230351e-03 2.656912e-03 2.389495e-03 1.644644e-03
5.501387e+02 2.236344e-03 2.678209e-03 2.367260e-03 1.663562e-03
5.501762e+02 2.243841e-03 2.704360e-03 2.342653e-03 1.684510e-03
5.502138e+02 2.252621e-03 2.733819e-03 2.317360e-03 1.706683e-03
5.502513e+02 2.262445e-03 2.764794e-03 2.293371e-03 1.729169e-03
5.502889e+02 2.273024e-03 2.795376e-03 2.272743e-03 1.750952e-03
5.503264e+02 2.283985e-03 2.823696e-03 2.257330e-03 1.770929e-03
5.503640e+02 2.294843e-03 2.848061e-03 2.248508e-03 1.787960e-03
5.504015e+02 2.305001e-03 2.867071e-03 2.246978e-03 1.800954e-03
5.504391e+02 2.313773e-03 2.879676e-03 2.252664e-03 1.808978e-03
5.504766e+02 2.320434e-03 2.885183e-03 2.264739e-03 1.811381e-03
5.505142e+02 2.324298e-03 2.883221e-03 2.281762e-03 1.807911e-03
5.505517e+02 2.324797e-03 2.873690e-03 2.301898e-03 1.798804e-03
5.505893e+02 2.321572e-03 2.856721e-03 2.323175e-03 1.784818e-03
5.506268e+02 2.314527e-03 2.832668e-03 2.343718e-03 1.767196e-03
5.506644e+02 2.303874e-03 2.802131e-03 2.361937e-03 1.747553e-03
5.507019e+02 2.290113e-03 2.766015e-03 2.376632e-03 1.727693e-03
5.507395e+02 2.273994e-03 2.725567e-03 2.387030e-03 1.709386e-03
5.507770e+02 2.256428e-03 2.682396e-03 2.392752e-03 1.694137e-03
5.508146e+02 2.238390e-03 2.638420e-03 2.393751e-03 1.682999e-03
5.508521e+02 2.220813e-03 2.595753e-03 2.390234e-03 1.676454e-03
5.508897e+02 2.204503e-03 2.556528e-03 2.382586e-03 1.674394e-03
5.509273e+02 2.190077e-03 2.522701e-03 2.371324e-03 1.676205e-03
5.509648e+02 2.177941e-03 2.495851e-03 2.357050e-03 1.680921e-03
5.510024e+02 2.168297e-03 2.477032e-03 2.340429e-03 1.687430e-03
5.510399e+02 2.161169e-03 2.466680e-03 2.322157e-03 1.694669e-03
5.510775e+02 2.156433e-03 2.464591e-03 2.302920e-03 1.701787e-03
5.511150e+02 2.153845e-03 2.469971e-03 2.283334e-03 1.708229e-03
5.511526e+02 2.153053e-03 2.481530e-03 2.263883e-03 1.713748e-03
5.511901e+02 2.153608e-03 2.497612e-03 2.244865e-03 1.718346e-03
5.512277e+02 2.154965e-03 2.516356e-03 2.226358e-03 1.722180e-03
5.512652e+02 2.156512e-03 2.535849e-03 2.208243e-03 1.725444e-03
5.513028e+02 2.157611e-03 2.554284e-03 2.190270e-03 1.728280e-03
5.513403e+02 2.157659e-03 2.570096e-03 2.172169e-03 1.730713e-03
5.513779e+02 2.156159e-03 2.582072e-03 2.153777e-03 1.732629e-03
5.514154e+02 2.152788e-03 2.589419e-03 2.135151e-03 1.733796e-03
5.514530e+02 2.147440e-03 2.591788e-03 2.116625e-03 1.733908e-03
5.514905e+02 2.140235e-03 2.589248e-03 2.098810e-03 1.732648e-03
5.515281e+02 2.131499e-03 2.582215e-03 2.082516e-03 1.729765e-03
5.515656e+02 2.121704e-03 2.571333e-03 2.068627e-03 1.725151e-03
5.516032e+02 2.111399e-03 2.557347e-03 2.057949e-03 1.718901e-03
5.516407e+02 2.101133e-03 2.540957e-03 2.051076e-03 1.711366e-03
5.516783e+02 2.091384e-03 2.522704e-03 2.048285e-03 1.703162e-03
5.517158e+02 2.082514e-03 2.502910e-03 2.049490e-03 1.695143e-03
5.517534e+02 2.074747e-03 2.481670e-03 2.054247e-03 1.688325e-03
5.517909e+02 2.068171e-03 2.458939e-03 2.061807e-03 1.683768e-03
5.518285e+02 2.062761e-03 2.434663e-03 2.071188e-03 1.682432e-03
5.518661e+02 2.058410e-03 2.408937e-03 2.081268e-03 1.685024e-03
5.519036e+02 2.054965e-03 2.382146e-03 2.090878e-03 1.691872e-03
5.519412e+02 2.052246e-03 2.355024e-03 2.098881e-03 1.702833e-03
5.519787e+02 2.050044e-03 2.328625e-03 2.104253e-03 1.717255e-03
5.520163e+02 2.048111e-03 2.304179e-03 2.106141e-03 1.734012e-03
5.520538e+02 2.046127e-03 2.282884e-03 2.103918e-03 1.751580e-03
5.520914e+02 2.043688e-03 2.265669e-03 2.097212e-03 1.768182e-03
5.521289e+02 2.040296e-03 2.252999e-03 2.085922e-03 1.781965e-03
5.521665e+02 2.035396e-03 2.244773e-03 2.070215e-03 1.791199e-03
5.522040e+02 2.028440e-03 2.240326e-03 2.050511e-03 1.794482e-03
5.522416e+02 2.018978e-03 2.238546e-03 2.027454e-03 1.790933e-03
5.522791e+02 2.006754e-03 2.238057e-03 2.001881e-03 1.780325e-03
5.523167e+02 1.991791e-03 2.237430e-03 1.974785e-03 1.763157e-03
5.523542e+02 1.974424e-03 2.235365e-03 1.947274e-03 1.740634e-03
5.523918e+02 1.955296e-03 2.230824e-03 1.920516e-03 1.714549e-03
5.524293e+02 1.935290e-03 2.223098e-03 1.895672e-03 1.687100e-03
5.524669e+02 1.915428e-03 2.211822e-03 1.873818e-03 1.660643e-03
5.525044e+02 1.896748e-03 2.196950e-03 1.855853e-03 1.637441e-03
5.525420e+02 1.880193e-03 2.178723e-03 1.842430e-03 1.619425e-03
5.525795e+02 1.866514e-03 2.157633e-03 1.833894e-03 1.608016e-03
5.526171e+02 1.856220e-03 2.134384e-03 1.830265e-03 1.604011e-03
5.526546e+02 1.849546e-03 2.109855e-03 1.831253e-03 1.607532e-03
5.526922e+02 1.846468e-03 2.085041e-03 1.836305e-03 1.618058e-03
5.527297e+02 1.846719e-03 2.060983e-03 1.844676e-03 1.634497e-03
5.527673e+02 1.849825e-03 2.038682e-03 1.855490e-03 1.655302e-03
5.528049e+02 1.855144e-03 2.019011e-03 1.867799e-03 1.678621e-03
5.528424e+02 1.861910e-03 2.002651e-03 1.880629e-03 1.702450e-03
5.528800e+02 1.869281e-03 1.990050e-03 1.893000e-03 1.724794e-03
5.529175e+02 1.876400e-03 1.981421e-03 1.903959e-03 1.743819e-03
5.529551e+02 1.882456e-03 1.976778e-03 1.912610e-03 1.757980e-03
5.529926e+02 1.886757e-03 1.975978e-03 1.918164e-03 1.766129e-03
5.530302e+02 1.888790e-03 1.978779e-03 1.920004e-03 1.767587e-03
5.530677e+02 1.888268e-03 1.984867e-03 1.917751e-03 1.762187e-03
5.531053e+02 1.885164e-03 1.993880e-03 1.911328e-03 1.750285e-03
5.531428e+02 1.879708e-03 2.005396e-03 1.900995e-03 1.732733e-03
5.531804e+02 1.872364e-03 2.018918e-03 1.887351e-03 1.710823e-03
5.532179e+02 1.863781e-03 2.033863e-03 1.871294e-03 1.686186e-03
5.532555e+02 1.854722e-03 2.049563e-03 1.853940e-03 1.660663e-03
5.532930e+02 1.845981e-03 2.065283e-03 1.836514e-03 1.636146e-03
5.533306e+02 1.838300e-03 2.080270e-03 1.820224e-03 1.614405e-03
5.533681e+02 1.832286e-03 2.093793e-03 1.806143e-03 1.596923e-03
5.534057e+02 1.828352e-03 2.105198e-03 1.795098e-03 1.584760e-03
5.534432e+02 1.826668e-03 2.113938e-03 1.787596e-03 1.578470e-03
5.534808e+02 1.827155e-03 2.119592e-03 1.783791e-03 1.578082e-03
5.535183e+02 1.829495e-03 2.121862e-03 1.783480e-03 1.583144e-03
5.535559e+02 1.833183e-03 2.120566e-03 1.786156e-03 1.592826e-03
5.535934e+02 1.837591e-03 2.115632e-03 1.791079e-03 1.606063e-03
5.536310e+02 1.842062e-03 2.107096e-03 1.797385e-03 1.621706e-03
5.536685e+02 1.845997e-03 2.095109e-03 1.804211e-03 1.638671e-03
5.537061e+02 1.848939e-03 2.079955e-03 1.810816e-03 1.656046e-03
5.537437e+02 1.850632e-03 2.062049e-03 1.816689e-03 1.673157e-03
5.537812e+02 1.851041e-03 2.041932e-03 1.821623e-03 1.689568e-03
5.538188e+02 1.850336e-03 2.020233e-03 1.825746e-03 1.705029e-03
5.538563e+02 1.848826e-03 1.997621e-03 1.829480e-03 1.719376e-03
5.538939e+02 1.846871e-03 1.974732e-03 1.833462e-03 1.732421e-03
5.539314e+02 1.844782e-03 1.952112e-03 1.838393e-03 1.743842e-03
5.539690e+02 1.842727e-03 1.930168e-03 1.844875e-03 1.753139e-03
5.540065e+02 1.840679e-03 1.909154e-03 1.853242e-03 1.759639e-03
5.540441e+02 1.838403e-03 1.889196e-03 1.863418e-03 1.762596e-03
5.540816e+02 1.835504e-03 1.870333e-03 1.874843e-03 1.761338e-03
5.541192e+02 1.831504e-03 1.852590e-03 1.886469e-03 1.755453e-03
5.541567e+02 1.825944e-03 1.836036e-03 1.896851e-03 1.744944e-03
5.541943e+02 1.818486e-03 1.820828e-03 1.904297e-03 1.730333e-03
5.542318e+02 1.808990e-03 1.807220e-03 1.907092e-03 1.712659e-03
5.542694e+02 1.797549e-03 1.795538e-03 1.903727e-03 1.693382e-03
5.543069e+02 1.784489e-03 1.786137e-03 1.893127e-03 1.674203e-03
5.543445e+02 1.770335e-03 1.779338e-03 1.874829e-03 1.656839e-03
5.543820e+02 1.755752e-03 1.775379e-03 1.849086e-03 1.642790e-03
5.544196e+02 1.741481e-03 1.774384e-03 1.816890e-03 1.633168e-03
5.544571e+02 1.728283e-03 1.776357e-03 1.779905e-03 1.628587e-03
5.544947e+02 1.716887e-03 1.781195e-03 1.740314e-03 1.629153e-03
5.545322e+02 1.707953e-03 1.788720e-03 1.700611e-03 1.634528e-03
5.545698e+02 1.702033e-03 1.798696e-03 1.663355e-03 1.644049e-03
5.546073e+02 1.699545e-03 1.810844e-03 1.630918e-03 1.656874e-03
5.546449e+02 1.700733e-03 1.824832e-03 1.605253e-03 1.672115e-03
5.546825e+02 1.705637e-03 1.840256e-03 1.587718e-03 1.688937e-03
5.547200e+02 1.714067e-03 1.856612e-03 1.578970e-03 1.706619e-03
5.547576e+02 1.725594e-03 1.873288e-03 1.578933e-03 1.724562e-03
5.547951e+02 1.739565e-03 1.889566e-03 1.586866e-03 1.742264e-03
5.548327e+02 1.755147e-03 1.904667e-03 1.601489e-03 1.759286e-03
5.548702e+02 1.771400e-03 1.917818e-03 1.621176e-03 1.775205e-03
5.549078e+02 1.787363e-03 1.928339e-03 1.644158e-03 1.789593e-03
5.549453e+02 1.802153e-03 1.935725e-03 1.668723e-03 1.802013e-03
5.549829e+02 1.815037e-03 1.939713e-03 1.693358e-03 1.812040e-03
5.550204e+02 1.825483e-03 1.940296e-03 1.716841e-03 1.819313e-03
5.550580e+02 1.833177e-03 1.937693e-03 1.738248e-03 1.823589e-03
5.550955e+02 1.837994e-03 1.932265e-03 1.756908e-03 1.824810e-03
5.551331e+02 1.839957e-03 1.924409e-03 1.772317e-03 1.823146e-03
5.551706e+02 1.839174e-03 1.914451e-03 1.784064e-03 1.819006e-03
5.552082e+02 1.835790e-03 1.902580e-03 1.791771e-03 1.813019e-03
5.552457e+02 1.829961e-03 1.888831e-03 1.795097e-03 1.805954e-03
5.552833e+02 1.821847e-03 1.873148e-03 1.793784e-03 1.798609e-03
5.553208e+02 1.811632e-03 1.855481e-03 1.787735e-03 1.791679e-03
5.553584e+02 1.799552e-03 1.835920e-03 1.777105e-03 1.785631e-03
5.553959e+02 1.785916e-03 1.814789e-03 1.762345e-03 1.780615e-03
5.554335e+02 1.771120e-03 1.792712e-03 1.744198e-03 1.776449e-03
5.554710e+02 1.755627e-03 1.770580e-03 1.723633e-03 1.772669e-03
5.555086e+02 1.739948e-03 1.749467e-03 1.701716e-03 1.768660e-03
5.555461e+02 1.724588e-03 1.730472e-03 1.679466e-03 1.763826e-03
5.555837e+02 1.710013e-03 1.714555e-03 1.657721e-03 1.757764e-03
5.556213e+02 1.696611e-03 1.702373e-03 1.637064e-03 1.750396e-03
5.556588e+02 1.684669e-03 1.694170e-03 1.617809e-03 1.742029e-03
5.556964e+02 1.674370e-03 1.689730e-03 1.600064e-03 1.733316e-03
5.557339e+02 1.665798e-03 1.688407e-03 1.583847e-03 1.725139e-03
5.557715e+02 1.658954e-03 1.689225e-03 1.569208e-03 1.718428e-03
5.558090e+02 1.653777e-03 1.691022e-03 1.556331e-03 1.713977e-03
5.558466e+02 1.650164e-03 1.692631e-03 1.545578e-03 1.712283e-03
5.558841e+02 1.647994e-03 1.693055e-03 1.537465e-03 1.713461e-03
5.559217e+02 1.647141e-03 1.691614e-03 1.532570e-03 1.717238e-03
5.559592e+02 1.647491e-03 1.688044e-03 1.531402e-03 1.723026e-03
5.559968e+02 1.648945e-03 1.682531e-03 1.534252e-03 1.730051e-03
5.560343e+02 1.651411e-03 1.675662e-03 1.541075e-03 1.737497e-03
5.560719e+02 1.654791e-03 1.668322e-03 1.551421e-03 1.744631e-03
5.561094e+02 1.658952e-03 1.661528e-03 1.564445e-03 1.750881e-03
5.561470e+02 1.663697e-03 1.656249e-03 1.578983e-03 1.755859e-03
5.561845e+02 1.668746e-03 1.653224e-03 1.593691e-03 1.759322e-03
5.562221e+02 1.673725e-03 1.652832e-03 1.607225e-03 1.761119e-03
5.562596e+02 1.678185e-03 1.655020e-03 1.618412e-03 1.761124e-03
5.562972e+02 1.681636e-03 1.659310e-03 1.626394e-03 1.759205e-03
5.563347e+02 1.683611e-03 1.664888e-03 1.630711e-03 1.755233e-03
5.563723e+02 1.683727e-03 1.670741e-03 1.631310e-03 1.749128e-03
5.564098e+02 1.681752e-03 1.675837e-03 1.628487e-03 1.740931e-03
5.564474e+02 1.677649e-03 1.679299e-03 1.622786e-03 1.730861e-03
5.564849e+02 1.671592e-03 1.680554e-03 1.614869e-03 1.719353e-03
5.565225e+02 1.663957e-03 1.679432e-03 1.605404e-03 1.707036e-03
5.565601e+02 1.655280e-03 1.676202e-03 1.594982e-03 1.694655e-03
5.565976e+02 1.646193e-03 1.671529e-03 1.584079e-03 1.682970e-03
5.566352e+02 1.637350e-03 1.666372e-03 1.573053e-03 1.672626e-03
5.566727e+02 1.629350e-03 1.661833e-03 1.562167e-03 1.664050e-03
5.567103e+02 1.622664e-03 1.658971e-03 1.551627e-03 1.657392e-03
5.567478e+02 1.617580e-03 1.658624e-03 1.541602e-03 1.652515e-03
5.567854e+02 1.614177e-03 1.661253e-03 1.532227e-03 1.649049e-03
5.568229e+02 1.612308e-03 1.666856e-03 1.523592e-03 1.646477e-03
5.568605e+02 1.611631e-03 1.674941e-03 1.515718e-03 1.644236e-03
5.568980e+02 1.611639e-03 1.684580e-03 1.508529e-03 1.641807e-03
5.569356e+02 1.611711e-03 1.694531e-03 1.501840e-03 1.638763e-03
5.569731e+02 1.611165e-03 1.703380e-03 1.495347e-03 1.634770e-03
5.570107e+02 1.609288e-03 1.709696e-03 1.488630e-03 1.629538e-03
5.570482e+02 1.605351e-03 1.712148e-03 1.481165e-03 1.622739e-03
5.570858e+02 1.598597e-03 1.709568e-03 1.472317e-03 1.613908e-03
5.571233e+02 1.588214e-03 1.700948e-03 1.461334e-03 1.602361e-03
5.571609e+02 1.573291e-03 1.685394e-03 1.447326e-03 1.587152e-03
5.571984e+02 1.552797e-03 1.662050e-03 1.429255e-03 1.567084e-03
5.572360e+02 1.525589e-03 1.630037e-03 1.405950e-03 1.540781e-03
5.572735e+02 1.490472e-03 1.588441e-03 1.376158e-03 1.506817e-03
5.573111e+02 1.446302e-03 1.536371e-03 1.338647e-03 1.463888e-03
5.573486e+02 1.392149e-03 1.473092e-03 1.292361e-03 1.410994e-03
5.573862e+02 1.327468e-03 1.398209e-03 1.236586e-03 1.347609e-03
5.574237e+02 1.252266e-03 1.311867e-03 1.171126e-03 1.273806e-03
5.574613e+02 1.167216e-03 1.214912e-03 1.096412e-03 1.190325e-03
5.574989e+02 1.073696e-03 1.108975e-03 1.013556e-03 1.098556e-03
5.575364e+02 9.737319e-04 9.964385e-04 9.242996e-04 1.000458e-03
5.575740e+02 8.698579e-04 8.802893e-04 8.308766e-04 8.984080e-04
5.576115e+02 7.648987e-04 7.638644e-04 7.358134e-04 7.950182e-04
5.576491e+02 6.617218e-04 6.505428e-04 6.416956e-04 6.929270e-04
5.576866e+02 5.629925e-04 5.434300e-04 5.509420e-04 5.946055e-04
5.577242e+02 4.709667e-04 4.450875e-04 4.656211e-04 5.021916e-04
5.577617e+02 3.873483e-04 3.573491e-04 3.873263e-04 4.173694e-04
5.577993e+02 3.132216e-04 2.812415e-04 3.171217e-04 3.413018e-04
5.578368e+02 2.490573e-04 2.170085e-04 2.555477e-04 2.746157e-04
5.578744e+02 1.947775e-04 1.642204e-04 2.026768e-04 2.174354e-04
5.579119e+02 1.498622e-04 1.219366e-04 1.581973e-04 1.694529e-04
5.579495e+02 1.134744e-04 8.888902e-05 1.215119e-04 1.300224e-04
5.579870e+02 8.458629e-05 6.365742e-05 9.183496e-05 9.826649e-05
5.580246e+02 6.209142e-05 4.481470e-05 6.827976e-05 7.317980e-05
5.580621e+02 4.489513e-05 3.103287e-05 4.993173e-05 5.372077e-05
5.580997e+02 3.197882e-05 2.114739e-05 3.590427e-05 3.888482e-05
5.581372e+02 2.243959e-05 1.418538e-05 2.537808e-05 2.775532e-05
5.581748e+02 1.550839e-05 9.366536e-06 1.762554e-05 1.953308e-05
5.582123e+02 1.055192e-05 6.086191e-06 1.202232e-05 1.354723e-05
5.582499e+02 7.063538e-06 3.889411e-06 8.049107e-06 9.252097e-06
5.582874e+02 4.647888e-06 2.442386e-06 5.286000e-06 6.215279e-06
5.583250e+02 3.003052e-06 1.505416e-06 3.402437e-06 4.101304e-06
5.583625e+02 1.902874e-06 9.096160e-07 2.144666e-06 2.654339e-06
5.584001e+02 1.180920e-06 5.380536e-07 1.322593e-06 1.682113e-06
5.584377e+02 7.168020e-07 3.111392e-07 7.971799e-07 1.042087e-06
5.584752e+02 4.249664e-07 1.756533e-07 4.691416e-07 6.301045e-07
5.585128e+02 2.457630e-07 9.668841e-08 2.692908e-07 3.713097e-07
5.585503e+02 1.384679e-07 5.183226e-08 1.506158e-07 2.129556e-07
5.585879e+02 7.592060e-08 2.703158e-08 8.200292e-08 1.187273e-07
5.586254e+02 4.046738e-08 1.370199e-08 4.342142e-08 6.427874e-08
5.586630e+02 2.094995e-08 6.745046e-09 2.234176e-08 3.376306e-08
5.587005e+02 1.052570e-08 3.222256e-09 1.116210e-08 1.719274e-08
5.587381e+02 5.128521e-09 1.492800e-09 5.410906e-09 8.481857e-09
5.587756e+02 2.421678e-09 6.702056e-10 2.543310e-09 4.051520e-09
5.588132e+02 1.107724e-09 2.916974e-10 1.158565e-09 1.872909e-09
5.588507e+02 4.907089e-10 1.229691e-10 5.113106e-10 8.378470e-10
5.588883e+02 2.102360e-10 5.018062e-11 2.182806e-10 3.622467e-10
5.589258e+02 8.710612e-11 1.973004e-11 9.017962e-11 1.514087e-10
5.589634e+02 3.488651e-11 7.520160e-12 3.600407e-11 6.113531e-11
5.590009e+02 1.349429e-11 2.766545e-12 1.387260e-11 2.384372e-11
5.590385e+02 5.036865e-12 9.925952e-13 5.154689e-12 8.963310e-12
5.590760e+02 1.818915e-12 3.361195e-13 1.844141e-12 3.276484e-12
5.591136e+02 6.384500e-13 1.123290e-13 6.467543e-13 1.156267e-12
5.591511e+02 1.973493e-13 1.666740e-14 2.030620e-13 3.723185e-13
5.591887e+02 6.008820e-14 4.163981e-15 5.624948e-14 1.198512e-13
5.592262e+02 0.000000e+00 0.000000e+00 0.000000e+00 0.000000e+00
5.592638e+02 0.000000e+00 0.000000e+00 0.000000e+00 0.000000e+00
5.593013e+02 0.000000e+00 0.000000e+00 0.000000e+00 0.000000e+00
5.593389e+02 0.000000e+00 0.000000e+00 0.000000e+00 0.000000e+00
5.593765e+02 0.000000e+00 0.000000e+00 0.000000e+00 0.000000e+00
5.594140e+02 0.000000e+00 0.000000e+00 0.000000e+00 0.000000e+00
5.594516e+02 0.000000e+00 0.000000e+00 0.000000e+00 0.000000e+00
5.594891e+02 0.000000e+00 0.000000e+00 0.000000e+00 0.000000e+00
5.595267e+02 0.000000e+00 0.000000e+00 0.000000e+00 0.000000e+00
5.595642e+02 0.000000e+00 0.000000e+00 0.000000e+00 0.000000e+00
5.596018e+02 0.000000e+00 0.000000e+00 0.000000e+00 0.000000e+00
5.596393e+02 0.000000e+00 0.000000e+00 0.000000e+00 0.000000e+00
5.596769e+02 0.000000e+00 0.000000e+00 0.000000e+00 0.000000e+00
5.597144e+02 0.000000e+00 0.000000e+00 0.000000e+00 0.000000e+00
5.597520e+02 0.000000e+00 0.000000e+00 0.000000e+00 0.000000e+00
5.597895e+02 0.000000e+00 0.000000e+00 0.000000e+00 0.000000e+00
5.598271e+02 0.000000e+00 0.000000e+00 0.000000e+00 0.000000e+00
5.598646e+02 0.000000e+00 0.000000e+00 0.000000e+00 0.000000e+00
5.599022e+02 0.000000e+00 0.000000e+00 0.000000e+00 0.000000e+00
5.599397e+02 0.000000e+00 0.000000e+00 0.000000e+00 0.000000e+00
5.599773e+02 0.000000e+00 0.000000e+00 0.000000e+00 0.000000e+00
5.600148e+02 0.000000e+00 0.000000e+00 0.000000e+00 0.000000e+00
5.600524e+02 0.000000e+00 0.000000e+00 0.000000e+00 0.000000e+00
5.600899e+02 0.000000e+00 0.000000e+00 0.000000e+00 0.000000e+00
5.601275e+02 0.000000e+00 0.000000e+00 0.000000e+00 0.000000e+00
5.601650e+02 0.000000e+00 0.000000e+00 0.000000e+00 0.000000e+00
5.602026e+02 0.000000e+00 0.000000e+00 0.000000e+00 0.000000e+00
5.602401e+02 0.000000e+00 0.000000e+00 0.000000e+00 0.000000e+00
5.602777e+02 0.000000e+00 0.000000e+00 0.000000e+00 0.000000e+00
5.603153e+02 0.000000e+00 0.000000e+00 0.000000e+00 0.000000e+00
5.603528e+02 0.000000e+00 0.000000e+00 0.000000e+00 0.000000e+00
5.603904e+02 0.000000e+00 0.000000e+00 0.000000e+00 0.000000e+00
5.604279e+02 0.000000e+00 0.000000e+00 0.000000e+00 0.000000e+00
5.604655e+02 0.000000e+00 0.000000e+00 0.000000e+00 0.000000e+00
5.605030e+02 0.000000e+00 0.000000e+00 0.000000e+00 0.000000e+00
5.605406e+02 0.000000e+00 0.000000e+00 0.000000e+00 0.000000e+00
5.605781e+02 0.000000e+00 0.000000e+00 0.000000e+00 0.000000e+00
5.606157e+02 0.000000e+00 0.000000e+00 0.000000e+00 0.000000e+00
5.606532e+02 0.000000e+00 0.000000e+00 0.000000e+00 0.000000e+00
5.606908e+02 0.000000e+00 0.000000e+00 0.000000e+00 0.000000e+00
5.607283e+02 0.000000e+00 0.000000e+00 0.000000e+00 0.000000e+00
5.607659e+02 0.000000e+00 0.000000e+00 0.000000e+00 0.000000e+00
5.608034e+02 0.000000e+00 0.000000e+00 0.000000e+00 0.000000e+00
5.608410e+02 0.000000e+00 0.000000e+00 0.000000e+00 0.000000e+00
5.608785e+02 0.000000e+00 0.000000e+00 0.000000e+00 0.000000e+00
5.609161e+02 0.000000e+00 0.000000e+00 0.000000e+00 0.000000e+00
5.609536e+02 0.000000e+00 0.000000e+00 0.000000e+00 0.000000e+00
5.609912e+02 0.000000e+00 0.000000e+00 0.000000e+00 0.000000e+00
5.610287e+02 0.000000e+00 0.000000e+00 0.000000e+00 0.000000e+00
5.610663e+02 0.000000e+00 0.000000e+00 0.000000e+00 0.000000e+00
5.611038e+02 0.000000e+00 0.000000e+00 0.000000e+00 0.000000e+00
5.611414e+02 0.000000e+00 0.000000e+00 0.000000e+00 0.000000e+00
5.611789e+02 0.000000e+00 0.000000e+00 0.000000e+00 0.000000e+00
5.612165e+02 0.000000e+00 0.000000e+00 0.000000e+00 0.000000e+00
5.612541e+02 0.000000e+00 0.000000e+00 0.000000e+00 0.000000e+00
5.612916e+02 0.000000e+00 0.000000e+00 0.000000e+00 0.000000e+00
5.613292e+02 0.000000e+00 0.000000e+00 0.000000e+00 0.000000e+00
5.613667e+02 0.000000e+00 0.000000e+00 0.000000e+00 0.000000e+00
5.614043e+02 0.000000e+00 0.000000e+00 0.000000e+00 0.000000e+00
5.614418e+02 0.000000e+00 0.000000e+00 0.000000e+00 0.000000e+00
5.614794e+02 0.000000e+00 0.000000e+00 0.000000e+00 0.000000e+00
5.615169e+02 0.000000e+00 0.000000e+00 0.000000e+00 0.000000e+00
5.615545e+02 0.000000e+00 0.000000e+00 0.000000e+00 0.000000e+00
5.615920e+02 0.000000e+00 0.000000e+00 0.000000e+00 0.000000e+00
5.616296e+02 0.000000e+00 0.000000e+00 0.000000e+00 0.000000e+00
5.616671e+02 0.000000e+00 0.000000e+00 0.000000e+00 0.000000e+00
5.617047e+02 0.000000e+00 0.000000e+00 0.000000e+00 0.000000e+00
5.617422e+02 0.000000e+00 0.000000e+00 0.000000e+00 0.000000e+00
5.617798e+02 0.000000e+00 0.000000e+00 0.000000e+00 0.000000e+00
5.618173e+02 0.000000e+00 0.000000e+00 0.000000e+00 0.000000e+00
5.618549e+02 0.000000e+00 0.000000e+00 0.000000e+00 0.000000e+00
5.618924e+02 0.000000e+00 0.000000e+00 0.000000e+00 0.000000e+00
5.619300e+02 0.000000e+00 0.000000e+00 0.000000e+00 0.000000e+00
5.619675e+02 0.000000e+00 0.000000e+00 0.000000e+00 0.000000e+00
5.620051e+02 0.000000e+00 0.000000e+00 0.000000e+00 0.000000e+00
5.620426e+02 0.000000e+00 0.000000e+00 0.000000e+00 0.000000e+00
5.620802e+02 0.000000e+00 0.000000e+00 0.000000e+00 0.000000e+00
5.621177e+02 0.000000e+00 0.000000e+00 0.000000e+00 0.000000e+00
5.621553e+02 0.000000e+00 0.000000e+00 0.000000e+00 0.000000e+00
5.621929e+02 0.000000e+00 0.000000e+00 0.000000e+00 0.000000e+00
5.622304e+02 0.000000e+00 0.000000e+00 0.000000e+00 0.000000e+00
5.622680e+02 0.000000e+00 0.000000e+00 0.000000e+00 0.000000e+00
5.623055e+02 0.000000e+00 0.000000e+00 0.000000e+00 0.000000e+00
5.623431e+02 0.000000e+00 0.000000e+00 0.000000e+00 0.000000e+00
5.623806e+02 0.000000e+00 0.000000e+00 0.000000e+00 0.000000e+00
5.624182e+02 0.000000e+00 0.000000e+00 0.000000e+00 0.000000e+00
5.624557e+02 0.000000e+00 0.000000e+00 0.000000e+00 0.000000e+00
5.624933e+02 0.000000e+00 0.000000e+00 0.000000e+00 0.000000e+00
5.625308e+02 0.000000e+00 0.000000e+00 0.000000e+00 0.000000e+00
5.625684e+02 0.000000e+00 0.000000e+00 0.000000e+00 0.000000e+00
5.626059e+02 0.000000e+00 0.000000e+00 0.000000e+00 0.000000e+00
5.626435e+02 0.000000e+00 0.000000e+00 0.000000e+00 0.000000e+00
5.626810e+02 0.000000e+00 0.000000e+00 0.000000e+00 0.000000e+00
5.627186e+02 0.000000e+00 0.000000e+00 0.000000e+00 0.000000e+00
5.627561e+02 0.000000e+00 0.000000e+00 0.000000e+00 0.000000e+00
5.627937e+02 0.000000e+00 0.000000e+00 0.000000e+00 0.000000e+00
5.628312e+02 0.000000e+00 0.000000e+00 0.000000e+00 0.000000e+00
5.628688e+02 0.000000e+00 0.000000e+00 0.000000e+00 0.000000e+00
5.629063e+02 0.000000e+00 0.000000e+00 0.000000e+00 0.000000e+00
5.629439e+02 0.000000e+00 0.000000e+00 0.000000e+00 0.000000e+00
5.629814e+02 0.000000e+00 0.000000e+00 0.000000e+00 0.000000e+00
5.630190e+02 0.000000e+00 0.000000e+00 0.000000e+00 0.000000e+00
5.630565e+02 0.000000e+00 0.000000e+00 0.000000e+00 0.000000e+00
5.630941e+02 0.000000e+00 0.000000e+00 0.000000e+00 0.000000e+00
5.631317e+02 0.000000e+00 0.000000e+00 0.000000e+00 0.000000e+00
5.631692e+02 0.000000e+00 0.000000e+00 0.000000e+00 0.000000e+00
5.632068e+02 0.000000e+00 0.000000e+00 0.000000e+00 0.000000e+00
5.632443e+02 0.000000e+00 0.000000e+00 0.000000e+00 0.000000e+00
5.632819e+02 0.000000e+00 0.000000e+00 0.000000e+00 0.000000e+00
5.633194e+02 0.000000e+00 0.000000e+00 0.000000e+00 0.000000e+00
5.633570e+02 0.000000e+00 0.000000e+00 0.000000e+00 0.000000e+00
5.633945e+02 0.000000e+00 0.000000e+00 0.000000e+00 0.000000e+00
5.634321e+02 0.000000e+00 0.000000e+00 0.000000e+00 0.000000e+00
5.634696e+02 0.000000e+00 0.000000e+00 0.000000e+00 0.000000e+00
5.635072e+02 0.000000e+00 0.000000e+00 0.000000e+00 0.000000e+00
5.635447e+02 0.000000e+00 0.000000e+00 0.000000e+00 0.000000e+00
5.635823e+02 0.000000e+00 0.000000e+00 0.000000e+00 0.000000e+00
5.636198e+02 0.000000e+00 0.000000e+00 0.000000e+00 0.000000e+00
5.636574e+02 0.000000e+00 0.000000e+00 0.000000e+00 0.000000e+00
5.636949e+02 0.000000e+00 0.000000e+00 0.000000e+00 0.000000e+00
5.637325e+02 0.000000e+00 0.000000e+00 0.000000e+00 0.000000e+00
5.637700e+02 0.000000e+00 0.000000e+00 0.000000e+00 0.000000e+00
5.638076e+02 0.000000e+00 0.000000e+00 0.000000e+00 0.000000e+00
5.638451e+02 0.000000e+00 0.000000e+00 0.000000e+00 0.000000e+00
5.638827e+02 0.000000e+00 0.000000e+00 0.000000e+00 0.000000e+00
5.639202e+02 0.000000e+00 0.000000e+00 0.000000e+00 0.000000e+00
5.639578e+02 0.000000e+00 0.000000e+00 0.000000e+00 0.000000e+00
5.639953e+02 0.000000e+00 0.000000e+00 0.000000e+00 0.000000e+00
5.640329e+02 0.000000e+00 0.000000e+00 0.000000e+00 0.000000e+00
5.640705e+02 0.000000e+00 0.000000e+00 0.000000e+00 0.000000e+00
5.641080e+02 0.000000e+00 0.000000e+00 0.000000e+00 0.000000e+00
5.641456e+02 0.000000e+00 0.000000e+00 0.000000e+00 0.000000e+00
5.641831e+02 0.000000e+00 0.000000e+00 0.000000e+00 0.000000e+00
5.642207e+02 0.000000e+00 0.000000e+00 0.000000e+00 0.000000e+00
5.642582e+02 0.000000e+00 0.000000e+00 0.000000e+00 0.000000e+00
5.642958e+02 0.000000e+00 0.000000e+00 0.000000e+00 0.000000e+00
5.643333e+02 0.000000e+00 0.000000e+00 0.000000e+00 0.000000e+00
5.643709e+02 0.000000e+00 0.000000e+00 0.000000e+00 0.000000e+00
5.644084e+02 0.000000e+00 0.000000e+00 0.000000e+00 0.000000e+00
5.644460e+02 0.000000e+00 0.000000e+00 0.000000e+00 0.000000e+00
5.644835e+02 0.000000e+00 0.000000e+00 0.000000e+00 0.000000e+00
5.645211e+02 0.000000e+00 0.000000e+00 0.000000e+00 0.000000e+00
5.645586e+02 0.000000e+00 0.000000e+00 0.000000e+00 0.000000e+00
5.645962e+02 0.000000e+00 0.000000e+00 0.000000e+00 0.000000e+00
5.646337e+02 0.000000e+00 0.000000e+00 0.000000e+00 0.000000e+00
5.646713e+02 0.000000e+00 0.000000e+00 0.000000e+00 0.000000e+00
5.647088e+02 0.000000e+00 0.000000e+00 0.000000e+00 0.000000e+00
5.647464e+02 0.000000e+00 0.000000e+00 0.000000e+00 0.000000e+00
5.647839e+02 0.000000e+00 0.000000e+00 0.000000e+00 0.000000e+00
5.648215e+02 0.000000e+00 0.000000e+00 0.000000e+00 0.000000e+00
5.648590e+02 0.000000e+00 0.000000e+00 0.000000e+00 0.000000e+00
5.648966e+02 0.000000e+00 0.000000e+00 0.000000e+00 0.000000e+00
5.649341e+02 0.000000e+00 0.000000e+00 0.000000e+00 0.000000e+00
5.649717e+02 0.000000e+00 0.000000e+00 0.000000e+00 0.000000e+00
5.650093e+02 0.000000e+00 0.000000e+00 0.000000e+00 0.000000e+00
5.650468e+02 0.000000e+00 0.000000e+00 0.000000e+00 0.000000e+00
5.650844e+02 0.000000e+00 0.000000e+00 0.000000e+00 0.000000e+00
5.651219e+02 0.000000e+00 0.000000e+00 0.000000e+00 0.000000e+00
5.651595e+02 0.000000e+00 0.000000e+00 0.000000e+00 0.000000e+00
5.651970e+02 0.000000e+00 0.000000e+00 0.000000e+00 0.000000e+00
5.652346e+02 0.000000e+00 0.000000e+00 0.000000e+00 0.000000e+00
5.652721e+02 0.000000e+00 0.000000e+00 0.000000e+00 0.000000e+00
5.653097e+02 0.000000e+00 0.000000e+00 0.000000e+00 0.000000e+00
5.653472e+02 0.000000e+00 0.000000e+00 0.000000e+00 0.000000e+00
5.653848e+02 0.000000e+00 0.000000e+00 0.000000e+00 0.000000e+00
5.654223e+02 0.000000e+00 0.000000e+00 0.000000e+00 0.000000e+00
5.654599e+02 0.000000e+00 0.000000e+00 0.000000e+00 0.000000e+00
5.654974e+02 0.000000e+00 0.000000e+00 0.000000e+00 0.000000e+00
5.655350e+02 0.000000e+00 0.000000e+00 0.000000e+00 0.000000e+00
5.655725e+02 0.000000e+00 0.000000e+00 0.000000e+00 0.000000e+00
5.656101e+02 0.000000e+00 0.000000e+00 0.000000e+00 0.000000e+00
5.656476e+02 0.000000e+00 0.000000e+00 0.000000e+00 0.000000e+00
5.656852e+02 0.000000e+00 0.000000e+00 0.000000e+00 0.000000e+00
5.657227e+02 0.000000e+00 0.000000e+00 0.000000e+00 0.000000e+00
5.657603e+02 0.000000e+00 0.000000e+00 0.000000e+00 0.000000e+00
5.657978e+02 0.000000e+00 0.000000e+00 0.000000e+00 0.000000e+00
5.658354e+02 0.000000e+00 0.000000e+00 0.000000e+00 0.000000e+00
5.658729e+02 0.000000e+00 0.000000e+00 0.000000e+00 0.000000e+00
5.659105e+02 0.000000e+00 0.000000e+00 0.000000e+00 0.000000e+00
5.659481e+02 0.000000e+00 0.000000e+00 0.000000e+00 0.000000e+00
5.659856e+02 0.000000e+00 0.000000e+00 0.000000e+00 0.000000e+00
5.660232e+02 0.000000e+00 0.000000e+00 0.000000e+00 0.000000e+00
5.660607e+02 0.000000e+00 0.000000e+00 0.000000e+00 0.000000e+00
5.660983e+02 0.000000e+00 0.000000e+00 0.000000e+00 0.000000e+00
5.661358e+02 0.000000e+00 0.000000e+00 0.000000e+00 0.000000e+00
5.661734e+02 0.000000e+00 0.000000e+00 0.000000e+00 0.000000e+00
5.662109e+02 0.000000e+00 0.000000e+00 0.000000e+00 0.000000e+00
5.662485e+02 0.000000e+00 0.000000e+00 0.000000e+00 0.000000e+00
5.662860e+02 0.000000e+00 0.000000e+00 0.000000e+00 0.000000e+00
5.663236e+02 0.000000e+00 0.000000e+00 0.000000e+00 0.000000e+00
5.663611e+02 0.000000e+00 0.000000e+00 0.000000e+00 0.000000e+00
5.663987e+02 0.000000e+00 0.000000e+00 0.000000e+00 0.000000e+00
5.664362e+02 0.000000e+00 0.000000e+00 0.000000e+00 0.000000e+00
5.664738e+02 0.000000e+00 0.000000e+00 0.000000e+00 0.000000e+00
5.665113e+02 0.000000e+00 0.000000e+00 0.000000e+00 0.000000e+00
5.665489e+02 0.000000e+00 0.000000e+00 0.000000e+00 0.000000e+00
5.665864e+02 0.000000e+00 0.000000e+00 0.000000e+00 0.000000e+00
5.666240e+02 0.000000e+00 0.000000e+00 0.000000e+00 0.000000e+00
5.666615e+02 0.000000e+00 0.000000e+00 0.000000e+00 0.000000e+00
5.666991e+02 0.000000e+00 0.000000e+00 0.000000e+00 0.000000e+00
5.667366e+02 0.000000e+00 0.000000e+00 0.000000e+00 0.000000e+00
5.667742e+02 0.000000e+00 0.000000e+00 0.000000e+00 0.000000e+00
5.668117e+02 0.000000e+00 0.000000e+00 0.000000e+00 0.000000e+00
5.668493e+02 0.000000e+00 0.000000e+00 0.000000e+00 0.000000e+00
5.668869e+02 0.000000e+00 0.000000e+00 0.000000e+00 0.000000e+00
5.669244e+02 0.000000e+00 0.000000e+00 0.000000e+00 0.000000e+00
5.669620e+02 0.000000e+00 0.000000e+00 0.000000e+00 0.000000e+00
5.669995e+02 0.000000e+00 0.000000e+00 0.000000e+00 0.000000e+00
5.670371e+02 0.000000e+00 0.000000e+00 0.000000e+00 0.000000e+00
