-5.031967999999999996e+00 0.000000000000000000e+00
-4.994453481037924192e+00 0.000000000000000000e+00
-4.956938962075848387e+00 0.000000000000000000e+00
-4.919424443113772583e+00 0.000000000000000000e+00
-4.881909924151696778e+00 0.000000000000000000e+00
-4.844395405189620973e+00 0.000000000000000000e+00
-4.806880886227545169e+00 0.000000000000000000e+00
-4.769366367265469364e+00 0.000000000000000000e+00
-4.731851848303393560e+00 0.000000000000000000e+00
-4.694337329341317755e+00 0.000000000000000000e+00
-4.656822810379241062e+00 0.000000000000000000e+00
-4.619308291417166146e+00 0.000000000000000000e+00
-4.581793772455089453e+00 0.000000000000000000e+00
-4.544279253493013648e+00 0.000000000000000000e+00
-4.506764734530937844e+00 0.000000000000000000e+00
-4.469250215568862039e+00 0.000000000000000000e+00
-4.431735696606786234e+00 0.000000000000000000e+00
-4.394221177644710430e+00 0.000000000000000000e+00
-4.356706658682634625e+00 0.000000000000000000e+00
-4.319192139720558821e+00 0.000000000000000000e+00
-4.281677620758483016e+00 0.000000000000000000e+00
-4.244163101796407211e+00 0.000000000000000000e+00
-4.206648582834331407e+00 0.000000000000000000e+00
-4.169134063872255602e+00 0.000000000000000000e+00
-4.131619544910179798e+00 0.000000000000000000e+00
-4.094105025948103993e+00 0.000000000000000000e+00
-4.056590506986028188e+00 0.000000000000000000e+00
-4.019075988023952384e+00 0.000000000000000000e+00
-3.981561469061876579e+00 0.000000000000000000e+00
-3.944046950099800775e+00 0.000000000000000000e+00
-3.906532431137724526e+00 0.000000000000000000e+00
-3.869017912175648721e+00 0.000000000000000000e+00
-3.831503393213572917e+00 0.000000000000000000e+00
-3.793988874251497112e+00 0.000000000000000000e+00
-3.756474355289421307e+00 0.000000000000000000e+00
-3.718959836327345059e+00 0.000000000000000000e+00
-3.681445317365269254e+00 0.000000000000000000e+00
-3.643930798403193450e+00 0.000000000000000000e+00
-3.606416279441117645e+00 0.000000000000000000e+00
-3.568901760479041840e+00 0.000000000000000000e+00
-3.531387241516966036e+00 0.000000000000000000e+00
-3.493872722554890231e+00 0.000000000000000000e+00
-3.456358203592814426e+00 0.000000000000000000e+00
-3.418843684630738622e+00 0.000000000000000000e+00
-3.381329165668662817e+00 0.000000000000000000e+00
-3.343814646706587013e+00 0.000000000000000000e+00
-3.306300127744511208e+00 0.000000000000000000e+00
-3.268785608782435403e+00 0.000000000000000000e+00
-3.231271089820359599e+00 0.000000000000000000e+00
-3.193756570858283794e+00 0.000000000000000000e+00
-3.156242051896207990e+00 0.000000000000000000e+00
-3.118727532934131741e+00 0.000000000000000000e+00
-3.081213013972055936e+00 0.000000000000000000e+00
-3.043698495009980132e+00 0.000000000000000000e+00
-3.006183976047904327e+00 0.000000000000000000e+00
-2.968669457085828522e+00 0.000000000000000000e+00
-2.931154938123752718e+00 0.000000000000000000e+00
-2.893640419161676913e+00 0.000000000000000000e+00
-2.856125900199601109e+00 0.000000000000000000e+00
-2.818611381237524860e+00 0.000000000000000000e+00
-2.781096862275449055e+00 0.000000000000000000e+00
-2.743582343313373251e+00 0.000000000000000000e+00
-2.706067824351297446e+00 0.000000000000000000e+00
-2.668553305389221642e+00 0.000000000000000000e+00
-2.631038786427145837e+00 0.000000000000000000e+00
-2.593524267465070032e+00 0.000000000000000000e+00
-2.556009748502994228e+00 0.000000000000000000e+00
-2.518495229540918423e+00 0.000000000000000000e+00
-2.480980710578842618e+00 0.000000000000000000e+00
-2.443466191616766814e+00 0.000000000000000000e+00
-2.405951672654690565e+00 0.000000000000000000e+00
-2.368437153692614761e+00 0.000000000000000000e+00
-2.330922634730538956e+00 0.000000000000000000e+00
-2.293408115768463151e+00 0.000000000000000000e+00
-2.255893596806387347e+00 0.000000000000000000e+00
-2.218379077844311542e+00 0.000000000000000000e+00
-2.180864558882235738e+00 0.000000000000000000e+00
-2.143350039920159933e+00 0.000000000000000000e+00
-2.105835520958084128e+00 0.000000000000000000e+00
-2.068321001996008324e+00 0.000000000000000000e+00
-2.030806483033932075e+00 0.000000000000000000e+00
-1.993291964071856270e+00 0.000000000000000000e+00
-1.955777445109780466e+00 0.000000000000000000e+00
-1.918262926147704661e+00 0.000000000000000000e+00
-1.880748407185628857e+00 0.000000000000000000e+00
-1.843233888223553052e+00 0.000000000000000000e+00
-1.805719369261477247e+00 0.000000000000000000e+00
-1.768204850299401443e+00 0.000000000000000000e+00
-1.730690331337325638e+00 0.000000000000000000e+00
-1.693175812375249834e+00 0.000000000000000000e+00
-1.655661293413174029e+00 0.000000000000000000e+00
-1.618146774451097780e+00 0.000000000000000000e+00
-1.580632255489021976e+00 0.000000000000000000e+00
-1.543117736526946171e+00 0.000000000000000000e+00
-1.505603217564870366e+00 0.000000000000000000e+00
-1.468088698602794562e+00 0.000000000000000000e+00
-1.430574179640718757e+00 0.000000000000000000e+00
-1.393059660678642953e+00 0.000000000000000000e+00
-1.355545141716567148e+00 0.000000000000000000e+00
-1.318030622754491343e+00 0.000000000000000000e+00
-1.280516103792415539e+00 0.000000000000000000e+00
-1.243001584830339734e+00 0.000000000000000000e+00
-1.205487065868263485e+00 4.542503844190195603e-08
-1.167972546906187681e+00 1.429501284682275650e-07
-1.130458027944111876e+00 4.191949059415886004e-07
-1.092943508982036072e+00 1.186775109178422656e-06
-1.055428990019960267e+00 3.243718243809129669e-06
-1.017914471057884462e+00 8.559364050437372646e-06
-9.803999520958086578e-01 2.180543898325728214e-05
-9.428854331337328532e-01 5.363082373692932094e-05
-9.053709141716570485e-01 1.273479546445289946e-04
-8.678563952095812439e-01 2.919435164555670261e-04
-8.303418762475054393e-01 6.461548710237765636e-04
-7.928273572854296347e-01 1.380723732922140012e-03
-7.553128383233538301e-01 2.848468551609372162e-03
-7.177983193612780255e-01 5.673509017292489680e-03
-6.802838003992022209e-01 1.091012361950397316e-02
-6.427692814371264163e-01 2.025569663679120669e-02
-6.052547624750497235e-01 3.630830872505955847e-02
-5.677402435129739189e-01 6.283593798972793298e-02
-5.302257245508981143e-01 1.049918007573052425e-01
-4.927112055888223097e-01 1.693752600103213546e-01
-4.551966866267465051e-01 2.638115454387773839e-01
-4.176821676646707004e-01 3.967247250884361476e-01
-3.801676487025948958e-01 5.760210945420404238e-01
-3.426531297405190912e-01 8.075017459168254419e-01
-3.051386107784432866e-01 1.092966469465892265e+00
-2.676240918163674820e-01 1.428337147681467023e+00
-2.301095728542916774e-01 1.802261353810484579e+00
-1.925950538922158728e-01 2.195686256702559014e+00
-1.550805349301400682e-01 2.582799665169444481e+00
-1.175660159680642636e-01 2.933471879441900576e+00
-8.005149700598845897e-02 3.216964310607371758e+00
-4.253697804391265436e-02 3.406328451885585196e+00
-5.022459081836849748e-03 3.482614016395414680e+00
3.249205988023895486e-02 3.437997860347903334e+00
7.000657884231475947e-02 3.277102019124514598e+00
1.075210978043905641e-01 3.016208798839320249e+00
1.450356167664663687e-01 2.680541901809298189e+00
1.825501357285430615e-01 2.300258961857280848e+00
2.200646546906188661e-01 1.906015907454582603e+00
2.575791736526946707e-01 1.525017868068134330e+00
2.950936926147704753e-01 1.178216527789223367e+00
3.326082115768462799e-01 8.789818124315654790e-01
3.701227305389220845e-01 6.332021107038166008e-01
4.076372495009978891e-01 4.404691995274528926e-01
4.451517684630736937e-01 2.958710133096617012e-01
4.826662874251494983e-01 1.919137862336048883e-01
5.201808063872253030e-01 1.202069642022520479e-01
5.576953253493011076e-01 7.270694030967975174e-02
5.952098443113769122e-01 4.246663501294838106e-02
6.327243632734527168e-01 2.395237226708507236e-02
6.702388822355285214e-01 1.304610415562154277e-02
7.077534011976043260e-01 6.861953596688668590e-03
7.452679201596801306e-01 3.485395698582214284e-03
7.827824391217559352e-01 1.709607372811811944e-03
8.202969580838317398e-01 8.098111076473080757e-04
8.578114770459075444e-01 3.704389209755990669e-04
8.953259960079833490e-01 1.636430635136981986e-04
9.328405149700591537e-01 6.981186555927225922e-05
9.703550339321358464e-01 2.876166189991968827e-05
1.007869552894211651e+00 1.144337295088476479e-05
1.045384071856287456e+00 4.396951811487258456e-06
1.082898590818363260e+00 1.631582879802919912e-06
1.120413109780439065e+00 5.846935723308403393e-07
1.157927628742514869e+00 2.023536723042102564e-07
1.195442147704590674e+00 6.763309450751726475e-08
1.232956666666666479e+00 8.429867845121803361e-09
1.270471185628742283e+00 0.000000000000000000e+00
1.307985704590818088e+00 0.000000000000000000e+00
1.345500223552893893e+00 0.000000000000000000e+00
1.383014742514969697e+00 0.000000000000000000e+00
1.420529261477045502e+00 0.000000000000000000e+00
1.458043780439121306e+00 0.000000000000000000e+00
1.495558299401197111e+00 0.000000000000000000e+00
1.533072818363272916e+00 0.000000000000000000e+00
1.570587337325348720e+00 0.000000000000000000e+00
1.608101856287424525e+00 0.000000000000000000e+00
1.645616375249500329e+00 0.000000000000000000e+00
1.683130894211576134e+00 0.000000000000000000e+00
1.720645413173651939e+00 0.000000000000000000e+00
1.758159932135727743e+00 0.000000000000000000e+00
1.795674451097804436e+00 0.000000000000000000e+00
1.833188970059880241e+00 0.000000000000000000e+00
1.870703489021956045e+00 0.000000000000000000e+00
1.908218007984031850e+00 0.000000000000000000e+00
1.945732526946107654e+00 0.000000000000000000e+00
1.983247045908183459e+00 0.000000000000000000e+00
2.020761564870259264e+00 0.000000000000000000e+00
2.058276083832335068e+00 0.000000000000000000e+00
2.095790602794410873e+00 0.000000000000000000e+00
2.133305121756486677e+00 0.000000000000000000e+00
2.170819640718562482e+00 0.000000000000000000e+00
2.208334159680638287e+00 0.000000000000000000e+00
2.245848678642714091e+00 0.000000000000000000e+00
2.283363197604789896e+00 0.000000000000000000e+00
2.320877716566865701e+00 0.000000000000000000e+00
2.358392235528941505e+00 0.000000000000000000e+00
2.395906754491017310e+00 0.000000000000000000e+00
2.433421273453093114e+00 0.000000000000000000e+00
2.470935792415168919e+00 0.000000000000000000e+00
2.508450311377244724e+00 0.000000000000000000e+00
2.545964830339320528e+00 0.000000000000000000e+00
2.583479349301397221e+00 0.000000000000000000e+00
2.620993868263473026e+00 0.000000000000000000e+00
2.658508387225548830e+00 0.000000000000000000e+00
2.696022906187624635e+00 0.000000000000000000e+00
2.733537425149700439e+00 0.000000000000000000e+00
2.771051944111776244e+00 0.000000000000000000e+00
2.808566463073852049e+00 0.000000000000000000e+00
2.846080982035927853e+00 0.000000000000000000e+00
2.883595500998003658e+00 0.000000000000000000e+00
2.921110019960079462e+00 0.000000000000000000e+00
2.958624538922155267e+00 0.000000000000000000e+00
2.996139057884231072e+00 0.000000000000000000e+00
3.033653576846307764e+00 0.000000000000000000e+00
3.071168095808382681e+00 0.000000000000000000e+00
3.108682614770459374e+00 0.000000000000000000e+00
3.146197133732534290e+00 0.000000000000000000e+00
3.183711652694610983e+00 0.000000000000000000e+00
3.221226171656685899e+00 0.000000000000000000e+00
3.258740690618762592e+00 0.000000000000000000e+00
3.296255209580837509e+00 0.000000000000000000e+00
3.333769728542914201e+00 0.000000000000000000e+00
3.371284247504989118e+00 0.000000000000000000e+00
3.408798766467065811e+00 0.000000000000000000e+00
3.446313285429140727e+00 0.000000000000000000e+00
3.483827804391217420e+00 0.000000000000000000e+00
3.521342323353292336e+00 0.000000000000000000e+00
3.558856842315369029e+00 0.000000000000000000e+00
3.596371361277443945e+00 0.000000000000000000e+00
3.633885880239520638e+00 0.000000000000000000e+00
3.671400399201595555e+00 0.000000000000000000e+00
3.708914918163672247e+00 0.000000000000000000e+00
3.746429437125747164e+00 0.000000000000000000e+00
3.783943956087823857e+00 0.000000000000000000e+00
3.821458475049900549e+00 0.000000000000000000e+00
3.858972994011975466e+00 0.000000000000000000e+00
3.896487512974052159e+00 0.000000000000000000e+00
3.934002031936127075e+00 0.000000000000000000e+00
3.971516550898203768e+00 0.000000000000000000e+00
4.009031069860278684e+00 0.000000000000000000e+00
4.046545588822355377e+00 0.000000000000000000e+00
4.084060107784430294e+00 0.000000000000000000e+00
4.121574626746506986e+00 0.000000000000000000e+00
4.159089145708581903e+00 0.000000000000000000e+00
4.196603664670658596e+00 0.000000000000000000e+00
4.234118183632733512e+00 0.000000000000000000e+00
4.271632702594810205e+00 0.000000000000000000e+00
4.309147221556885121e+00 0.000000000000000000e+00
4.346661740518961814e+00 0.000000000000000000e+00
4.384176259481036730e+00 0.000000000000000000e+00
4.421690778443113423e+00 0.000000000000000000e+00
4.459205297405188340e+00 0.000000000000000000e+00
4.496719816367265032e+00 0.000000000000000000e+00
4.534234335329339949e+00 0.000000000000000000e+00
4.571748854291416642e+00 0.000000000000000000e+00
4.609263373253493334e+00 0.000000000000000000e+00
4.646777892215568251e+00 0.000000000000000000e+00
4.684292411177644944e+00 0.000000000000000000e+00
4.721806930139719860e+00 0.000000000000000000e+00
4.759321449101796553e+00 0.000000000000000000e+00
4.796835968063871469e+00 0.000000000000000000e+00
4.834350487025948162e+00 0.000000000000000000e+00
4.871865005988023078e+00 0.000000000000000000e+00
4.909379524950099771e+00 0.000000000000000000e+00
4.946894043912174688e+00 0.000000000000000000e+00
4.984408562874251380e+00 0.000000000000000000e+00
5.021923081836326297e+00 0.000000000000000000e+00
5.059437600798402990e+00 0.000000000000000000e+00
5.096952119760477906e+00 0.000000000000000000e+00
5.134466638722554599e+00 0.000000000000000000e+00
5.171981157684629515e+00 0.000000000000000000e+00
5.209495676646706208e+00 0.000000000000000000e+00
5.247010195608781125e+00 0.000000000000000000e+00
5.284524714570857817e+00 0.000000000000000000e+00
5.322039233532932734e+00 0.000000000000000000e+00
5.359553752495009427e+00 0.000000000000000000e+00
5.397068271457086119e+00 0.000000000000000000e+00
5.434582790419161036e+00 0.000000000000000000e+00
5.472097309381237729e+00 0.000000000000000000e+00
5.509611828343312645e+00 0.000000000000000000e+00
5.547126347305389338e+00 0.000000000000000000e+00
5.584640866267464254e+00 0.000000000000000000e+00
5.622155385229540947e+00 0.000000000000000000e+00
5.659669904191615863e+00 0.000000000000000000e+00
5.697184423153692556e+00 0.000000000000000000e+00
5.734698942115767473e+00 0.000000000000000000e+00
5.772213461077844165e+00 0.000000000000000000e+00
5.809727980039919082e+00 0.000000000000000000e+00
5.847242499001995775e+00 0.000000000000000000e+00
5.884757017964070691e+00 0.000000000000000000e+00
5.922271536926147384e+00 0.000000000000000000e+00
5.959786055888222300e+00 0.000000000000000000e+00
5.997300574850298993e+00 0.000000000000000000e+00
6.034815093812373910e+00 0.000000000000000000e+00
6.072329612774450602e+00 0.000000000000000000e+00
6.109844131736525519e+00 0.000000000000000000e+00
6.147358650698602212e+00 0.000000000000000000e+00
6.184873169660678904e+00 0.000000000000000000e+00
6.222387688622753821e+00 0.000000000000000000e+00
6.259902207584830514e+00 0.000000000000000000e+00
6.297416726546905430e+00 0.000000000000000000e+00
6.334931245508982123e+00 0.000000000000000000e+00
6.372445764471057039e+00 0.000000000000000000e+00
6.409960283433133732e+00 0.000000000000000000e+00
6.447474802395208648e+00 0.000000000000000000e+00
6.484989321357285341e+00 0.000000000000000000e+00
6.522503840319360258e+00 0.000000000000000000e+00
6.560018359281436950e+00 0.000000000000000000e+00
6.597532878243511867e+00 0.000000000000000000e+00
6.635047397205588560e+00 0.000000000000000000e+00
6.672561916167663476e+00 0.000000000000000000e+00
6.710076435129740169e+00 0.000000000000000000e+00
6.747590954091815085e+00 0.000000000000000000e+00
6.785105473053891778e+00 0.000000000000000000e+00
6.822619992015966695e+00 0.000000000000000000e+00
6.860134510978043387e+00 0.000000000000000000e+00
6.897649029940118304e+00 0.000000000000000000e+00
6.935163548902194997e+00 0.000000000000000000e+00
6.972678067864271689e+00 0.000000000000000000e+00
7.010192586826346606e+00 0.000000000000000000e+00
7.047707105788423299e+00 0.000000000000000000e+00
7.085221624750498215e+00 0.000000000000000000e+00
7.122736143712574908e+00 0.000000000000000000e+00
7.160250662674649824e+00 0.000000000000000000e+00
7.197765181636726517e+00 0.000000000000000000e+00
7.235279700598801433e+00 0.000000000000000000e+00
7.272794219560878126e+00 0.000000000000000000e+00
7.310308738522953043e+00 0.000000000000000000e+00
7.347823257485029735e+00 0.000000000000000000e+00
7.385337776447104652e+00 0.000000000000000000e+00
7.422852295409181345e+00 0.000000000000000000e+00
7.460366814371256261e+00 0.000000000000000000e+00
7.497881333333332954e+00 0.000000000000000000e+00
7.535395852295407870e+00 0.000000000000000000e+00
7.572910371257484563e+00 0.000000000000000000e+00
7.610424890219559479e+00 0.000000000000000000e+00
7.647939409181636172e+00 0.000000000000000000e+00
7.685453928143711089e+00 0.000000000000000000e+00
7.722968447105787781e+00 0.000000000000000000e+00
7.760482966067862698e+00 0.000000000000000000e+00
7.797997485029939391e+00 0.000000000000000000e+00
7.835512003992016083e+00 0.000000000000000000e+00
7.873026522954091000e+00 0.000000000000000000e+00
7.910541041916167693e+00 0.000000000000000000e+00
7.948055560878242609e+00 0.000000000000000000e+00
7.985570079840319302e+00 0.000000000000000000e+00
8.023084598802395107e+00 0.000000000000000000e+00
8.060599117764471799e+00 0.000000000000000000e+00
8.098113636726544939e+00 0.000000000000000000e+00
8.135628155688621632e+00 0.000000000000000000e+00
8.173142674650698325e+00 0.000000000000000000e+00
8.210657193612775018e+00 0.000000000000000000e+00
8.248171712574848158e+00 0.000000000000000000e+00
8.285686231536924851e+00 0.000000000000000000e+00
8.323200750499001543e+00 0.000000000000000000e+00
8.360715269461078236e+00 0.000000000000000000e+00
8.398229788423151376e+00 0.000000000000000000e+00
8.435744307385228069e+00 0.000000000000000000e+00
8.473258826347304762e+00 0.000000000000000000e+00
8.510773345309381455e+00 0.000000000000000000e+00
8.548287864271454595e+00 0.000000000000000000e+00
8.585802383233531287e+00 0.000000000000000000e+00
8.623316902195607980e+00 0.000000000000000000e+00
8.660831421157684673e+00 0.000000000000000000e+00
8.698345940119761366e+00 0.000000000000000000e+00
8.735860459081834506e+00 0.000000000000000000e+00
8.773374978043911199e+00 0.000000000000000000e+00
8.810889497005987891e+00 0.000000000000000000e+00
8.848404015968064584e+00 0.000000000000000000e+00
8.885918534930137724e+00 0.000000000000000000e+00
8.923433053892214417e+00 0.000000000000000000e+00
8.960947572854291110e+00 0.000000000000000000e+00
8.998462091816367803e+00 0.000000000000000000e+00
9.035976610778440943e+00 0.000000000000000000e+00
9.073491129740517636e+00 0.000000000000000000e+00
9.111005648702594328e+00 0.000000000000000000e+00
9.148520167664671021e+00 0.000000000000000000e+00
9.186034686626744161e+00 0.000000000000000000e+00
9.223549205588820854e+00 0.000000000000000000e+00
9.261063724550897547e+00 0.000000000000000000e+00
9.298578243512974240e+00 0.000000000000000000e+00
9.336092762475047380e+00 0.000000000000000000e+00
9.373607281437124072e+00 0.000000000000000000e+00
9.411121800399200765e+00 0.000000000000000000e+00
9.448636319361277458e+00 0.000000000000000000e+00
9.486150838323354151e+00 0.000000000000000000e+00
9.523665357285427291e+00 0.000000000000000000e+00
9.561179876247503984e+00 0.000000000000000000e+00
9.598694395209580676e+00 0.000000000000000000e+00
9.636208914171657369e+00 0.000000000000000000e+00
9.673723433133730509e+00 0.000000000000000000e+00
9.711237952095807202e+00 0.000000000000000000e+00
9.748752471057883895e+00 0.000000000000000000e+00
9.786266990019960588e+00 0.000000000000000000e+00
9.823781508982033728e+00 0.000000000000000000e+00
9.861296027944110421e+00 0.000000000000000000e+00
9.898810546906187113e+00 0.000000000000000000e+00
9.936325065868263806e+00 0.000000000000000000e+00
9.973839584830336946e+00 0.000000000000000000e+00
1.001135410379241364e+01 0.000000000000000000e+00
1.004886862275449033e+01 0.000000000000000000e+00
1.008638314171656702e+01 0.000000000000000000e+00
1.012389766067864016e+01 0.000000000000000000e+00
1.016141217964071686e+01 0.000000000000000000e+00
1.019892669860279355e+01 0.000000000000000000e+00
1.023644121756487024e+01 0.000000000000000000e+00
1.027395573652694694e+01 0.000000000000000000e+00
1.031147025548902008e+01 0.000000000000000000e+00
1.034898477445109677e+01 0.000000000000000000e+00
1.038649929341317346e+01 0.000000000000000000e+00
1.042401381237525015e+01 0.000000000000000000e+00
1.046152833133732329e+01 0.000000000000000000e+00
1.049904285029939999e+01 0.000000000000000000e+00
1.053655736926147668e+01 0.000000000000000000e+00
1.057407188822355337e+01 0.000000000000000000e+00
1.061158640718562651e+01 0.000000000000000000e+00
1.064910092614770321e+01 0.000000000000000000e+00
1.068661544510977990e+01 0.000000000000000000e+00
1.072412996407185659e+01 0.000000000000000000e+00
1.076164448303392973e+01 0.000000000000000000e+00
1.079915900199600642e+01 0.000000000000000000e+00
1.083667352095808312e+01 0.000000000000000000e+00
1.087418803992015981e+01 0.000000000000000000e+00
1.091170255888223295e+01 0.000000000000000000e+00
1.094921707784430964e+01 0.000000000000000000e+00
1.098673159680638634e+01 0.000000000000000000e+00
1.102424611576846303e+01 0.000000000000000000e+00
1.106176063473053972e+01 0.000000000000000000e+00
1.109927515369261641e+01 0.000000000000000000e+00
1.113678967265468955e+01 0.000000000000000000e+00
1.117430419161676625e+01 0.000000000000000000e+00
1.121181871057884294e+01 0.000000000000000000e+00
1.124933322954091963e+01 0.000000000000000000e+00
1.128684774850299277e+01 0.000000000000000000e+00
1.132436226746506946e+01 0.000000000000000000e+00
1.136187678642714616e+01 0.000000000000000000e+00
1.139939130538922285e+01 0.000000000000000000e+00
1.143690582435129599e+01 0.000000000000000000e+00
1.147442034331337268e+01 0.000000000000000000e+00
1.151193486227544938e+01 0.000000000000000000e+00
1.154944938123752607e+01 0.000000000000000000e+00
1.158696390019959921e+01 0.000000000000000000e+00
1.162447841916167590e+01 0.000000000000000000e+00
1.166199293812375259e+01 0.000000000000000000e+00
1.169950745708582929e+01 0.000000000000000000e+00
1.173702197604790243e+01 0.000000000000000000e+00
1.177453649500997912e+01 0.000000000000000000e+00
1.181205101397205581e+01 0.000000000000000000e+00
1.184956553293413251e+01 0.000000000000000000e+00
1.188708005189620920e+01 0.000000000000000000e+00
1.192459457085828234e+01 0.000000000000000000e+00
1.196210908982035903e+01 0.000000000000000000e+00
1.199962360878243572e+01 0.000000000000000000e+00
1.203713812774451242e+01 0.000000000000000000e+00
1.207465264670658556e+01 0.000000000000000000e+00
1.211216716566866225e+01 0.000000000000000000e+00
1.214968168463073894e+01 0.000000000000000000e+00
1.218719620359281564e+01 0.000000000000000000e+00
1.222471072255488878e+01 0.000000000000000000e+00
1.226222524151696547e+01 0.000000000000000000e+00
1.229973976047904216e+01 0.000000000000000000e+00
1.233725427944111885e+01 0.000000000000000000e+00
1.237476879840319199e+01 0.000000000000000000e+00
1.241228331736526869e+01 0.000000000000000000e+00
1.244979783632734538e+01 0.000000000000000000e+00
1.248731235528942207e+01 0.000000000000000000e+00
1.252482687425149521e+01 0.000000000000000000e+00
1.256234139321357191e+01 0.000000000000000000e+00
1.259985591217564860e+01 0.000000000000000000e+00
1.263737043113772529e+01 0.000000000000000000e+00
1.267488495009980198e+01 0.000000000000000000e+00
1.271239946906187512e+01 0.000000000000000000e+00
1.274991398802395182e+01 0.000000000000000000e+00
1.278742850698602851e+01 0.000000000000000000e+00
1.282494302594810520e+01 0.000000000000000000e+00
1.286245754491017834e+01 0.000000000000000000e+00
1.289997206387225503e+01 0.000000000000000000e+00
1.293748658283433173e+01 0.000000000000000000e+00
1.297500110179640842e+01 0.000000000000000000e+00
1.301251562075848156e+01 0.000000000000000000e+00
1.305003013972055825e+01 0.000000000000000000e+00
1.308754465868263495e+01 0.000000000000000000e+00
1.312505917764471164e+01 0.000000000000000000e+00
1.316257369660678478e+01 0.000000000000000000e+00
1.320008821556886147e+01 0.000000000000000000e+00
1.323760273453093816e+01 0.000000000000000000e+00
1.327511725349301486e+01 0.000000000000000000e+00
1.331263177245508800e+01 0.000000000000000000e+00
1.335014629141716469e+01 0.000000000000000000e+00
1.338766081037924138e+01 0.000000000000000000e+00
1.342517532934131808e+01 0.000000000000000000e+00
1.346268984830339477e+01 0.000000000000000000e+00
1.350020436726546791e+01 0.000000000000000000e+00
1.353771888622754460e+01 0.000000000000000000e+00
1.357523340518962129e+01 0.000000000000000000e+00
1.361274792415169799e+01 0.000000000000000000e+00
1.365026244311377113e+01 0.000000000000000000e+00
1.368777696207584782e+01 0.000000000000000000e+00
1.372529148103792451e+01 0.000000000000000000e+00
1.376280600000000121e+01 0.000000000000000000e+00
1.380032051896207435e+01 0.000000000000000000e+00
1.383783503792415104e+01 0.000000000000000000e+00
1.387534955688622773e+01 0.000000000000000000e+00
1.391286407584830442e+01 0.000000000000000000e+00
1.395037859481037756e+01 0.000000000000000000e+00
1.398789311377245426e+01 0.000000000000000000e+00
1.402540763273453095e+01 0.000000000000000000e+00
1.406292215169660764e+01 0.000000000000000000e+00
1.410043667065868078e+01 0.000000000000000000e+00
1.413795118962075748e+01 0.000000000000000000e+00
1.417546570858283417e+01 0.000000000000000000e+00
1.421298022754491086e+01 0.000000000000000000e+00
1.425049474650698755e+01 0.000000000000000000e+00
1.428800926546906069e+01 0.000000000000000000e+00
1.432552378443113739e+01 0.000000000000000000e+00
1.436303830339321408e+01 0.000000000000000000e+00
1.440055282235529077e+01 0.000000000000000000e+00
1.443806734131736391e+01 0.000000000000000000e+00
1.447558186027944060e+01 0.000000000000000000e+00
1.451309637924151730e+01 0.000000000000000000e+00
1.455061089820359399e+01 0.000000000000000000e+00
1.458812541716566713e+01 0.000000000000000000e+00
1.462563993612774382e+01 0.000000000000000000e+00
1.466315445508982052e+01 0.000000000000000000e+00
1.470066897405189721e+01 0.000000000000000000e+00
1.473818349301397035e+01 0.000000000000000000e+00
1.477569801197604704e+01 0.000000000000000000e+00
1.481321253093812373e+01 0.000000000000000000e+00
1.485072704990020043e+01 0.000000000000000000e+00
1.488824156886227357e+01 0.000000000000000000e+00
1.492575608782435026e+01 0.000000000000000000e+00
1.496327060678642695e+01 0.000000000000000000e+00
1.500078512574850365e+01 0.000000000000000000e+00
1.503829964471058034e+01 0.000000000000000000e+00
1.507581416367265348e+01 0.000000000000000000e+00
1.511332868263473017e+01 0.000000000000000000e+00
1.515084320159680686e+01 0.000000000000000000e+00
1.518835772055888356e+01 0.000000000000000000e+00
1.522587223952095670e+01 0.000000000000000000e+00
1.526338675848303339e+01 0.000000000000000000e+00
1.530090127744511008e+01 0.000000000000000000e+00
1.533841579640718678e+01 0.000000000000000000e+00
1.537593031536925992e+01 0.000000000000000000e+00
1.541344483433133661e+01 0.000000000000000000e+00
1.545095935329341330e+01 0.000000000000000000e+00
1.548847387225548999e+01 0.000000000000000000e+00
1.552598839121756313e+01 0.000000000000000000e+00
1.556350291017963983e+01 0.000000000000000000e+00
1.560101742914171652e+01 0.000000000000000000e+00
1.563853194810379321e+01 0.000000000000000000e+00
1.567604646706586635e+01 0.000000000000000000e+00
1.571356098602794304e+01 0.000000000000000000e+00
1.575107550499001974e+01 0.000000000000000000e+00
1.578859002395209643e+01 0.000000000000000000e+00
1.582610454291417312e+01 0.000000000000000000e+00
1.586361906187624626e+01 0.000000000000000000e+00
1.590113358083832296e+01 0.000000000000000000e+00
1.593864809980039965e+01 0.000000000000000000e+00
1.597616261876247634e+01 0.000000000000000000e+00
1.601367713772454948e+01 0.000000000000000000e+00
1.605119165668662617e+01 0.000000000000000000e+00
1.608870617564870287e+01 0.000000000000000000e+00
1.612622069461077956e+01 0.000000000000000000e+00
1.616373521357285270e+01 0.000000000000000000e+00
1.620124973253492939e+01 0.000000000000000000e+00
1.623876425149700609e+01 0.000000000000000000e+00
1.627627877045908278e+01 0.000000000000000000e+00
1.631379328942115592e+01 0.000000000000000000e+00
1.635130780838323261e+01 0.000000000000000000e+00
1.638882232734530930e+01 0.000000000000000000e+00
1.642633684630738600e+01 0.000000000000000000e+00
1.646385136526945914e+01 0.000000000000000000e+00
1.650136588423153583e+01 0.000000000000000000e+00
1.653888040319361252e+01 0.000000000000000000e+00
1.657639492215568922e+01 0.000000000000000000e+00
1.661390944111776591e+01 0.000000000000000000e+00
1.665142396007983905e+01 0.000000000000000000e+00
1.668893847904191574e+01 0.000000000000000000e+00
1.672645299800399243e+01 0.000000000000000000e+00
1.676396751696606913e+01 0.000000000000000000e+00
1.680148203592814227e+01 0.000000000000000000e+00
1.683899655489021896e+01 0.000000000000000000e+00
1.687651107385229565e+01 0.000000000000000000e+00
1.691402559281437235e+01 0.000000000000000000e+00
1.695154011177644549e+01 0.000000000000000000e+00
1.698905463073852218e+01 0.000000000000000000e+00
1.702656914970059887e+01 0.000000000000000000e+00
1.706408366866267556e+01 0.000000000000000000e+00
1.710159818762474870e+01 0.000000000000000000e+00
1.713911270658682540e+01 0.000000000000000000e+00
1.717662722554890209e+01 0.000000000000000000e+00
1.721414174451097878e+01 0.000000000000000000e+00
1.725165626347305192e+01 0.000000000000000000e+00
1.728917078243512861e+01 0.000000000000000000e+00
1.732668530139720531e+01 0.000000000000000000e+00
1.736419982035928200e+01 0.000000000000000000e+00
1.740171433932135869e+01 0.000000000000000000e+00
1.743922885828343183e+01 0.000000000000000000e+00
1.747674337724550853e+01 0.000000000000000000e+00
1.751425789620758522e+01 0.000000000000000000e+00
1.755177241516966191e+01 0.000000000000000000e+00
1.758928693413173505e+01 0.000000000000000000e+00
1.762680145309381174e+01 0.000000000000000000e+00
1.766431597205588844e+01 0.000000000000000000e+00
1.770183049101796513e+01 0.000000000000000000e+00
1.773934500998003827e+01 0.000000000000000000e+00
1.777685952894211496e+01 0.000000000000000000e+00
1.781437404790419166e+01 0.000000000000000000e+00
1.785188856686626835e+01 0.000000000000000000e+00
1.788940308582834149e+01 0.000000000000000000e+00
1.792691760479041818e+01 0.000000000000000000e+00
1.796443212375249487e+01 0.000000000000000000e+00
1.800194664271457157e+01 0.000000000000000000e+00
1.803946116167664471e+01 0.000000000000000000e+00
1.807697568063872140e+01 0.000000000000000000e+00
1.811449019960079809e+01 0.000000000000000000e+00
1.815200471856287479e+01 0.000000000000000000e+00
1.818951923752495148e+01 0.000000000000000000e+00
1.822703375648702462e+01 0.000000000000000000e+00
1.826454827544910131e+01 0.000000000000000000e+00
1.830206279441117800e+01 0.000000000000000000e+00
1.833957731337325470e+01 0.000000000000000000e+00
1.837709183233532784e+01 0.000000000000000000e+00
1.841460635129740453e+01 0.000000000000000000e+00
1.845212087025948122e+01 0.000000000000000000e+00
1.848963538922155792e+01 0.000000000000000000e+00
1.852714990818363106e+01 0.000000000000000000e+00
1.856466442714570775e+01 0.000000000000000000e+00
1.860217894610778444e+01 0.000000000000000000e+00
1.863969346506986113e+01 0.000000000000000000e+00
1.867720798403193427e+01 0.000000000000000000e+00
1.871472250299401097e+01 0.000000000000000000e+00
1.875223702195608766e+01 0.000000000000000000e+00
1.878975154091816435e+01 0.000000000000000000e+00
1.882726605988023749e+01 0.000000000000000000e+00
1.886478057884231418e+01 0.000000000000000000e+00
1.890229509780439088e+01 0.000000000000000000e+00
1.893980961676646757e+01 0.000000000000000000e+00
1.897732413572854426e+01 0.000000000000000000e+00
1.901483865469061740e+01 0.000000000000000000e+00
1.905235317365269410e+01 0.000000000000000000e+00
1.908986769261477079e+01 0.000000000000000000e+00
1.912738221157684748e+01 0.000000000000000000e+00
1.916489673053892062e+01 0.000000000000000000e+00
1.920241124950099731e+01 0.000000000000000000e+00
1.923992576846307401e+01 0.000000000000000000e+00
1.927744028742515070e+01 0.000000000000000000e+00
1.931495480638722384e+01 0.000000000000000000e+00
1.935246932534930053e+01 0.000000000000000000e+00
1.938998384431137723e+01 0.000000000000000000e+00
1.942749836327345392e+01 0.000000000000000000e+00
1.946501288223552706e+01 0.000000000000000000e+00
1.950252740119760375e+01 0.000000000000000000e+00
1.954004192015968044e+01 0.000000000000000000e+00
1.957755643912175714e+01 0.000000000000000000e+00
1.961507095808383028e+01 0.000000000000000000e+00
1.965258547704590697e+01 0.000000000000000000e+00
1.969009999600798366e+01 0.000000000000000000e+00
1.972761451497006036e+01 0.000000000000000000e+00
1.976512903393213350e+01 0.000000000000000000e+00
1.980264355289421019e+01 0.000000000000000000e+00
1.984015807185628688e+01 0.000000000000000000e+00
1.987767259081836357e+01 0.000000000000000000e+00
1.991518710978044027e+01 0.000000000000000000e+00
1.995270162874251341e+01 0.000000000000000000e+00
1.999021614770459010e+01 0.000000000000000000e+00
2.002773066666666679e+01 0.000000000000000000e+00
2.006524518562874349e+01 0.000000000000000000e+00
2.010275970459081663e+01 0.000000000000000000e+00
2.014027422355289332e+01 0.000000000000000000e+00
2.017778874251497001e+01 0.000000000000000000e+00
2.021530326147704670e+01 0.000000000000000000e+00
2.025281778043911984e+01 0.000000000000000000e+00
2.029033229940119654e+01 0.000000000000000000e+00
2.032784681836327323e+01 0.000000000000000000e+00
2.036536133732534992e+01 0.000000000000000000e+00
2.040287585628742306e+01 0.000000000000000000e+00
2.044039037524949975e+01 0.000000000000000000e+00
2.047790489421157645e+01 0.000000000000000000e+00
2.051541941317365314e+01 0.000000000000000000e+00
2.055293393213572628e+01 0.000000000000000000e+00
2.059044845109780297e+01 0.000000000000000000e+00
2.062796297005987967e+01 0.000000000000000000e+00
2.066547748902195636e+01 0.000000000000000000e+00
2.070299200798403305e+01 0.000000000000000000e+00
2.074050652694610619e+01 0.000000000000000000e+00
2.077802104590818288e+01 0.000000000000000000e+00
2.081553556487025958e+01 0.000000000000000000e+00
2.085305008383233627e+01 0.000000000000000000e+00
2.089056460279440941e+01 0.000000000000000000e+00
2.092807912175648610e+01 0.000000000000000000e+00
2.096559364071856280e+01 0.000000000000000000e+00
2.100310815968063949e+01 0.000000000000000000e+00
2.104062267864271263e+01 0.000000000000000000e+00
2.107813719760478932e+01 0.000000000000000000e+00
2.111565171656686601e+01 0.000000000000000000e+00
2.115316623552894271e+01 0.000000000000000000e+00
2.119068075449101585e+01 0.000000000000000000e+00
2.122819527345309254e+01 0.000000000000000000e+00
2.126570979241516923e+01 0.000000000000000000e+00
2.130322431137724593e+01 0.000000000000000000e+00
2.134073883033931907e+01 0.000000000000000000e+00
2.137825334930139576e+01 0.000000000000000000e+00
2.141576786826347245e+01 0.000000000000000000e+00
2.145328238722554914e+01 0.000000000000000000e+00
2.149079690618762584e+01 0.000000000000000000e+00
2.152831142514969898e+01 0.000000000000000000e+00
2.156582594411177567e+01 0.000000000000000000e+00
2.160334046307385236e+01 0.000000000000000000e+00
2.164085498203592905e+01 0.000000000000000000e+00
2.167836950099800220e+01 0.000000000000000000e+00
2.171588401996007889e+01 0.000000000000000000e+00
2.175339853892215558e+01 0.000000000000000000e+00
2.179091305788423227e+01 0.000000000000000000e+00
2.182842757684630541e+01 0.000000000000000000e+00
2.186594209580838211e+01 0.000000000000000000e+00
2.190345661477045880e+01 0.000000000000000000e+00
2.194097113373253549e+01 0.000000000000000000e+00
2.197848565269460863e+01 0.000000000000000000e+00
2.201600017165668532e+01 0.000000000000000000e+00
2.205351469061876202e+01 0.000000000000000000e+00
2.209102920958083871e+01 0.000000000000000000e+00
2.212854372854291185e+01 0.000000000000000000e+00
2.216605824750498854e+01 0.000000000000000000e+00
2.220357276646706524e+01 0.000000000000000000e+00
2.224108728542914193e+01 0.000000000000000000e+00
2.227860180439121862e+01 0.000000000000000000e+00
2.231611632335329176e+01 0.000000000000000000e+00
2.235363084231536845e+01 0.000000000000000000e+00
2.239114536127744515e+01 0.000000000000000000e+00
2.242865988023952184e+01 0.000000000000000000e+00
2.246617439920159498e+01 0.000000000000000000e+00
2.250368891816367167e+01 0.000000000000000000e+00
2.254120343712574837e+01 0.000000000000000000e+00
2.257871795608782506e+01 0.000000000000000000e+00
2.261623247504989820e+01 0.000000000000000000e+00
2.265374699401197489e+01 0.000000000000000000e+00
2.269126151297405158e+01 0.000000000000000000e+00
2.272877603193612828e+01 0.000000000000000000e+00
2.276629055089820142e+01 0.000000000000000000e+00
2.280380506986027811e+01 0.000000000000000000e+00
2.284131958882235480e+01 0.000000000000000000e+00
2.287883410778443150e+01 0.000000000000000000e+00
2.291634862674650464e+01 0.000000000000000000e+00
2.295386314570858133e+01 0.000000000000000000e+00
2.299137766467065802e+01 0.000000000000000000e+00
2.302889218363273471e+01 0.000000000000000000e+00
2.306640670259481141e+01 0.000000000000000000e+00
2.310392122155688455e+01 0.000000000000000000e+00
2.314143574051896124e+01 0.000000000000000000e+00
2.317895025948103793e+01 0.000000000000000000e+00
2.321646477844311462e+01 0.000000000000000000e+00
2.325397929740518776e+01 0.000000000000000000e+00
2.329149381636726446e+01 0.000000000000000000e+00
2.332900833532934115e+01 0.000000000000000000e+00
2.336652285429141784e+01 0.000000000000000000e+00
2.340403737325349098e+01 0.000000000000000000e+00
2.344155189221556768e+01 0.000000000000000000e+00
2.347906641117764437e+01 0.000000000000000000e+00
2.351658093013972106e+01 0.000000000000000000e+00
2.355409544910179420e+01 0.000000000000000000e+00
2.359160996806387089e+01 0.000000000000000000e+00
2.362912448702594759e+01 0.000000000000000000e+00
2.366663900598802428e+01 0.000000000000000000e+00
2.370415352495009742e+01 0.000000000000000000e+00
2.374166804391217411e+01 0.000000000000000000e+00
2.377918256287425081e+01 0.000000000000000000e+00
2.381669708183632750e+01 0.000000000000000000e+00
2.385421160079840419e+01 0.000000000000000000e+00
2.389172611976047733e+01 0.000000000000000000e+00
2.392924063872255402e+01 0.000000000000000000e+00
2.396675515768463072e+01 0.000000000000000000e+00
2.400426967664670741e+01 0.000000000000000000e+00
2.404178419560878055e+01 0.000000000000000000e+00
2.407929871457085724e+01 0.000000000000000000e+00
2.411681323353293394e+01 0.000000000000000000e+00
2.415432775249501063e+01 0.000000000000000000e+00
2.419184227145708377e+01 0.000000000000000000e+00
2.422935679041916046e+01 0.000000000000000000e+00
2.426687130938123715e+01 0.000000000000000000e+00
2.430438582834331385e+01 0.000000000000000000e+00
2.434190034730538699e+01 0.000000000000000000e+00
2.437941486626746368e+01 0.000000000000000000e+00
2.441692938522954037e+01 0.000000000000000000e+00
2.445444390419161707e+01 0.000000000000000000e+00
2.449195842315369021e+01 0.000000000000000000e+00
2.452947294211576690e+01 0.000000000000000000e+00
2.456698746107784359e+01 0.000000000000000000e+00
2.460450198003992028e+01 0.000000000000000000e+00
2.464201649900199698e+01 0.000000000000000000e+00
2.467953101796407012e+01 0.000000000000000000e+00
2.471704553692614681e+01 0.000000000000000000e+00
2.475456005588822350e+01 0.000000000000000000e+00
2.479207457485030019e+01 0.000000000000000000e+00
2.482958909381237333e+01 0.000000000000000000e+00
2.486710361277445003e+01 0.000000000000000000e+00
2.490461813173652672e+01 0.000000000000000000e+00
2.494213265069860341e+01 0.000000000000000000e+00
2.497964716966067655e+01 0.000000000000000000e+00
2.501716168862275325e+01 0.000000000000000000e+00
2.505467620758482994e+01 0.000000000000000000e+00
2.509219072654690663e+01 0.000000000000000000e+00
2.512970524550897977e+01 0.000000000000000000e+00
2.516721976447105646e+01 0.000000000000000000e+00
2.520473428343313316e+01 0.000000000000000000e+00
2.524224880239520985e+01 0.000000000000000000e+00
2.527976332135728299e+01 0.000000000000000000e+00
2.531727784031935968e+01 0.000000000000000000e+00
2.535479235928143638e+01 0.000000000000000000e+00
2.539230687824351307e+01 0.000000000000000000e+00
2.542982139720558976e+01 0.000000000000000000e+00
2.546733591616766290e+01 0.000000000000000000e+00
2.550485043512973959e+01 0.000000000000000000e+00
2.554236495409181629e+01 0.000000000000000000e+00
2.557987947305389298e+01 0.000000000000000000e+00
2.561739399201596612e+01 0.000000000000000000e+00
2.565490851097804281e+01 0.000000000000000000e+00
2.569242302994011951e+01 0.000000000000000000e+00
2.572993754890219620e+01 0.000000000000000000e+00
2.576745206786426934e+01 0.000000000000000000e+00
2.580496658682634603e+01 0.000000000000000000e+00
2.584248110578842272e+01 0.000000000000000000e+00
2.587999562475049942e+01 0.000000000000000000e+00
2.591751014371257256e+01 0.000000000000000000e+00
2.595502466267464925e+01 0.000000000000000000e+00
2.599253918163672594e+01 0.000000000000000000e+00
2.603005370059880264e+01 0.000000000000000000e+00
2.606756821956087578e+01 0.000000000000000000e+00
2.610508273852295247e+01 0.000000000000000000e+00
2.614259725748502916e+01 0.000000000000000000e+00
2.618011177644710585e+01 0.000000000000000000e+00
2.621762629540918255e+01 0.000000000000000000e+00
2.625514081437125569e+01 0.000000000000000000e+00
2.629265533333333238e+01 0.000000000000000000e+00
2.633016985229540907e+01 0.000000000000000000e+00
2.636768437125748576e+01 0.000000000000000000e+00
2.640519889021955890e+01 0.000000000000000000e+00
2.644271340918163560e+01 0.000000000000000000e+00
2.648022792814371229e+01 0.000000000000000000e+00
2.651774244710578898e+01 0.000000000000000000e+00
2.655525696606786212e+01 0.000000000000000000e+00
2.659277148502993882e+01 0.000000000000000000e+00
2.663028600399201551e+01 0.000000000000000000e+00
2.666780052295409220e+01 0.000000000000000000e+00
2.670531504191616534e+01 0.000000000000000000e+00
2.674282956087824203e+01 0.000000000000000000e+00
2.678034407984031873e+01 0.000000000000000000e+00
2.681785859880239542e+01 0.000000000000000000e+00
2.685537311776446856e+01 0.000000000000000000e+00
2.689288763672654525e+01 0.000000000000000000e+00
2.693040215568862195e+01 0.000000000000000000e+00
2.696791667465069864e+01 0.000000000000000000e+00
2.700543119361277178e+01 0.000000000000000000e+00
2.704294571257484847e+01 0.000000000000000000e+00
2.708046023153692516e+01 0.000000000000000000e+00
2.711797475049900186e+01 0.000000000000000000e+00
2.715548926946107855e+01 0.000000000000000000e+00
2.719300378842315524e+01 0.000000000000000000e+00
2.723051830738523194e+01 0.000000000000000000e+00
2.726803282634730152e+01 0.000000000000000000e+00
2.730554734530937822e+01 0.000000000000000000e+00
2.734306186427145491e+01 0.000000000000000000e+00
2.738057638323353160e+01 0.000000000000000000e+00
2.741809090219560829e+01 0.000000000000000000e+00
2.745560542115768499e+01 0.000000000000000000e+00
2.749311994011976168e+01 0.000000000000000000e+00
2.753063445908183837e+01 0.000000000000000000e+00
2.756814897804390796e+01 0.000000000000000000e+00
2.760566349700598465e+01 0.000000000000000000e+00
2.764317801596806135e+01 0.000000000000000000e+00
2.768069253493013804e+01 0.000000000000000000e+00
2.771820705389221473e+01 0.000000000000000000e+00
2.775572157285429142e+01 0.000000000000000000e+00
2.779323609181636812e+01 0.000000000000000000e+00
2.783075061077844481e+01 0.000000000000000000e+00
2.786826512974052150e+01 0.000000000000000000e+00
2.790577964870259109e+01 0.000000000000000000e+00
2.794329416766466778e+01 0.000000000000000000e+00
2.798080868662674447e+01 0.000000000000000000e+00
2.801832320558882117e+01 0.000000000000000000e+00
2.805583772455089786e+01 0.000000000000000000e+00
2.809335224351297455e+01 0.000000000000000000e+00
2.813086676247505125e+01 0.000000000000000000e+00
2.816838128143712794e+01 0.000000000000000000e+00
2.820589580039919753e+01 0.000000000000000000e+00
2.824341031936127422e+01 0.000000000000000000e+00
2.828092483832335091e+01 0.000000000000000000e+00
2.831843935728542760e+01 0.000000000000000000e+00
2.835595387624750430e+01 0.000000000000000000e+00
2.839346839520958099e+01 0.000000000000000000e+00
2.843098291417165768e+01 0.000000000000000000e+00
2.846849743313373438e+01 0.000000000000000000e+00
2.850601195209580396e+01 0.000000000000000000e+00
2.854352647105788066e+01 0.000000000000000000e+00
2.858104099001995735e+01 0.000000000000000000e+00
2.861855550898203404e+01 0.000000000000000000e+00
2.865607002794411073e+01 0.000000000000000000e+00
2.869358454690618743e+01 0.000000000000000000e+00
2.873109906586826412e+01 0.000000000000000000e+00
2.876861358483034081e+01 0.000000000000000000e+00
2.880612810379241751e+01 0.000000000000000000e+00
2.884364262275448709e+01 0.000000000000000000e+00
2.888115714171656379e+01 0.000000000000000000e+00
2.891867166067864048e+01 0.000000000000000000e+00
2.895618617964071717e+01 0.000000000000000000e+00
2.899370069860279386e+01 0.000000000000000000e+00
2.903121521756487056e+01 0.000000000000000000e+00
2.906872973652694725e+01 0.000000000000000000e+00
2.910624425548902394e+01 0.000000000000000000e+00
2.914375877445109353e+01 0.000000000000000000e+00
2.918127329341317022e+01 0.000000000000000000e+00
2.921878781237524692e+01 0.000000000000000000e+00
2.925630233133732361e+01 0.000000000000000000e+00
2.929381685029940030e+01 0.000000000000000000e+00
2.933133136926147699e+01 0.000000000000000000e+00
2.936884588822355369e+01 0.000000000000000000e+00
2.940636040718563038e+01 0.000000000000000000e+00
2.944387492614770707e+01 0.000000000000000000e+00
2.948138944510977666e+01 0.000000000000000000e+00
2.951890396407185335e+01 0.000000000000000000e+00
2.955641848303393004e+01 0.000000000000000000e+00
2.959393300199600674e+01 0.000000000000000000e+00
2.963144752095808343e+01 0.000000000000000000e+00
2.966896203992016012e+01 0.000000000000000000e+00
2.970647655888223682e+01 0.000000000000000000e+00
2.974399107784431351e+01 0.000000000000000000e+00
2.978150559680638310e+01 0.000000000000000000e+00
2.981902011576845979e+01 0.000000000000000000e+00
2.985653463473053648e+01 0.000000000000000000e+00
2.989404915369261317e+01 0.000000000000000000e+00
2.993156367265468987e+01 0.000000000000000000e+00
2.996907819161676656e+01 0.000000000000000000e+00
3.000659271057884325e+01 0.000000000000000000e+00
3.004410722954091995e+01 0.000000000000000000e+00
3.008162174850298953e+01 0.000000000000000000e+00
3.011913626746506623e+01 0.000000000000000000e+00
3.015665078642714292e+01 0.000000000000000000e+00
3.019416530538921961e+01 0.000000000000000000e+00
3.023167982435129630e+01 0.000000000000000000e+00
3.026919434331337300e+01 0.000000000000000000e+00
3.030670886227544969e+01 0.000000000000000000e+00
3.034422338123752638e+01 0.000000000000000000e+00
3.038173790019960308e+01 0.000000000000000000e+00
3.041925241916167266e+01 0.000000000000000000e+00
3.045676693812374936e+01 0.000000000000000000e+00
3.049428145708582605e+01 0.000000000000000000e+00
3.053179597604790274e+01 0.000000000000000000e+00
3.056931049500997943e+01 0.000000000000000000e+00
3.060682501397205613e+01 0.000000000000000000e+00
3.064433953293413282e+01 0.000000000000000000e+00
3.068185405189620951e+01 0.000000000000000000e+00
3.071936857085827910e+01 0.000000000000000000e+00
3.075688308982035579e+01 0.000000000000000000e+00
3.079439760878243248e+01 0.000000000000000000e+00
3.083191212774450918e+01 0.000000000000000000e+00
3.086942664670658587e+01 0.000000000000000000e+00
3.090694116566866256e+01 0.000000000000000000e+00
3.094445568463073926e+01 0.000000000000000000e+00
3.098197020359281595e+01 0.000000000000000000e+00
3.101948472255489264e+01 0.000000000000000000e+00
3.105699924151696223e+01 0.000000000000000000e+00
3.109451376047903892e+01 0.000000000000000000e+00
3.113202827944111561e+01 0.000000000000000000e+00
3.116954279840319231e+01 0.000000000000000000e+00
3.120705731736526900e+01 0.000000000000000000e+00
3.124457183632734569e+01 0.000000000000000000e+00
3.128208635528942239e+01 0.000000000000000000e+00
3.131960087425149908e+01 0.000000000000000000e+00
3.135711539321356867e+01 0.000000000000000000e+00
3.139462991217564536e+01 0.000000000000000000e+00
3.143214443113772205e+01 0.000000000000000000e+00
3.146965895009979874e+01 0.000000000000000000e+00
3.150717346906187544e+01 0.000000000000000000e+00
3.154468798802395213e+01 0.000000000000000000e+00
3.158220250698602882e+01 0.000000000000000000e+00
3.161971702594810552e+01 0.000000000000000000e+00
3.165723154491017510e+01 0.000000000000000000e+00
3.169474606387225180e+01 0.000000000000000000e+00
3.173226058283432849e+01 0.000000000000000000e+00
3.176977510179640518e+01 0.000000000000000000e+00
3.180728962075848187e+01 0.000000000000000000e+00
3.184480413972055857e+01 0.000000000000000000e+00
3.188231865868263526e+01 0.000000000000000000e+00
3.191983317764471195e+01 0.000000000000000000e+00
3.195734769660678865e+01 0.000000000000000000e+00
3.199486221556885823e+01 0.000000000000000000e+00
3.203237673453093493e+01 0.000000000000000000e+00
3.206989125349301162e+01 0.000000000000000000e+00
3.210740577245508831e+01 0.000000000000000000e+00
3.214492029141716500e+01 0.000000000000000000e+00
3.218243481037924170e+01 0.000000000000000000e+00
3.221994932934131839e+01 0.000000000000000000e+00
3.225746384830339508e+01 0.000000000000000000e+00
3.229497836726546467e+01 0.000000000000000000e+00
3.233249288622754136e+01 0.000000000000000000e+00
3.237000740518961805e+01 0.000000000000000000e+00
3.240752192415169475e+01 0.000000000000000000e+00
3.244503644311377144e+01 0.000000000000000000e+00
3.248255096207584813e+01 0.000000000000000000e+00
3.252006548103792483e+01 0.000000000000000000e+00
